TITLE = "B00080"
VARIABLES = "x", "y", "Vx", "Vy", "isValid"
ZONE T="Frame 0", I=25, J=25, F=POINT
-35.0547683239 35.2574698925 0 -0 0
-31.8127043247 35.2574698925 0 -0 0
-28.5706403255 35.2574698925 0 -0 0
-25.3285763264 35.2574698925 0 -0 0
-22.0865123272 35.2574698925 0 -0 0
-18.844448328 35.2574698925 0 -0 0
-15.6023843288 35.2574698925 0 -0 0
-12.3603203297 35.2574698925 0 -0 0
-9.1182563305 35.2574698925 0 -0 0
-5.8761923313 35.2574698925 0 -0 0
-2.6341283321 35.2574698925 0 -0 0
0.607935667 35.2574698925 0 -0 0
3.8499996662 35.2574698925 0 -0 0
7.0920636654 35.2574698925 0 -0 0
10.3341276646 35.2574698925 0 -0 0
13.5761916637 35.2574698925 0 -0 0
16.8182556629 35.2574698925 0 -0 0
20.0603196621 35.2574698925 0 -0 0
23.3023836613 35.2574698925 0 -0 0
26.5444476604 35.2574698925 0 -0 0
29.7865116596 35.2574698925 0 -0 0
33.0285756588 35.2574698925 0 -0 0
36.270639658 35.2574698925 0 -0 0
39.5127036572 35.2574698925 0 -0 0
42.7547676563 35.2574698925 0 -0 0
-35.0547683239 32.0154058933 0 -0 0
-31.8127043247 32.0154058933 0 -0 0
-28.5706403255 32.0154058933 0 -0 0
-25.3285763264 32.0154058933 0 -0 0
-22.0865123272 32.0154058933 0 -0 0
-18.844448328 32.0154058933 0 -0 0
-15.6023843288 32.0154058933 0 -0 0
-12.3603203297 32.0154058933 0 -0 0
-9.1182563305 32.0154058933 0 -0 0
-5.8761923313 32.0154058933 0 -0 0
-2.6341283321 32.0154058933 0 -0 0
0.607935667 32.0154058933 0 -0 0
3.8499996662 32.0154058933 0 -0 0
7.0920636654 32.0154058933 0 -0 0
10.3341276646 32.0154058933 0 -0 0
13.5761916637 32.0154058933 0 -0 0
16.8182556629 32.0154058933 0 -0 0
20.0603196621 32.0154058933 0 -0 0
23.3023836613 32.0154058933 0 -0 0
26.5444476604 32.0154058933 0 -0 0
29.7865116596 32.0154058933 0 -0 0
33.0285756588 32.0154058933 0 -0 0
36.270639658 32.0154058933 0 -0 0
39.5127036572 32.0154058933 0 -0 0
42.7547676563 32.0154058933 0 -0 0
-35.0547683239 28.7733418941 0 -0 0
-31.8127043247 28.7733418941 0 -0 0
-28.5706403255 28.7733418941 0 -0 0
-25.3285763264 28.7733418941 0 -0 0
-22.0865123272 28.7733418941 0 -0 0
-18.844448328 28.7733418941 0 -0 0
-15.6023843288 28.7733418941 0 -0 0
-12.3603203297 28.7733418941 0 -0 0
-9.1182563305 28.7733418941 0 -0 0
-5.8761923313 28.7733418941 0 -0 0
-2.6341283321 28.7733418941 0 -0 0
0.607935667 28.7733418941 0 -0 0
3.8499996662 28.7733418941 0 -0 0
7.0920636654 28.7733418941 0 -0 0
10.3341276646 28.7733418941 0 -0 0
13.5761916637 28.7733418941 0 -0 0
16.8182556629 28.7733418941 0 -0 0
20.0603196621 28.7733418941 0 -0 0
23.3023836613 28.7733418941 0 -0 0
26.5444476604 28.7733418941 0 -0 0
29.7865116596 28.7733418941 0 -0 0
33.0285756588 28.7733418941 0 -0 0
36.270639658 28.7733418941 0 -0 0
39.5127036572 28.7733418941 0 -0 0
42.7547676563 28.7733418941 0 -0 0
-35.0547683239 25.531277895 0 -0 0
-31.8127043247 25.531277895 0 -0 0
-28.5706403255 25.531277895 0 -0 0
-25.3285763264 25.531277895 0 -0 0
-22.0865123272 25.531277895 0 -0 0
-18.844448328 25.531277895 0 -0 0
-15.6023843288 25.531277895 0 -0 0
-12.3603203297 25.531277895 0 -0 0
-9.1182563305 25.531277895 4.6026030247 3.1116550261 1
-5.8761923313 25.531277895 4.1988490881 2.4645191974 1
-2.6341283321 25.531277895 2.9913618392 1.3529875048 1
0.607935667 25.531277895 2.4631320816 0.0374181064 1
3.8499996662 25.531277895 2.9403003404 -0.252724127 1
7.0920636654 25.531277895 4.1082864952 0.0838021022 1
10.3341276646 25.531277895 4.4775065647 0.2683933789 1
13.5761916637 25.531277895 3.7536214785 0.243569284 1
16.8182556629 25.531277895 2.6249464971 -0.1379823468 1
20.0603196621 25.531277895 0 -0 0
23.3023836613 25.531277895 0 -0 0
26.5444476604 25.531277895 0 -0 0
29.7865116596 25.531277895 0 -0 0
33.0285756588 25.531277895 0 -0 0
36.270639658 25.531277895 0 -0 0
39.5127036572 25.531277895 0 -0 0
42.7547676563 25.531277895 0 -0 0
-35.0547683239 22.2892138958 0 -0 0
-31.8127043247 22.2892138958 0 -0 0
-28.5706403255 22.2892138958 0 -0 0
-25.3285763264 22.2892138958 0 -0 0
-22.0865123272 22.2892138958 0 -0 0
-18.844448328 22.2892138958 0 -0 0
-15.6023843288 22.2892138958 3.0064806154 2.1085194517 1
-12.3603203297 22.2892138958 3.5497520033 2.6268762003 1
-9.1182563305 22.2892138958 3.7828535684 3.4960802269 1
-5.8761923313 22.2892138958 3.4404817667 3.5019327441 1
-2.6341283321 22.2892138958 2.905813274 1.9295541989 1
0.607935667 22.2892138958 3.0019125541 -0.404341853 1
3.8499996662 22.2892138958 3.6492046372 -1.0600507981 1
7.0920636654 22.2892138958 4.3752150841 -0.1905495675 1
10.3341276646 22.2892138958 4.3045380057 0.7815611251 1
13.5761916637 22.2892138958 3.5184570544 0.8491228545 1
16.8182556629 22.2892138958 2.6818279035 0.0818938368 1
20.0603196621 22.2892138958 2.2188078326 -0.1893353506 1
23.3023836613 22.2892138958 0 -0 0
26.5444476604 22.2892138958 0 -0 0
29.7865116596 22.2892138958 0 -0 0
33.0285756588 22.2892138958 0 -0 0
36.270639658 22.2892138958 0 -0 0
39.5127036572 22.2892138958 0 -0 0
42.7547676563 22.2892138958 0 -0 0
-35.0547683239 19.0471498966 0 -0 0
-31.8127043247 19.0471498966 0 -0 0
-28.5706403255 19.0471498966 0 -0 0
-25.3285763264 19.0471498966 0 -0 0
-22.0865123272 19.0471498966 0 -0 0
-18.844448328 19.0471498966 2.7142415428 2.1847102698 1
-15.6023843288 19.0471498966 3.2828825948 2.0725533288 1
-12.3603203297 19.0471498966 3.645084354 3.0998796396 1
-9.1182563305 19.0471498966 3.7318391723 4.35071199 1
-5.8761923313 19.0471498966 3.4756989257 4.451839791 1
-2.6341283321 19.0471498966 3.3627362558 2.2823047604 1
0.607935667 19.0471498966 3.6922870503 -0.6599173573 1
3.8499996662 19.0471498966 3.8436556752 -1.667638279 1
7.0920636654 19.0471498966 3.9029743472 -0.317528911 1
10.3341276646 19.0471498966 3.5683521562 1.651519777 1
13.5761916637 19.0471498966 3.2502714862 2.2035586179 1
16.8182556629 19.0471498966 3.1277602427 1.3599990214 1
20.0603196621 19.0471498966 3.0938945704 0.5581657467 1
23.3023836613 19.0471498966 2.5769934781 0.0344722382 1
26.5444476604 19.0471498966 0 -0 0
29.7865116596 19.0471498966 0 -0 0
33.0285756588 19.0471498966 0 -0 0
36.270639658 19.0471498966 0 -0 0
39.5127036572 19.0471498966 0 -0 0
42.7547676563 19.0471498966 0 -0 0
-35.0547683239 15.8050858974 0 -0 0
-31.8127043247 15.8050858974 0 -0 0
-28.5706403255 15.8050858974 0 -0 0
-25.3285763264 15.8050858974 0 -0 0
-22.0865123272 15.8050858974 3.2042880266 2.4552813207 1
-18.844448328 15.8050858974 2.945442391 2.6529895444 1
-15.6023843288 15.8050858974 3.1967455471 3.169343822 1
-12.3603203297 15.8050858974 3.7652893742 4.4722011641 1
-9.1182563305 15.8050858974 4.3572499126 5.2845630366 1
-5.8761923313 15.8050858974 4.3584458998 4.8831325339 1
-2.6341283321 15.8050858974 4.1191201286 2.3856785475 1
0.607935667 15.8050858974 4.1296044165 -0.3921654514 1
3.8499996662 15.8050858974 3.8040410514 -1.4434173947 1
7.0920636654 15.8050858974 3.5535670245 -0.0321297136 1
10.3341276646 15.8050858974 3.1332033282 2.469635734 1
13.5761916637 15.8050858974 2.9871443311 3.3010382909 1
16.8182556629 15.8050858974 3.1762190124 2.4526455291 1
20.0603196621 15.8050858974 3.6200166307 1.3178873478 1
23.3023836613 15.8050858974 3.2750472328 0.6384481636 1
26.5444476604 15.8050858974 2.2683258104 0.0486497661 1
29.7865116596 15.8050858974 0 -0 0
33.0285756588 15.8050858974 0 -0 0
36.270639658 15.8050858974 0 -0 0
39.5127036572 15.8050858974 0 -0 0
42.7547676563 15.8050858974 0 -0 0
-35.0547683239 12.5630218983 0 -0 0
-31.8127043247 12.5630218983 0 -0 0
-28.5706403255 12.5630218983 0 -0 0
-25.3285763264 12.5630218983 0 -0 0
-22.0865123272 12.5630218983 4.0329060861 2.848512472 1
-18.844448328 12.5630218983 3.4810647144 3.6783026653 1
-15.6023843288 12.5630218983 2.9374424713 4.6114106358 1
-12.3603203297 12.5630218983 3.3833808494 5.3783603206 1
-9.1182563305 12.5630218983 4.4743739296 5.3046644388 1
-5.8761923313 12.5630218983 4.6339662123 4.4322966772 1
-2.6341283321 12.5630218983 3.9777720107 2.3706829631 1
0.607935667 12.5630218983 3.7466436283 0.4549411938 1
3.8499996662 12.5630218983 3.5021839588 -0.2325067041 1
7.0920636654 12.5630218983 3.4488941373 0.8136564434 1
10.3341276646 12.5630218983 2.9710279426 2.8366305003 1
13.5761916637 12.5630218983 2.6323497819 3.7047016453 1
16.8182556629 12.5630218983 2.7182718477 3.2681207125 1
20.0603196621 12.5630218983 3.6222582386 2.5625528607 1
23.3023836613 12.5630218983 3.9767907033 2.0305834163 1
26.5444476604 12.5630218983 2.9437303871 1.1330824103 1
29.7865116596 12.5630218983 1.0651398581 -0.3731107268 1
33.0285756588 12.5630218983 0 -0 0
36.270639658 12.5630218983 0 -0 0
39.5127036572 12.5630218983 0 -0 0
42.7547676563 12.5630218983 0 -0 0
-35.0547683239 9.3209578991 0 -0 0
-31.8127043247 9.3209578991 0 -0 0
-28.5706403255 9.3209578991 0 -0 0
-25.3285763264 9.3209578991 3.7513351833 2.5011406827 1
-22.0865123272 9.3209578991 4.8105486998 3.4792763194 1
-18.844448328 9.3209578991 4.3010252273 4.5919469325 1
-15.6023843288 9.3209578991 2.8728029998 5.0247684013 1
-12.3603203297 9.3209578991 2.5536422878 4.9855016132 1
-9.1182563305 9.3209578991 3.5623124358 4.6098538294 1
-5.8761923313 9.3209578991 3.7908574133 3.6654907163 1
-2.6341283321 9.3209578991 3.2405707344 2.0787091454 1
0.607935667 9.3209578991 3.3809568692 0.8838978213 1
3.8499996662 9.3209578991 3.7212688312 0.7389039955 1
7.0920636654 9.3209578991 3.8652966731 1.3677909039 1
10.3341276646 9.3209578991 2.9711719684 2.6115442539 1
13.5761916637 9.3209578991 2.275077507 3.6180669994 1
16.8182556629 9.3209578991 2.0586743212 3.9023109834 1
20.0603196621 9.3209578991 3.259151865 3.9139849178 1
23.3023836613 9.3209578991 4.1855307844 3.425548382 1
26.5444476604 9.3209578991 3.4399364617 2.0847792109 1
29.7865116596 9.3209578991 1.3586413449 -0.1181009651 1
33.0285756588 9.3209578991 0 -0 0
36.270639658 9.3209578991 0 -0 0
39.5127036572 9.3209578991 0 -0 0
42.7547676563 9.3209578991 0 -0 0
-35.0547683239 6.0788938999 0 -0 0
-31.8127043247 6.0788938999 0 -0 0
-28.5706403255 6.0788938999 0 -0 0
-25.3285763264 6.0788938999 3.1677516885 3.0503722297 1
-22.0865123272 6.0788938999 4.8254198846 4.0862430102 1
-18.844448328 6.0788938999 4.7458126072 4.5867508345 1
-15.6023843288 6.0788938999 2.8382084426 3.9219250532 1
-12.3603203297 6.0788938999 1.4312817929 3.5433659569 1
-9.1182563305 6.0788938999 1.7939948887 3.759966763 1
-5.8761923313 6.0788938999 2.316255278 3.3534346697 1
-2.6341283321 6.0788938999 2.507135414 1.9528421326 1
0.607935667 6.0788938999 3.2397914254 0.8033158792 1
3.8499996662 6.0788938999 3.8890222699 0.8510595023 1
7.0920636654 6.0788938999 3.9494469508 1.5571380868 1
10.3341276646 6.0788938999 2.7661357942 2.6255564174 1
13.5761916637 6.0788938999 1.948066789 4.0101829325 1
16.8182556629 6.0788938999 1.9351561053 4.8991287499 1
20.0603196621 6.0788938999 3.497063044 4.980464336 1
23.3023836613 6.0788938999 4.6990157193 4.0025477573 1
26.5444476604 6.0788938999 4.0582724287 2.189467044 1
29.7865116596 6.0788938999 1.7766224269 -0.0688950902 1
33.0285756588 6.0788938999 0.0138100012 -1.4976886745 1
36.270639658 6.0788938999 0 -0 0
39.5127036572 6.0788938999 0 -0 0
42.7547676563 6.0788938999 0 -0 0
-35.0547683239 2.8368299007 0 -0 0
-31.8127043247 2.8368299007 0 -0 0
-28.5706403255 2.8368299007 0.0255549896 2.97512709 1
-25.3285763264 2.8368299007 1.2578367715 3.6789605942 1
-22.0865123272 2.8368299007 2.8802108137 4.364013385 1
-18.844448328 2.8368299007 3.658701579 4.1565982198 1
-15.6023843288 2.8368299007 2.6850019045 3.0727119185 1
-12.3603203297 2.8368299007 1.0543050925 3.0372048964 1
-9.1182563305 2.8368299007 0.5820322366 3.7700645668 1
-5.8761923313 2.8368299007 0.6271971726 3.4077830953 1
-2.6341283321 2.8368299007 1.2779978069 1.6002869268 1
0.607935667 2.8368299007 2.4897908816 0.0422835109 1
3.8499996662 2.8368299007 3.6585617804 0.1068499836 1
7.0920636654 2.8368299007 3.8992320937 1.1022720762 1
10.3341276646 2.8368299007 2.9552101736 2.501546491 1
13.5761916637 2.8368299007 2.4607616959 4.2150753829 1
16.8182556629 2.8368299007 2.9143264929 5.2867659962 1
20.0603196621 2.8368299007 4.5305560413 4.819152199 1
23.3023836613 2.8368299007 5.3741476435 3.0537292067 1
26.5444476604 2.8368299007 4.3957268237 1.0635377606 1
29.7865116596 2.8368299007 2.0616309248 -0.4620761287 1
33.0285756588 2.8368299007 0.1445421979 -1.2456998109 1
36.270639658 2.8368299007 0 -0 0
39.5127036572 2.8368299007 0 -0 0
42.7547676563 2.8368299007 0 -0 0
-35.0547683239 -0.4052340984 0 -0 0
-31.8127043247 -0.4052340984 0 -0 0
-28.5706403255 -0.4052340984 -1.2103996182 4.0226633507 1
-25.3285763264 -0.4052340984 -1.0162965669 4.483134438 1
-22.0865123272 -0.4052340984 0.0818401668 4.8263109117 1
-18.844448328 -0.4052340984 1.816943441 4.6214592233 1
-15.6023843288 -0.4052340984 2.5618037458 3.9285254776 1
-12.3603203297 -0.4052340984 1.9588475828 4.209868717 1
-9.1182563305 -0.4052340984 0.7109010309 4.5786367812 1
-5.8761923313 -0.4052340984 -0.4641438189 3.9173216648 1
-2.6341283321 -0.4052340984 -0.4279925307 1.8120652866 1
0.607935667 -0.4052340984 1.0068641649 -0.2638677403 1
3.8499996662 -0.4052340984 2.9617976145 -0.4705465853 1
7.0920636654 -0.4052340984 3.8609463111 0.6311071164 1
10.3341276646 -0.4052340984 3.52353298 2.2093151179 1
13.5761916637 -0.4052340984 3.335235796 3.5944334945 1
16.8182556629 -0.4052340984 3.9214591587 4.0993707893 1
20.0603196621 -0.4052340984 5.1775002886 3.2114126201 1
23.3023836613 -0.4052340984 5.4554983267 1.5028200062 1
26.5444476604 -0.4052340984 4.203963964 0.0800344197 1
29.7865116596 -0.4052340984 2.0454007047 -0.6796194428 1
33.0285756588 -0.4052340984 0.3014955752 -0.9811235667 1
36.270639658 -0.4052340984 0 -0 0
39.5127036572 -0.4052340984 0 -0 0
42.7547676563 -0.4052340984 0 -0 0
-35.0547683239 -3.6472980976 0 -0 0
-31.8127043247 -3.6472980976 0 -0 0
-28.5706403255 -3.6472980976 -1.7313444517 5.7518761009 1
-25.3285763264 -3.6472980976 -2.3291079891 5.7832392884 1
-22.0865123272 -3.6472980976 -1.7779644024 5.8670097246 1
-18.844448328 -3.6472980976 0.2561788573 5.8412976597 1
-15.6023843288 -3.6472980976 2.4864198643 5.8311458085 1
-12.3603203297 -3.6472980976 2.852343194 5.8746772075 1
-9.1182563305 -3.6472980976 0.967163639 5.4712560095 1
-5.8761923313 -3.6472980976 -1.2553068856 4.5176580391 1
-2.6341283321 -3.6472980976 -1.6608790338 2.6307845211 1
0.607935667 -3.6472980976 -0.0982915019 0.5911317866 1
3.8499996662 -3.6472980976 2.1451608652 -0.0279277719 1
7.0920636654 -3.6472980976 3.5049515475 0.467018823 1
10.3341276646 -3.6472980976 3.9460159982 1.6080680904 1
13.5761916637 -3.6472980976 4.0771715029 2.5131173127 1
16.8182556629 -3.6472980976 4.4593140318 2.6889718212 1
20.0603196621 -3.6472980976 4.9325940488 2.0866536589 1
23.3023836613 -3.6472980976 4.4257928739 1.0795145769 1
26.5444476604 -3.6472980976 3.063621087 0.3367006755 1
29.7865116596 -3.6472980976 1.3892407734 -0.1742893232 1
33.0285756588 -3.6472980976 0.3293317364 -0.4785346537 1
36.270639658 -3.6472980976 0 -0 0
39.5127036572 -3.6472980976 0 -0 0
42.7547676563 -3.6472980976 0 -0 0
-35.0547683239 -6.8893620968 0 -0 0
-31.8127043247 -6.8893620968 0 -0 0
-28.5706403255 -6.8893620968 -2.0497758259 6.7547046015 1
-25.3285763264 -6.8893620968 -2.71248304 6.3271577353 1
-22.0865123272 -6.8893620968 -2.4654423811 6.0827856286 1
-18.844448328 -6.8893620968 -0.577381519 6.2044683467 1
-15.6023843288 -6.8893620968 2.006595584 6.6950284317 1
-12.3603203297 -6.8893620968 2.4256281745 6.7271555293 1
-9.1182563305 -6.8893620968 0.0291494926 5.9377574571 1
-5.8761923313 -6.8893620968 -2.302857111 4.8548289118 1
-2.6341283321 -6.8893620968 -2.1157708603 3.3758250845 1
0.607935667 -6.8893620968 -0.0802877858 1.8264939773 1
3.8499996662 -6.8893620968 1.8483861899 1.017133924 1
7.0920636654 -6.8893620968 3.1300383855 0.8971284111 1
10.3341276646 -6.8893620968 3.9681893177 1.4061859891 1
13.5761916637 -6.8893620968 4.1599391939 2.1462751774 1
16.8182556629 -6.8893620968 4.1527442483 2.274257285 1
20.0603196621 -6.8893620968 3.928660747 1.9580832198 1
23.3023836613 -6.8893620968 2.8711498743 1.4178019509 1
26.5444476604 -6.8893620968 1.4750853914 1.1936219041 1
29.7865116596 -6.8893620968 0.3018076121 0.7581809485 1
33.0285756588 -6.8893620968 0.0799005845 0.3713668681 1
36.270639658 -6.8893620968 0 -0 0
39.5127036572 -6.8893620968 0 -0 0
42.7547676563 -6.8893620968 0 -0 0
-35.0547683239 -10.131426096 0 -0 0
-31.8127043247 -10.131426096 0 -0 0
-28.5706403255 -10.131426096 -2.364549641 6.6934112371 1
-25.3285763264 -10.131426096 -2.4949117964 5.7557083326 1
-22.0865123272 -10.131426096 -2.0137776972 4.8512949975 1
-18.844448328 -10.131426096 -0.7283636975 4.6128490815 1
-15.6023843288 -10.131426096 1.0307875329 5.5666898122 1
-12.3603203297 -10.131426096 0.5655315153 6.2531629322 1
-9.1182563305 -10.131426096 -1.7046848969 6.064408308 1
-5.8761923313 -10.131426096 -3.184723777 4.9982531741 1
-2.6341283321 -10.131426096 -1.9005336186 3.067518236 1
0.607935667 -10.131426096 0.4041206814 1.4252654729 1
3.8499996662 -10.131426096 1.7728907414 0.8967118839 1
7.0920636654 -10.131426096 2.7794716104 1.0404560525 1
10.3341276646 -10.131426096 3.5199084835 1.312491516 1
13.5761916637 -10.131426096 3.3952072639 1.8002775204 1
16.8182556629 -10.131426096 3.0421518933 2.2268743301 1
20.0603196621 -10.131426096 2.7160088019 2.1547156286 1
23.3023836613 -10.131426096 1.7518767233 1.7206832265 1
26.5444476604 -10.131426096 0.5572736251 1.6686666891 1
29.7865116596 -10.131426096 -0.2763490454 1.5734413765 1
33.0285756588 -10.131426096 -0.0267783402 1.3659845435 1
36.270639658 -10.131426096 0 -0 0
39.5127036572 -10.131426096 0 -0 0
42.7547676563 -10.131426096 0 -0 0
-35.0547683239 -13.3734900951 0 -0 0
-31.8127043247 -13.3734900951 0 -0 0
-28.5706403255 -13.3734900951 0 -0 0
-25.3285763264 -13.3734900951 -1.7793095484 4.6357549091 1
-22.0865123272 -13.3734900951 -0.9427679603 3.5575822323 1
-18.844448328 -13.3734900951 0.0294822973 3.5058190232 1
-15.6023843288 -13.3734900951 0.8665961645 4.7610464229 1
-12.3603203297 -13.3734900951 -0.1733510235 5.8042742913 1
-9.1182563305 -13.3734900951 -1.7321359894 5.7762843856 1
-5.8761923313 -13.3734900951 -2.3380164484 4.4549425339 1
-2.6341283321 -13.3734900951 -0.6389678036 1.8334893401 1
0.607935667 -13.3734900951 1.3992120641 0.0766891901 1
3.8499996662 -13.3734900951 2.4370874291 0.2879156588 1
7.0920636654 -13.3734900951 3.0214577815 1.1300195235 1
10.3341276646 -13.3734900951 2.9577328884 1.1342643573 1
13.5761916637 -13.3734900951 2.2695829406 0.989955484 1
16.8182556629 -13.3734900951 1.9252341819 1.5066718641 1
20.0603196621 -13.3734900951 1.9493959321 1.7500560207 1
23.3023836613 -13.3734900951 1.401219668 1.4619277202 1
26.5444476604 -13.3734900951 0.5123512984 1.6170603383 1
29.7865116596 -13.3734900951 0.0205480739 1.9282573635 1
33.0285756588 -13.3734900951 0.2927678463 2.0676232405 1
36.270639658 -13.3734900951 0 -0 0
39.5127036572 -13.3734900951 0 -0 0
42.7547676563 -13.3734900951 0 -0 0
-35.0547683239 -16.6155540943 0 -0 0
-31.8127043247 -16.6155540943 0 -0 0
-28.5706403255 -16.6155540943 0 -0 0
-25.3285763264 -16.6155540943 -0.4631872706 4.7328300617 1
-22.0865123272 -16.6155540943 0.7404133972 3.9689299783 1
-18.844448328 -16.6155540943 1.4830320185 4.3230267425 1
-15.6023843288 -16.6155540943 1.3506954727 5.9039594195 1
-12.3603203297 -16.6155540943 0.2905652075 6.5342419734 1
-9.1182563305 -16.6155540943 -0.3191929442 5.6435295009 1
-5.8761923313 -16.6155540943 -0.226456076 3.624645684 1
-2.6341283321 -16.6155540943 1.1996317324 1.0853590927 1
0.607935667 -16.6155540943 2.7198304657 0.0438638027 1
3.8499996662 -16.6155540943 3.6396349277 0.8930854248 1
7.0920636654 -16.6155540943 3.6263504414 1.7435030011 1
10.3341276646 -16.6155540943 2.5291950527 1.0087364994 1
13.5761916637 -16.6155540943 1.5841533278 -0.0601777264 1
16.8182556629 -16.6155540943 1.6414603197 0.2573490475 1
20.0603196621 -16.6155540943 2.037069858 0.9949261078 1
23.3023836613 -16.6155540943 1.7291451155 1.3338684668 1
26.5444476604 -16.6155540943 1.1312841268 1.7726996129 1
29.7865116596 -16.6155540943 0.8824857199 2.1562294085 1
33.0285756588 -16.6155540943 0 -0 0
36.270639658 -16.6155540943 0 -0 0
39.5127036572 -16.6155540943 0 -0 0
42.7547676563 -16.6155540943 0 -0 0
-35.0547683239 -19.8576180935 0 -0 0
-31.8127043247 -19.8576180935 0 -0 0
-28.5706403255 -19.8576180935 0 -0 0
-25.3285763264 -19.8576180935 0 -0 0
-22.0865123272 -19.8576180935 1.8085366562 4.3219947091 1
-18.844448328 -19.8576180935 2.3046221055 5.1277531378 1
-15.6023843288 -19.8576180935 1.8130958103 6.9710572123 1
-12.3603203297 -19.8576180935 0.9692485397 7.2836691318 1
-9.1182563305 -19.8576180935 0.8923059648 5.7010190159 1
-5.8761923313 -19.8576180935 1.1725842592 3.3659504149 1
-2.6341283321 -19.8576180935 2.1247759407 1.5279049401 1
0.607935667 -19.8576180935 3.0444043711 1.3767079685 1
3.8499996662 -19.8576180935 3.7951884511 2.1376051003 1
7.0920636654 -19.8576180935 3.6350807556 2.1148067636 1
10.3341276646 -19.8576180935 2.7010301262 0.4315739629 1
13.5761916637 -19.8576180935 2.2730892273 -1.1816258744 1
16.8182556629 -19.8576180935 2.6817856318 -0.9914134049 1
20.0603196621 -19.8576180935 2.8003287702 0.1002196293 1
23.3023836613 -19.8576180935 2.3658411925 1.074443105 1
26.5444476604 -19.8576180935 1.7686635711 1.7001748082 1
29.7865116596 -19.8576180935 1.6367293613 2.138559535 1
33.0285756588 -19.8576180935 0 -0 0
36.270639658 -19.8576180935 0 -0 0
39.5127036572 -19.8576180935 0 -0 0
42.7547676563 -19.8576180935 0 -0 0
-35.0547683239 -23.0996820927 0 -0 0
-31.8127043247 -23.0996820927 0 -0 0
-28.5706403255 -23.0996820927 0 -0 0
-25.3285763264 -23.0996820927 0 -0 0
-22.0865123272 -23.0996820927 1.8801215194 3.6211135813 1
-18.844448328 -23.0996820927 2.273732663 4.5662360754 1
-15.6023843288 -23.0996820927 2.0131292795 6.3267452842 1
-12.3603203297 -23.0996820927 1.8302922407 7.1768986624 1
-9.1182563305 -23.0996820927 2.1559910263 6.4751871977 1
-5.8761923313 -23.0996820927 2.2189921674 4.7357791168 1
-2.6341283321 -23.0996820927 2.1413304451 3.0968523818 1
0.607935667 -23.0996820927 2.0145227359 2.6885617857 1
3.8499996662 -23.0996820927 2.3287494344 2.6418080752 1
7.0920636654 -23.0996820927 2.7159915913 1.7964169063 1
10.3341276646 -23.0996820927 2.9945563721 -0.2881067495 1
13.5761916637 -23.0996820927 3.3855644847 -1.7732665066 1
16.8182556629 -23.0996820927 3.8261177498 -1.417694611 1
20.0603196621 -23.0996820927 3.5311101827 -0.1017741523 1
23.3023836613 -23.0996820927 3.1025808013 0.9489795605 1
26.5444476604 -23.0996820927 2.4896507811 1.3612143329 1
29.7865116596 -23.0996820927 0 -0 0
33.0285756588 -23.0996820927 0 -0 0
36.270639658 -23.0996820927 0 -0 0
39.5127036572 -23.0996820927 0 -0 0
42.7547676563 -23.0996820927 0 -0 0
-35.0547683239 -26.3417460918 0 -0 0
-31.8127043247 -26.3417460918 0 -0 0
-28.5706403255 -26.3417460918 0 -0 0
-25.3285763264 -26.3417460918 0 -0 0
-22.0865123272 -26.3417460918 0 -0 0
-18.844448328 -26.3417460918 2.0491733032 3.1490259283 1
-15.6023843288 -26.3417460918 2.0595190003 4.5694592927 1
-12.3603203297 -26.3417460918 2.4210225216 6.1306130402 1
-9.1182563305 -26.3417460918 3.0015194273 6.9335187329 1
-5.8761923313 -26.3417460918 3.0401313059 6.2405852891 1
-2.6341283321 -26.3417460918 2.1582561856 4.3854052818 1
0.607935667 -26.3417460918 0.8024484035 2.8670682395 1
3.8499996662 -26.3417460918 0.2211505245 1.9466754461 1
7.0920636654 -26.3417460918 0.7831542398 1.0292716394 1
10.3341276646 -26.3417460918 2.081365167 -0.6003687574 1
13.5761916637 -26.3417460918 2.9649710116 -1.6425510805 1
16.8182556629 -26.3417460918 3.4674755699 -1.0993390995 1
20.0603196621 -26.3417460918 3.3206744024 0.0095461581 1
23.3023836613 -26.3417460918 3.3627613169 0.7831510695 1
26.5444476604 -26.3417460918 0 -0 0
29.7865116596 -26.3417460918 0 -0 0
33.0285756588 -26.3417460918 0 -0 0
36.270639658 -26.3417460918 0 -0 0
39.5127036572 -26.3417460918 0 -0 0
42.7547676563 -26.3417460918 0 -0 0
-35.0547683239 -29.583810091 0 -0 0
-31.8127043247 -29.583810091 0 -0 0
-28.5706403255 -29.583810091 0 -0 0
-25.3285763264 -29.583810091 0 -0 0
-22.0865123272 -29.583810091 0 -0 0
-18.844448328 -29.583810091 0 -0 0
-15.6023843288 -29.583810091 2.4570586948 3.7565013892 1
-12.3603203297 -29.583810091 2.7521514093 4.3989394731 1
-9.1182563305 -29.583810091 3.0559140498 5.3038383289 1
-5.8761923313 -29.583810091 3.3171096901 5.4932729237 1
-2.6341283321 -29.583810091 2.715748831 4.480484908 1
0.607935667 -29.583810091 1.1052265663 2.8664154437 1
3.8499996662 -29.583810091 -0.6542124136 1.6009010743 1
7.0920636654 -29.583810091 -1.2411078963 0.8575825543 1
10.3341276646 -29.583810091 -0.3888545581 0.1222599628 1
13.5761916637 -29.583810091 0.5030606199 -0.1115071174 1
16.8182556629 -29.583810091 1.5043051017 0.4149737145 1
20.0603196621 -29.583810091 2.3505879016 1.008664864 1
23.3023836613 -29.583810091 0 -0 0
26.5444476604 -29.583810091 0 -0 0
29.7865116596 -29.583810091 0 -0 0
33.0285756588 -29.583810091 0 -0 0
36.270639658 -29.583810091 0 -0 0
39.5127036572 -29.583810091 0 -0 0
42.7547676563 -29.583810091 0 -0 0
-35.0547683239 -32.8258740902 0 -0 0
-31.8127043247 -32.8258740902 0 -0 0
-28.5706403255 -32.8258740902 0 -0 0
-25.3285763264 -32.8258740902 0 -0 0
-22.0865123272 -32.8258740902 0 -0 0
-18.844448328 -32.8258740902 0 -0 0
-15.6023843288 -32.8258740902 0 -0 0
-12.3603203297 -32.8258740902 0 -0 0
-9.1182563305 -32.8258740902 2.2062543448 2.8279783887 1
-5.8761923313 -32.8258740902 3.0253978061 3.6328225409 1
-2.6341283321 -32.8258740902 3.2749173983 3.8124014883 1
0.607935667 -32.8258740902 2.2303398549 2.9044198176 1
3.8499996662 -32.8258740902 -0.303752903 1.8657693707 1
7.0920636654 -32.8258740902 -2.1098984151 1.3452117761 1
10.3341276646 -32.8258740902 -2.572363217 1.3911496427 1
13.5761916637 -32.8258740902 -1.9325141239 1.577998568 1
16.8182556629 -32.8258740902 0 -0 0
20.0603196621 -32.8258740902 0 -0 0
23.3023836613 -32.8258740902 0 -0 0
26.5444476604 -32.8258740902 0 -0 0
29.7865116596 -32.8258740902 0 -0 0
33.0285756588 -32.8258740902 0 -0 0
36.270639658 -32.8258740902 0 -0 0
39.5127036572 -32.8258740902 0 -0 0
42.7547676563 -32.8258740902 0 -0 0
-35.0547683239 -36.0679380894 0 -0 0
-31.8127043247 -36.0679380894 0 -0 0
-28.5706403255 -36.0679380894 0 -0 0
-25.3285763264 -36.0679380894 0 -0 0
-22.0865123272 -36.0679380894 0 -0 0
-18.844448328 -36.0679380894 0 -0 0
-15.6023843288 -36.0679380894 0 -0 0
-12.3603203297 -36.0679380894 0 -0 0
-9.1182563305 -36.0679380894 0 -0 0
-5.8761923313 -36.0679380894 0 -0 0
-2.6341283321 -36.0679380894 0 -0 0
0.607935667 -36.0679380894 0 -0 0
3.8499996662 -36.0679380894 0 -0 0
7.0920636654 -36.0679380894 0 -0 0
10.3341276646 -36.0679380894 0 -0 0
13.5761916637 -36.0679380894 0 -0 0
16.8182556629 -36.0679380894 0 -0 0
20.0603196621 -36.0679380894 0 -0 0
23.3023836613 -36.0679380894 0 -0 0
26.5444476604 -36.0679380894 0 -0 0
29.7865116596 -36.0679380894 0 -0 0
33.0285756588 -36.0679380894 0 -0 0
36.270639658 -36.0679380894 0 -0 0
39.5127036572 -36.0679380894 0 -0 0
42.7547676563 -36.0679380894 0 -0 0
-35.0547683239 -39.3100020885 0 -0 0
-31.8127043247 -39.3100020885 0 -0 0
-28.5706403255 -39.3100020885 0 -0 0
-25.3285763264 -39.3100020885 0 -0 0
-22.0865123272 -39.3100020885 0 -0 0
-18.844448328 -39.3100020885 0 -0 0
-15.6023843288 -39.3100020885 0 -0 0
-12.3603203297 -39.3100020885 0 -0 0
-9.1182563305 -39.3100020885 0 -0 0
-5.8761923313 -39.3100020885 0 -0 0
-2.6341283321 -39.3100020885 0 -0 0
0.607935667 -39.3100020885 0 -0 0
3.8499996662 -39.3100020885 0 -0 0
7.0920636654 -39.3100020885 0 -0 0
10.3341276646 -39.3100020885 0 -0 0
13.5761916637 -39.3100020885 0 -0 0
16.8182556629 -39.3100020885 0 -0 0
20.0603196621 -39.3100020885 0 -0 0
23.3023836613 -39.3100020885 0 -0 0
26.5444476604 -39.3100020885 0 -0 0
29.7865116596 -39.3100020885 0 -0 0
33.0285756588 -39.3100020885 0 -0 0
36.270639658 -39.3100020885 0 -0 0
39.5127036572 -39.3100020885 0 -0 0
42.7547676563 -39.3100020885 0 -0 0
-35.0547683239 -42.5520660877 0 -0 0
-31.8127043247 -42.5520660877 0 -0 0
-28.5706403255 -42.5520660877 0 -0 0
-25.3285763264 -42.5520660877 0 -0 0
-22.0865123272 -42.5520660877 0 -0 0
-18.844448328 -42.5520660877 0 -0 0
-15.6023843288 -42.5520660877 0 -0 0
-12.3603203297 -42.5520660877 0 -0 0
-9.1182563305 -42.5520660877 0 -0 0
-5.8761923313 -42.5520660877 0 -0 0
-2.6341283321 -42.5520660877 0 -0 0
0.607935667 -42.5520660877 0 -0 0
3.8499996662 -42.5520660877 0 -0 0
7.0920636654 -42.5520660877 0 -0 0
10.3341276646 -42.5520660877 0 -0 0
13.5761916637 -42.5520660877 0 -0 0
16.8182556629 -42.5520660877 0 -0 0
20.0603196621 -42.5520660877 0 -0 0
23.3023836613 -42.5520660877 0 -0 0
26.5444476604 -42.5520660877 0 -0 0
29.7865116596 -42.5520660877 0 -0 0
33.0285756588 -42.5520660877 0 -0 0
36.270639658 -42.5520660877 0 -0 0
39.5127036572 -42.5520660877 0 -0 0
42.7547676563 -42.5520660877 0 -0 0
