TITLE = "B00080"
VARIABLES = "x", "y", "Vx", "Vy", "isValid"
ZONE T="Frame 0", I=25, J=25, F=POINT
-35.0547683239 35.2574698925 0 -0 0
-31.8127043247 35.2574698925 0 -0 0
-28.5706403255 35.2574698925 0 -0 0
-25.3285763264 35.2574698925 0 -0 0
-22.0865123272 35.2574698925 0 -0 0
-18.844448328 35.2574698925 0 -0 0
-15.6023843288 35.2574698925 0 -0 0
-12.3603203297 35.2574698925 0 -0 0
-9.1182563305 35.2574698925 0 -0 0
-5.8761923313 35.2574698925 0 -0 0
-2.6341283321 35.2574698925 0 -0 0
0.607935667 35.2574698925 0 -0 0
3.8499996662 35.2574698925 0 -0 0
7.0920636654 35.2574698925 0 -0 0
10.3341276646 35.2574698925 0 -0 0
13.5761916637 35.2574698925 0 -0 0
16.8182556629 35.2574698925 0 -0 0
20.0603196621 35.2574698925 0 -0 0
23.3023836613 35.2574698925 0 -0 0
26.5444476604 35.2574698925 0 -0 0
29.7865116596 35.2574698925 0 -0 0
33.0285756588 35.2574698925 0 -0 0
36.270639658 35.2574698925 0 -0 0
39.5127036572 35.2574698925 0 -0 0
42.7547676563 35.2574698925 0 -0 0
-35.0547683239 32.0154058933 0 -0 0
-31.8127043247 32.0154058933 0 -0 0
-28.5706403255 32.0154058933 0 -0 0
-25.3285763264 32.0154058933 0 -0 0
-22.0865123272 32.0154058933 0 -0 0
-18.844448328 32.0154058933 0 -0 0
-15.6023843288 32.0154058933 0 -0 0
-12.3603203297 32.0154058933 0 -0 0
-9.1182563305 32.0154058933 0 -0 0
-5.8761923313 32.0154058933 0 -0 0
-2.6341283321 32.0154058933 0 -0 0
0.607935667 32.0154058933 0 -0 0
3.8499996662 32.0154058933 0 -0 0
7.0920636654 32.0154058933 0 -0 0
10.3341276646 32.0154058933 0 -0 0
13.5761916637 32.0154058933 0 -0 0
16.8182556629 32.0154058933 0 -0 0
20.0603196621 32.0154058933 0 -0 0
23.3023836613 32.0154058933 0 -0 0
26.5444476604 32.0154058933 0 -0 0
29.7865116596 32.0154058933 0 -0 0
33.0285756588 32.0154058933 0 -0 0
36.270639658 32.0154058933 0 -0 0
39.5127036572 32.0154058933 0 -0 0
42.7547676563 32.0154058933 0 -0 0
-35.0547683239 28.7733418941 0 -0 0
-31.8127043247 28.7733418941 0 -0 0
-28.5706403255 28.7733418941 0 -0 0
-25.3285763264 28.7733418941 0 -0 0
-22.0865123272 28.7733418941 0 -0 0
-18.844448328 28.7733418941 0 -0 0
-15.6023843288 28.7733418941 0 -0 0
-12.3603203297 28.7733418941 0 -0 0
-9.1182563305 28.7733418941 0 -0 0
-5.8761923313 28.7733418941 0 -0 0
-2.6341283321 28.7733418941 0 -0 0
0.607935667 28.7733418941 0 -0 0
3.8499996662 28.7733418941 0 -0 0
7.0920636654 28.7733418941 0 -0 0
10.3341276646 28.7733418941 0 -0 0
13.5761916637 28.7733418941 0 -0 0
16.8182556629 28.7733418941 0 -0 0
20.0603196621 28.7733418941 0 -0 0
23.3023836613 28.7733418941 0 -0 0
26.5444476604 28.7733418941 0 -0 0
29.7865116596 28.7733418941 0 -0 0
33.0285756588 28.7733418941 0 -0 0
36.270639658 28.7733418941 0 -0 0
39.5127036572 28.7733418941 0 -0 0
42.7547676563 28.7733418941 0 -0 0
-35.0547683239 25.531277895 0 -0 0
-31.8127043247 25.531277895 0 -0 0
-28.5706403255 25.531277895 0 -0 0
-25.3285763264 25.531277895 0 -0 0
-22.0865123272 25.531277895 0 -0 0
-18.844448328 25.531277895 0 -0 0
-15.6023843288 25.531277895 0 -0 0
-12.3603203297 25.531277895 0 -0 0
-9.1182563305 25.531277895 4.9396522153 -2.2980867494 1
-5.8761923313 25.531277895 4.0578696398 -1.6233182109 1
-2.6341283321 25.531277895 2.5028412129 -0.5885917102 1
0.607935667 25.531277895 1.2656325037 -0.1528845372 1
3.8499996662 25.531277895 1.2370648344 0.556573651 1
7.0920636654 25.531277895 0.6896170778 3.9653767398 1
10.3341276646 25.531277895 0.3834400437 9.5939299805 1
13.5761916637 25.531277895 -0.3316790614 12.0031138589 1
16.8182556629 25.531277895 -1.0613158543 11.4820958048 1
20.0603196621 25.531277895 0 -0 0
23.3023836613 25.531277895 0 -0 0
26.5444476604 25.531277895 0 -0 0
29.7865116596 25.531277895 0 -0 0
33.0285756588 25.531277895 0 -0 0
36.270639658 25.531277895 0 -0 0
39.5127036572 25.531277895 0 -0 0
42.7547676563 25.531277895 0 -0 0
-35.0547683239 22.2892138958 0 -0 0
-31.8127043247 22.2892138958 0 -0 0
-28.5706403255 22.2892138958 0 -0 0
-25.3285763264 22.2892138958 0 -0 0
-22.0865123272 22.2892138958 0 -0 0
-18.844448328 22.2892138958 0 -0 0
-15.6023843288 22.2892138958 0.8548826758 1.1061560153 1
-12.3603203297 22.2892138958 2.6217329419 -0.6105177025 1
-9.1182563305 22.2892138958 4.5250157308 -2.0680652817 1
-5.8761923313 22.2892138958 5.2949703297 -3.4388413227 1
-2.6341283321 22.2892138958 4.876422807 -3.4288057186 1
0.607935667 22.2892138958 4.183072383 -3.4008822399 1
3.8499996662 22.2892138958 3.1928097497 -2.6894120508 1
7.0920636654 22.2892138958 1.3353564307 1.7262271602 1
10.3341276646 22.2892138958 0.0292761732 10.3301327387 1
13.5761916637 22.2892138958 -0.617474983 14.3802376707 1
16.8182556629 22.2892138958 -1.7288564601 13.5282768753 1
20.0603196621 22.2892138958 -3.729772388 8.1626185974 1
23.3023836613 22.2892138958 0 -0 0
26.5444476604 22.2892138958 0 -0 0
29.7865116596 22.2892138958 0 -0 0
33.0285756588 22.2892138958 0 -0 0
36.270639658 22.2892138958 0 -0 0
39.5127036572 22.2892138958 0 -0 0
42.7547676563 22.2892138958 0 -0 0
-35.0547683239 19.0471498966 0 -0 0
-31.8127043247 19.0471498966 0 -0 0
-28.5706403255 19.0471498966 0 -0 0
-25.3285763264 19.0471498966 0 -0 0
-22.0865123272 19.0471498966 0 -0 0
-18.844448328 19.0471498966 0.2491284092 2.9465330009 1
-15.6023843288 19.0471498966 -0.015314803 2.0449340553 1
-12.3603203297 19.0471498966 1.6069323404 0.358910643 1
-9.1182563305 19.0471498966 4.0344028063 -1.5986744124 1
-5.8761923313 19.0471498966 6.069140927 -4.0308232989 1
-2.6341283321 19.0471498966 6.7313102337 -4.8164383557 1
0.607935667 19.0471498966 6.5632306991 -4.8553766322 1
3.8499996662 19.0471498966 4.5922452499 -4.0032219909 1
7.0920636654 19.0471498966 1.5076918199 0.5240166653 1
10.3341276646 19.0471498966 -0.222569778 8.8960187417 1
13.5761916637 19.0471498966 -0.4071309928 12.8278444315 1
16.8182556629 19.0471498966 -0.8668925193 11.7902867081 1
20.0603196621 19.0471498966 -2.2489549538 7.1618294044 1
23.3023836613 19.0471498966 -4.3078065142 6.09784764 1
26.5444476604 19.0471498966 0 -0 0
29.7865116596 19.0471498966 0 -0 0
33.0285756588 19.0471498966 0 -0 0
36.270639658 19.0471498966 0 -0 0
39.5127036572 19.0471498966 0 -0 0
42.7547676563 19.0471498966 0 -0 0
-35.0547683239 15.8050858974 0 -0 0
-31.8127043247 15.8050858974 0 -0 0
-28.5706403255 15.8050858974 0 -0 0
-25.3285763264 15.8050858974 0 -0 0
-22.0865123272 15.8050858974 -0.7495717125 6.4196397654 1
-18.844448328 15.8050858974 -1.4520681476 4.4205475595 1
-15.6023843288 15.8050858974 -1.5482962054 3.2185625765 1
-12.3603203297 15.8050858974 -0.444849693 2.0110659675 1
-9.1182563305 15.8050858974 1.6373121069 -0.0445787983 1
-5.8761923313 15.8050858974 4.7788527736 -2.827610323 1
-2.6341283321 15.8050858974 6.774141734 -5.025416668 1
0.607935667 15.8050858974 7.1861700545 -5.455027903 1
3.8499996662 15.8050858974 4.4613904782 -3.1842557688 1
7.0920636654 15.8050858974 1.3486342743 1.7113752996 1
10.3341276646 15.8050858974 0.1210403864 6.4565115596 1
13.5761916637 15.8050858974 0.8860212949 7.2418986512 1
16.8182556629 15.8050858974 1.8387991188 5.2759915432 1
20.0603196621 15.8050858974 1.7706062578 4.6295388553 1
23.3023836613 15.8050858974 0.4704886126 5.3652005358 1
26.5444476604 15.8050858974 -1.184849771 5.7282142136 1
29.7865116596 15.8050858974 0 -0 0
33.0285756588 15.8050858974 0 -0 0
36.270639658 15.8050858974 0 -0 0
39.5127036572 15.8050858974 0 -0 0
42.7547676563 15.8050858974 0 -0 0
-35.0547683239 12.5630218983 0 -0 0
-31.8127043247 12.5630218983 0 -0 0
-28.5706403255 12.5630218983 0 -0 0
-25.3285763264 12.5630218983 0 -0 0
-22.0865123272 12.5630218983 -3.6065162567 7.9783520202 1
-18.844448328 12.5630218983 -4.0271625695 6.3277821487 1
-15.6023843288 12.5630218983 -3.4556856902 4.9345177132 1
-12.3603203297 12.5630218983 -2.1476751256 2.9242334702 1
-9.1182563305 12.5630218983 0.0251193221 0.3008800502 1
-5.8761923313 12.5630218983 3.6678075075 -1.8827681808 1
-2.6341283321 12.5630218983 6.4284981026 -3.6951705842 1
0.607935667 12.5630218983 6.7448075882 -3.5524226691 1
3.8499996662 12.5630218983 3.6190631018 -0.8667915956 1
7.0920636654 12.5630218983 1.2588497071 2.4288295011 1
10.3341276646 12.5630218983 1.4568477184 2.4650795994 1
13.5761916637 12.5630218983 2.9385892422 0.3286403299 1
16.8182556629 12.5630218983 4.731162745 -1.8182446546 1
20.0603196621 12.5630218983 5.2688868778 0.162271799 1
23.3023836613 12.5630218983 4.6716013126 2.3960705926 1
26.5444476604 12.5630218983 1.7739117539 3.4747161086 1
29.7865116596 12.5630218983 -1.8243729946 1.4514067464 1
33.0285756588 12.5630218983 0 -0 0
36.270639658 12.5630218983 0 -0 0
39.5127036572 12.5630218983 0 -0 0
42.7547676563 12.5630218983 0 -0 0
-35.0547683239 9.3209578991 0 -0 0
-31.8127043247 9.3209578991 0 -0 0
-28.5706403255 9.3209578991 0 -0 0
-25.3285763264 9.3209578991 -4.5776258837 11.5290922755 1
-22.0865123272 9.3209578991 -4.6960935369 9.4667809273 1
-18.844448328 9.3209578991 -4.7847013655 7.2907224672 1
-15.6023843288 9.3209578991 -3.6703066709 5.7234652898 1
-12.3603203297 9.3209578991 -2.8940961621 3.6671076089 1
-9.1182563305 9.3209578991 -0.7840839908 0.7223560583 1
-5.8761923313 9.3209578991 2.9664417649 -1.7931059752 1
-2.6341283321 9.3209578991 6.1782991436 -3.2234343902 1
0.607935667 9.3209578991 6.3305436986 -2.0923950619 1
3.8499996662 9.3209578991 3.3721211776 0.3732943068 1
7.0920636654 9.3209578991 2.1329500801 1.5714552104 1
10.3341276646 9.3209578991 3.3616541002 -0.4499534349 1
13.5761916637 9.3209578991 4.7579309984 -2.713425699 1
16.8182556629 9.3209578991 5.6181912387 -3.6087225376 1
20.0603196621 9.3209578991 5.2614041826 -1.7740995611 1
23.3023836613 9.3209578991 4.5308610014 -0.0070211286 1
26.5444476604 9.3209578991 1.6989670453 0.902361044 1
29.7865116596 9.3209578991 -1.8629945353 -0.2007899817 1
33.0285756588 9.3209578991 0 -0 0
36.270639658 9.3209578991 0 -0 0
39.5127036572 9.3209578991 0 -0 0
42.7547676563 9.3209578991 0 -0 0
-35.0547683239 6.0788938999 0 -0 0
-31.8127043247 6.0788938999 0 -0 0
-28.5706403255 6.0788938999 0 -0 0
-25.3285763264 6.0788938999 -3.4668393808 12.8939090633 1
-22.0865123272 6.0788938999 -3.4243611511 10.8175447896 1
-18.844448328 6.0788938999 -3.069199442 8.0985069182 1
-15.6023843288 6.0788938999 -2.2051690188 5.8633960979 1
-12.3603203297 6.0788938999 -2.0638790245 3.9372020464 1
-9.1182563305 6.0788938999 -0.6003386766 0.8408219754 1
-5.8761923313 6.0788938999 2.0736312572 -1.862074069 1
-2.6341283321 6.0788938999 4.5746110055 -2.576876627 1
0.607935667 6.0788938999 4.8023854302 -0.8700187382 1
3.8499996662 6.0788938999 2.9162869941 0.7932436648 1
7.0920636654 6.0788938999 2.8569335989 0.6502638592 1
10.3341276646 6.0788938999 4.3143459465 -1.830861248 1
13.5761916637 6.0788938999 5.0187241518 -3.5164023477 1
16.8182556629 6.0788938999 4.0621200595 -4.1656848241 1
20.0603196621 6.0788938999 2.4672781808 -4.0585387405 1
23.3023836613 6.0788938999 1.732769461 -3.1705289394 1
26.5444476604 6.0788938999 0.3555224528 -2.1227490125 1
29.7865116596 6.0788938999 -1.7465110856 -1.8863002835 1
33.0285756588 6.0788938999 -3.5504778689 -2.4575001322 1
36.270639658 6.0788938999 0 -0 0
39.5127036572 6.0788938999 0 -0 0
42.7547676563 6.0788938999 0 -0 0
-35.0547683239 2.8368299007 0 -0 0
-31.8127043247 2.8368299007 0 -0 0
-28.5706403255 2.8368299007 -0.326082741 10.3955198155 1
-25.3285763264 2.8368299007 -1.0214421653 11.1258178208 1
-22.0865123272 2.8368299007 -0.9393990566 10.0586511855 1
-18.844448328 2.8368299007 -0.9661416451 8.6464961301 1
-15.6023843288 2.8368299007 -0.7174884718 6.759179967 1
-12.3603203297 2.8368299007 -1.1231980785 4.3421643498 1
-9.1182563305 2.8368299007 -1.2012570794 0.8956984198 1
-5.8761923313 2.8368299007 -0.967696187 -1.3157701394 1
-2.6341283321 2.8368299007 0.1929887013 -1.3592474909 1
0.607935667 2.8368299007 1.3184412581 -0.4123012748 1
3.8499996662 2.8368299007 1.6064599541 -0.2109258678 1
7.0920636654 2.8368299007 1.8293968354 -0.7630742755 1
10.3341276646 2.8368299007 2.0991992963 -2.0014660639 1
13.5761916637 2.8368299007 1.9932704867 -2.4829437717 1
16.8182556629 2.8368299007 1.1013981843 -3.4320455427 1
20.0603196621 2.8368299007 0.0329799787 -4.7241909335 1
23.3023836613 2.8368299007 -0.3205392224 -4.8990451123 1
26.5444476604 2.8368299007 -0.6350600112 -3.7904926689 1
29.7865116596 2.8368299007 -1.1086748049 -2.8630530317 1
33.0285756588 2.8368299007 -1.9518701854 -2.7521912654 1
36.270639658 2.8368299007 0 -0 0
39.5127036572 2.8368299007 0 -0 0
42.7547676563 2.8368299007 0 -0 0
-35.0547683239 -0.4052340984 0 -0 0
-31.8127043247 -0.4052340984 0 -0 0
-28.5706403255 -0.4052340984 0.6036244711 6.040230706 1
-25.3285763264 -0.4052340984 1.0381436394 6.7859397661 1
-22.0865123272 -0.4052340984 1.305109669 7.9867266483 1
-18.844448328 -0.4052340984 1.0363421855 8.8401458174 1
-15.6023843288 -0.4052340984 0.1788906168 7.6125133849 1
-12.3603203297 -0.4052340984 -0.8743860089 4.4653280873 1
-9.1182563305 -0.4052340984 -3.2043357332 1.2816801251 1
-5.8761923313 -0.4052340984 -5.5151177316 0.0436705606 1
-2.6341283321 -0.4052340984 -5.5034308137 -0.2004285209 1
0.607935667 -0.4052340984 -3.072851717 -0.9540768484 1
3.8499996662 -0.4052340984 -0.7617731374 -1.8452663873 1
7.0920636654 -0.4052340984 -0.5479507521 -2.2876060847 1
10.3341276646 -0.4052340984 -1.220456811 -2.1884384829 1
13.5761916637 -0.4052340984 -1.5795091774 -2.2349476214 1
16.8182556629 -0.4052340984 -1.4498586963 -3.9155782591 1
20.0603196621 -0.4052340984 -1.0236719221 -6.0967999056 1
23.3023836613 -0.4052340984 -0.6684586566 -6.9202538728 1
26.5444476604 -0.4052340984 -0.5084499222 -5.6135769804 1
29.7865116596 -0.4052340984 -0.6892450868 -4.3321670923 1
33.0285756588 -0.4052340984 -0.8965221896 -3.8797837894 1
36.270639658 -0.4052340984 0 -0 0
39.5127036572 -0.4052340984 0 -0 0
42.7547676563 -0.4052340984 0 -0 0
-35.0547683239 -3.6472980976 0 -0 0
-31.8127043247 -3.6472980976 0 -0 0
-28.5706403255 -3.6472980976 0.8068650415 1.8371758854 1
-25.3285763264 -3.6472980976 1.7714285934 2.2762369594 1
-22.0865123272 -3.6472980976 1.9431691594 5.1578457587 1
-18.844448328 -3.6472980976 1.5776840967 7.8565847586 1
-15.6023843288 -3.6472980976 0.6960020675 7.8643555053 1
-12.3603203297 -3.6472980976 -0.4136367964 5.1607009103 1
-9.1182563305 -3.6472980976 -4.8811871297 3.6487345155 1
-5.8761923313 -3.6472980976 -9.416623741 3.2114642519 1
-2.6341283321 -3.6472980976 -9.8765507311 1.469361199 1
0.607935667 -3.6472980976 -6.1758787868 -1.3589855574 1
3.8499996662 -3.6472980976 -2.6688338842 -3.6368093663 1
7.0920636654 -3.6472980976 -2.4921956886 -4.4570787646 1
10.3341276646 -3.6472980976 -3.0878557558 -3.9768142547 1
13.5761916637 -3.6472980976 -3.2319219442 -2.8118287868 1
16.8182556629 -3.6472980976 -2.2987324497 -3.4856273408 1
20.0603196621 -3.6472980976 -0.9988982891 -5.8856509414 1
23.3023836613 -3.6472980976 -0.3230320451 -7.590108175 1
26.5444476604 -3.6472980976 0.1509284991 -6.9344311978 1
29.7865116596 -3.6472980976 0.1369313289 -5.6261781749 1
33.0285756588 -3.6472980976 0.4507428212 -5.3446752088 1
36.270639658 -3.6472980976 0 -0 0
39.5127036572 -3.6472980976 0 -0 0
42.7547676563 -3.6472980976 0 -0 0
-35.0547683239 -6.8893620968 0 -0 0
-31.8127043247 -6.8893620968 0 -0 0
-28.5706403255 -6.8893620968 0.9913561871 -0.344023493 1
-25.3285763264 -6.8893620968 1.5521717657 -0.0011959537 1
-22.0865123272 -6.8893620968 1.5710000347 2.9784206595 1
-18.844448328 -6.8893620968 1.3687249576 5.9387345373 1
-15.6023843288 -6.8893620968 1.444027164 7.2373665208 1
-12.3603203297 -6.8893620968 -0.1359629672 6.7161365042 1
-9.1182563305 -6.8893620968 -6.0752727393 7.1416060182 1
-5.8761923313 -6.8893620968 -11.0549100597 6.5344931881 1
-2.6341283321 -6.8893620968 -10.6369987261 2.8118931002 1
0.607935667 -6.8893620968 -5.9828021829 -1.8208019416 1
3.8499996662 -6.8893620968 -3.3889999663 -4.8288121887 1
7.0920636654 -6.8893620968 -3.4853009428 -5.5082515994 1
10.3341276646 -6.8893620968 -3.2311619593 -5.1263877618 1
13.5761916637 -6.8893620968 -1.9966070827 -3.8394342418 1
16.8182556629 -6.8893620968 -0.9653944173 -3.721591002 1
20.0603196621 -6.8893620968 0.0463652118 -5.4717886329 1
23.3023836613 -6.8893620968 0.154323115 -7.5104882161 1
26.5444476604 -6.8893620968 0.7021364463 -8.0456570245 1
29.7865116596 -6.8893620968 1.2082180964 -7.3675404162 1
33.0285756588 -6.8893620968 2.0192250099 -6.9781896562 1
36.270639658 -6.8893620968 0 -0 0
39.5127036572 -6.8893620968 0 -0 0
42.7547676563 -6.8893620968 0 -0 0
-35.0547683239 -10.131426096 0 -0 0
-31.8127043247 -10.131426096 0 -0 0
-28.5706403255 -10.131426096 1.9401678685 -0.0918662031 1
-25.3285763264 -10.131426096 1.8420724583 0.4533287171 1
-22.0865123272 -10.131426096 1.0982312034 2.2388790407 1
-18.844448328 -10.131426096 1.0504896184 4.4460491717 1
-15.6023843288 -10.131426096 1.7156030737 6.2514799145 1
-12.3603203297 -10.131426096 0.3241871948 8.5356349677 1
-9.1182563305 -10.131426096 -4.9391857168 10.8104878308 1
-5.8761923313 -10.131426096 -8.123378984 9.8230740084 1
-2.6341283321 -10.131426096 -6.7114817859 4.3180734048 1
0.607935667 -10.131426096 -2.9215024163 -1.7842212182 1
3.8499996662 -10.131426096 -2.0446127904 -5.0837156862 1
7.0920636654 -10.131426096 -3.0463238084 -5.4993962817 1
10.3341276646 -10.131426096 -2.50295278 -5.4843282315 1
13.5761916637 -10.131426096 -0.4037771483 -4.5841185152 1
16.8182556629 -10.131426096 1.5163747295 -4.8024669542 1
20.0603196621 -10.131426096 2.3600567629 -6.1621930212 1
23.3023836613 -10.131426096 1.4403662836 -8.1890812868 1
26.5444476604 -10.131426096 1.1935295857 -9.4294743385 1
29.7865116596 -10.131426096 1.8523432741 -9.3674696018 1
33.0285756588 -10.131426096 3.1113074923 -8.6106853556 1
36.270639658 -10.131426096 0 -0 0
39.5127036572 -10.131426096 0 -0 0
42.7547676563 -10.131426096 0 -0 0
-35.0547683239 -13.3734900951 0 -0 0
-31.8127043247 -13.3734900951 0 -0 0
-28.5706403255 -13.3734900951 0 -0 0
-25.3285763264 -13.3734900951 3.2091217957 1.2427182972 1
-22.0865123272 -13.3734900951 1.7469147803 1.6921306543 1
-18.844448328 -13.3734900951 1.5880246609 2.6578320698 1
-15.6023843288 -13.3734900951 2.4328296119 4.0630195409 1
-12.3603203297 -13.3734900951 1.6343147413 7.3150691561 1
-9.1182563305 -13.3734900951 -1.8193396426 9.9698413585 1
-5.8761923313 -13.3734900951 -3.3068569907 8.9219711514 1
-2.6341283321 -13.3734900951 -1.8287076557 3.7672326647 1
0.607935667 -13.3734900951 -0.0996484896 -1.4075021487 1
3.8499996662 -13.3734900951 -0.8227151937 -3.7013522168 1
7.0920636654 -13.3734900951 -2.4792463565 -4.5303733671 1
10.3341276646 -13.3734900951 -2.4868514886 -5.3823779439 1
13.5761916637 -13.3734900951 -0.382660093 -5.6450838917 1
16.8182556629 -13.3734900951 2.4819473673 -6.259338224 1
20.0603196621 -13.3734900951 4.0005422669 -7.0649988239 1
23.3023836613 -13.3734900951 2.5767993302 -8.2437814734 1
26.5444476604 -13.3734900951 1.2967681034 -8.818726142 1
29.7865116596 -13.3734900951 1.5211629056 -8.8069341487 1
33.0285756588 -13.3734900951 3.1374208364 -8.2613858257 1
36.270639658 -13.3734900951 0 -0 0
39.5127036572 -13.3734900951 0 -0 0
42.7547676563 -13.3734900951 0 -0 0
-35.0547683239 -16.6155540943 0 -0 0
-31.8127043247 -16.6155540943 0 -0 0
-28.5706403255 -16.6155540943 0 -0 0
-25.3285763264 -16.6155540943 5.1827745893 1.6366433082 1
-22.0865123272 -16.6155540943 3.4817326073 1.2323862628 1
-18.844448328 -16.6155540943 3.3424630494 0.8273422844 1
-15.6023843288 -16.6155540943 3.416347946 0.9329126148 1
-12.3603203297 -16.6155540943 3.3481507069 3.3824575146 1
-9.1182563305 -16.6155540943 1.0241357031 5.5571545239 1
-5.8761923313 -16.6155540943 -0.1468424956 4.8101365507 1
-2.6341283321 -16.6155540943 -0.1085075721 1.4065081599 1
0.607935667 -16.6155540943 -0.2506006156 -1.1474155367 1
3.8499996662 -16.6155540943 -1.1173406548 -1.9804842026 1
7.0920636654 -16.6155540943 -2.1839659859 -3.3987671451 1
10.3341276646 -16.6155540943 -2.4958136934 -5.248263722 1
13.5761916637 -16.6155540943 -1.2140969579 -6.5155965295 1
16.8182556629 -16.6155540943 1.2514678602 -7.0750323144 1
20.0603196621 -16.6155540943 2.8352433846 -7.1162593017 1
23.3023836613 -16.6155540943 1.8743213889 -6.964171152 1
26.5444476604 -16.6155540943 0.5463404267 -6.5957122751 1
29.7865116596 -16.6155540943 0.7419843948 -6.7185164011 1
33.0285756588 -16.6155540943 0 -0 0
36.270639658 -16.6155540943 0 -0 0
39.5127036572 -16.6155540943 0 -0 0
42.7547676563 -16.6155540943 0 -0 0
-35.0547683239 -19.8576180935 0 -0 0
-31.8127043247 -19.8576180935 0 -0 0
-28.5706403255 -19.8576180935 0 -0 0
-25.3285763264 -19.8576180935 0 -0 0
-22.0865123272 -19.8576180935 4.2619229969 0.5188106032 1
-18.844448328 -19.8576180935 3.7781315173 0.0233822901 1
-15.6023843288 -19.8576180935 3.6821502961 -0.10913024 1
-12.3603203297 -19.8576180935 3.7032393464 0.3791624116 1
-9.1182563305 -19.8576180935 1.5634808047 0.6044762081 1
-5.8761923313 -19.8576180935 -0.2270379536 -0.0691978377 1
-2.6341283321 -19.8576180935 -0.758318407 -1.0722895127 1
0.607935667 -19.8576180935 -1.0044872875 -1.013331358 1
3.8499996662 -19.8576180935 -1.0878304776 -1.3507212886 1
7.0920636654 -19.8576180935 -1.4035406864 -3.0978614677 1
10.3341276646 -19.8576180935 -2.1292076757 -4.9357073596 1
13.5761916637 -19.8576180935 -2.4513077807 -6.1963866011 1
16.8182556629 -19.8576180935 -1.7695411619 -6.5438998496 1
20.0603196621 -19.8576180935 -0.6252518817 -6.5291536683 1
23.3023836613 -19.8576180935 -0.5832496616 -5.873105304 1
26.5444476604 -19.8576180935 -1.0988941143 -4.691029085 1
29.7865116596 -19.8576180935 -0.4740015043 -4.2424912993 1
33.0285756588 -19.8576180935 0 -0 0
36.270639658 -19.8576180935 0 -0 0
39.5127036572 -19.8576180935 0 -0 0
42.7547676563 -19.8576180935 0 -0 0
-35.0547683239 -23.0996820927 0 -0 0
-31.8127043247 -23.0996820927 0 -0 0
-28.5706403255 -23.0996820927 0 -0 0
-25.3285763264 -23.0996820927 0 -0 0
-22.0865123272 -23.0996820927 4.074593231 0.7616715343 1
-18.844448328 -23.0996820927 3.5175611963 0.735544452 1
-15.6023843288 -23.0996820927 2.9094223716 0.7568926429 1
-12.3603203297 -23.0996820927 2.2840353337 -0.3870166071 1
-9.1182563305 -23.0996820927 0.2380248408 -1.5580893511 1
-5.8761923313 -23.0996820927 -0.8294658335 -1.993279092 1
-2.6341283321 -23.0996820927 -0.5527710849 -1.2782533998 1
0.607935667 -23.0996820927 0.3073579432 -0.034313349 1
3.8499996662 -23.0996820927 0.8224124981 -0.4802559046 1
7.0920636654 -23.0996820927 0.3588870161 -2.1866585423 1
10.3341276646 -23.0996820927 -1.4954316675 -3.4899689465 1
13.5761916637 -23.0996820927 -3.7671423844 -4.4809529162 1
16.8182556629 -23.0996820927 -4.5510481548 -4.877054165 1
20.0603196621 -23.0996820927 -3.6461535261 -5.1960708513 1
23.3023836613 -23.0996820927 -2.5243125202 -4.9704199757 1
26.5444476604 -23.0996820927 -2.4479190999 -4.2392430209 1
29.7865116596 -23.0996820927 0 -0 0
33.0285756588 -23.0996820927 0 -0 0
36.270639658 -23.0996820927 0 -0 0
39.5127036572 -23.0996820927 0 -0 0
42.7547676563 -23.0996820927 0 -0 0
-35.0547683239 -26.3417460918 0 -0 0
-31.8127043247 -26.3417460918 0 -0 0
-28.5706403255 -26.3417460918 0 -0 0
-25.3285763264 -26.3417460918 0 -0 0
-22.0865123272 -26.3417460918 0 -0 0
-18.844448328 -26.3417460918 2.924254908 1.4913092707 1
-15.6023843288 -26.3417460918 1.7044881825 0.6788414925 1
-12.3603203297 -26.3417460918 0.4100038456 -0.9481744355 1
-9.1182563305 -26.3417460918 -0.9400153176 -1.9420741713 1
-5.8761923313 -26.3417460918 -0.7018379779 -1.6416192914 1
-2.6341283321 -26.3417460918 0.7761803903 -0.4256800799 1
0.607935667 -26.3417460918 2.3049785466 0.6767659519 1
3.8499996662 -26.3417460918 2.8982723043 0.2627254796 1
7.0920636654 -26.3417460918 1.8242416504 -0.8739931085 1
10.3341276646 -26.3417460918 -1.2741930518 -1.6896548912 1
13.5761916637 -26.3417460918 -4.7813003051 -2.8993031299 1
16.8182556629 -26.3417460918 -5.7062667458 -4.0802419382 1
20.0603196621 -26.3417460918 -4.4054393512 -5.1699107064 1
23.3023836613 -26.3417460918 -2.6176259441 -5.5514864926 1
26.5444476604 -26.3417460918 0 -0 0
29.7865116596 -26.3417460918 0 -0 0
33.0285756588 -26.3417460918 0 -0 0
36.270639658 -26.3417460918 0 -0 0
39.5127036572 -26.3417460918 0 -0 0
42.7547676563 -26.3417460918 0 -0 0
-35.0547683239 -29.583810091 0 -0 0
-31.8127043247 -29.583810091 0 -0 0
-28.5706403255 -29.583810091 0 -0 0
-25.3285763264 -29.583810091 0 -0 0
-22.0865123272 -29.583810091 0 -0 0
-18.844448328 -29.583810091 0 -0 0
-15.6023843288 -29.583810091 0.0531595529 -0.1266022007 1
-12.3603203297 -29.583810091 -1.5275720505 -0.9522947942 1
-9.1182563305 -29.583810091 -2.0498559912 -1.1247246909 1
-5.8761923313 -29.583810091 -0.6940975763 -0.9723940828 1
-2.6341283321 -29.583810091 1.0601818404 -0.7515763724 1
0.607935667 -29.583810091 2.120357189 -0.5141806441 1
3.8499996662 -29.583810091 1.9782211568 -0.496535492 1
7.0920636654 -29.583810091 0.6265337333 -0.6813565078 1
10.3341276646 -29.583810091 -2.2465142159 -1.2798464391 1
13.5761916637 -29.583810091 -5.209501175 -2.7792010715 1
16.8182556629 -29.583810091 -5.8359339846 -4.2443120019 1
20.0603196621 -29.583810091 -4.1234433159 -5.3568760298 1
23.3023836613 -29.583810091 0 -0 0
26.5444476604 -29.583810091 0 -0 0
29.7865116596 -29.583810091 0 -0 0
33.0285756588 -29.583810091 0 -0 0
36.270639658 -29.583810091 0 -0 0
39.5127036572 -29.583810091 0 -0 0
42.7547676563 -29.583810091 0 -0 0
-35.0547683239 -32.8258740902 0 -0 0
-31.8127043247 -32.8258740902 0 -0 0
-28.5706403255 -32.8258740902 0 -0 0
-25.3285763264 -32.8258740902 0 -0 0
-22.0865123272 -32.8258740902 0 -0 0
-18.844448328 -32.8258740902 0 -0 0
-15.6023843288 -32.8258740902 0 -0 0
-12.3603203297 -32.8258740902 0 -0 0
-9.1182563305 -32.8258740902 -3.274236522 -0.3367848037 1
-5.8761923313 -32.8258740902 -1.8265021297 -1.496753564 1
-2.6341283321 -32.8258740902 -0.685018445 -2.8412489858 1
0.607935667 -32.8258740902 -1.0379439056 -3.2917992065 1
3.8499996662 -32.8258740902 -2.3759992335 -2.652670393 1
7.0920636654 -32.8258740902 -3.4925088719 -1.9337073937 1
10.3341276646 -32.8258740902 -4.6025296531 -2.1775222688 1
13.5761916637 -32.8258740902 -5.2756588045 -3.4649570823 1
16.8182556629 -32.8258740902 -5.4052475387 -4.8066334343 1
20.0603196621 -32.8258740902 0 -0 0
23.3023836613 -32.8258740902 0 -0 0
26.5444476604 -32.8258740902 0 -0 0
29.7865116596 -32.8258740902 0 -0 0
33.0285756588 -32.8258740902 0 -0 0
36.270639658 -32.8258740902 0 -0 0
39.5127036572 -32.8258740902 0 -0 0
42.7547676563 -32.8258740902 0 -0 0
-35.0547683239 -36.0679380894 0 -0 0
-31.8127043247 -36.0679380894 0 -0 0
-28.5706403255 -36.0679380894 0 -0 0
-25.3285763264 -36.0679380894 0 -0 0
-22.0865123272 -36.0679380894 0 -0 0
-18.844448328 -36.0679380894 0 -0 0
-15.6023843288 -36.0679380894 0 -0 0
-12.3603203297 -36.0679380894 0 -0 0
-9.1182563305 -36.0679380894 0 -0 0
-5.8761923313 -36.0679380894 0 -0 0
-2.6341283321 -36.0679380894 0 -0 0
0.607935667 -36.0679380894 0 -0 0
3.8499996662 -36.0679380894 0 -0 0
7.0920636654 -36.0679380894 0 -0 0
10.3341276646 -36.0679380894 0 -0 0
13.5761916637 -36.0679380894 0 -0 0
16.8182556629 -36.0679380894 0 -0 0
20.0603196621 -36.0679380894 0 -0 0
23.3023836613 -36.0679380894 0 -0 0
26.5444476604 -36.0679380894 0 -0 0
29.7865116596 -36.0679380894 0 -0 0
33.0285756588 -36.0679380894 0 -0 0
36.270639658 -36.0679380894 0 -0 0
39.5127036572 -36.0679380894 0 -0 0
42.7547676563 -36.0679380894 0 -0 0
-35.0547683239 -39.3100020885 0 -0 0
-31.8127043247 -39.3100020885 0 -0 0
-28.5706403255 -39.3100020885 0 -0 0
-25.3285763264 -39.3100020885 0 -0 0
-22.0865123272 -39.3100020885 0 -0 0
-18.844448328 -39.3100020885 0 -0 0
-15.6023843288 -39.3100020885 0 -0 0
-12.3603203297 -39.3100020885 0 -0 0
-9.1182563305 -39.3100020885 0 -0 0
-5.8761923313 -39.3100020885 0 -0 0
-2.6341283321 -39.3100020885 0 -0 0
0.607935667 -39.3100020885 0 -0 0
3.8499996662 -39.3100020885 0 -0 0
7.0920636654 -39.3100020885 0 -0 0
10.3341276646 -39.3100020885 0 -0 0
13.5761916637 -39.3100020885 0 -0 0
16.8182556629 -39.3100020885 0 -0 0
20.0603196621 -39.3100020885 0 -0 0
23.3023836613 -39.3100020885 0 -0 0
26.5444476604 -39.3100020885 0 -0 0
29.7865116596 -39.3100020885 0 -0 0
33.0285756588 -39.3100020885 0 -0 0
36.270639658 -39.3100020885 0 -0 0
39.5127036572 -39.3100020885 0 -0 0
42.7547676563 -39.3100020885 0 -0 0
-35.0547683239 -42.5520660877 0 -0 0
-31.8127043247 -42.5520660877 0 -0 0
-28.5706403255 -42.5520660877 0 -0 0
-25.3285763264 -42.5520660877 0 -0 0
-22.0865123272 -42.5520660877 0 -0 0
-18.844448328 -42.5520660877 0 -0 0
-15.6023843288 -42.5520660877 0 -0 0
-12.3603203297 -42.5520660877 0 -0 0
-9.1182563305 -42.5520660877 0 -0 0
-5.8761923313 -42.5520660877 0 -0 0
-2.6341283321 -42.5520660877 0 -0 0
0.607935667 -42.5520660877 0 -0 0
3.8499996662 -42.5520660877 0 -0 0
7.0920636654 -42.5520660877 0 -0 0
10.3341276646 -42.5520660877 0 -0 0
13.5761916637 -42.5520660877 0 -0 0
16.8182556629 -42.5520660877 0 -0 0
20.0603196621 -42.5520660877 0 -0 0
23.3023836613 -42.5520660877 0 -0 0
26.5444476604 -42.5520660877 0 -0 0
29.7865116596 -42.5520660877 0 -0 0
33.0285756588 -42.5520660877 0 -0 0
36.270639658 -42.5520660877 0 -0 0
39.5127036572 -42.5520660877 0 -0 0
42.7547676563 -42.5520660877 0 -0 0
