TITLE = "B00080"
VARIABLES = "x", "y", "Vx", "Vy", "isValid"
ZONE T="Frame 0", I=25, J=25, F=POINT
-35.0547683239 35.2574698925 0 -0 0
-31.8127043247 35.2574698925 0 -0 0
-28.5706403255 35.2574698925 0 -0 0
-25.3285763264 35.2574698925 0 -0 0
-22.0865123272 35.2574698925 0 -0 0
-18.844448328 35.2574698925 0 -0 0
-15.6023843288 35.2574698925 0 -0 0
-12.3603203297 35.2574698925 0 -0 0
-9.1182563305 35.2574698925 0 -0 0
-5.8761923313 35.2574698925 0 -0 0
-2.6341283321 35.2574698925 0 -0 0
0.607935667 35.2574698925 0 -0 0
3.8499996662 35.2574698925 0 -0 0
7.0920636654 35.2574698925 0 -0 0
10.3341276646 35.2574698925 0 -0 0
13.5761916637 35.2574698925 0 -0 0
16.8182556629 35.2574698925 0 -0 0
20.0603196621 35.2574698925 0 -0 0
23.3023836613 35.2574698925 0 -0 0
26.5444476604 35.2574698925 0 -0 0
29.7865116596 35.2574698925 0 -0 0
33.0285756588 35.2574698925 0 -0 0
36.270639658 35.2574698925 0 -0 0
39.5127036572 35.2574698925 0 -0 0
42.7547676563 35.2574698925 0 -0 0
-35.0547683239 32.0154058933 0 -0 0
-31.8127043247 32.0154058933 0 -0 0
-28.5706403255 32.0154058933 0 -0 0
-25.3285763264 32.0154058933 0 -0 0
-22.0865123272 32.0154058933 0 -0 0
-18.844448328 32.0154058933 0 -0 0
-15.6023843288 32.0154058933 0 -0 0
-12.3603203297 32.0154058933 0 -0 0
-9.1182563305 32.0154058933 0 -0 0
-5.8761923313 32.0154058933 0 -0 0
-2.6341283321 32.0154058933 0 -0 0
0.607935667 32.0154058933 0 -0 0
3.8499996662 32.0154058933 0 -0 0
7.0920636654 32.0154058933 0 -0 0
10.3341276646 32.0154058933 0 -0 0
13.5761916637 32.0154058933 0 -0 0
16.8182556629 32.0154058933 0 -0 0
20.0603196621 32.0154058933 0 -0 0
23.3023836613 32.0154058933 0 -0 0
26.5444476604 32.0154058933 0 -0 0
29.7865116596 32.0154058933 0 -0 0
33.0285756588 32.0154058933 0 -0 0
36.270639658 32.0154058933 0 -0 0
39.5127036572 32.0154058933 0 -0 0
42.7547676563 32.0154058933 0 -0 0
-35.0547683239 28.7733418941 0 -0 0
-31.8127043247 28.7733418941 0 -0 0
-28.5706403255 28.7733418941 0 -0 0
-25.3285763264 28.7733418941 0 -0 0
-22.0865123272 28.7733418941 0 -0 0
-18.844448328 28.7733418941 0 -0 0
-15.6023843288 28.7733418941 0 -0 0
-12.3603203297 28.7733418941 0 -0 0
-9.1182563305 28.7733418941 0 -0 0
-5.8761923313 28.7733418941 0 -0 0
-2.6341283321 28.7733418941 0 -0 0
0.607935667 28.7733418941 0 -0 0
3.8499996662 28.7733418941 0 -0 0
7.0920636654 28.7733418941 0 -0 0
10.3341276646 28.7733418941 0 -0 0
13.5761916637 28.7733418941 0 -0 0
16.8182556629 28.7733418941 0 -0 0
20.0603196621 28.7733418941 0 -0 0
23.3023836613 28.7733418941 0 -0 0
26.5444476604 28.7733418941 0 -0 0
29.7865116596 28.7733418941 0 -0 0
33.0285756588 28.7733418941 0 -0 0
36.270639658 28.7733418941 0 -0 0
39.5127036572 28.7733418941 0 -0 0
42.7547676563 28.7733418941 0 -0 0
-35.0547683239 25.531277895 0 -0 0
-31.8127043247 25.531277895 0 -0 0
-28.5706403255 25.531277895 0 -0 0
-25.3285763264 25.531277895 0 -0 0
-22.0865123272 25.531277895 0 -0 0
-18.844448328 25.531277895 0 -0 0
-15.6023843288 25.531277895 0 -0 0
-12.3603203297 25.531277895 0 -0 0
-9.1182563305 25.531277895 6.6599755284 -2.4388436674 1
-5.8761923313 25.531277895 6.6618276329 -1.6945407452 1
-2.6341283321 25.531277895 4.997021256 -1.1067316653 1
0.607935667 25.531277895 1.8455239428 -1.1439264606 1
3.8499996662 25.531277895 -0.5760717756 -1.1979225969 1
7.0920636654 25.531277895 -2.433415226 -0.9600196458 1
10.3341276646 25.531277895 -1.3267035642 -0.9560867169 1
13.5761916637 25.531277895 0.2161614446 -0.7963164401 1
16.8182556629 25.531277895 0 -0 0
20.0603196621 25.531277895 0 -0 0
23.3023836613 25.531277895 0 -0 0
26.5444476604 25.531277895 0 -0 0
29.7865116596 25.531277895 0 -0 0
33.0285756588 25.531277895 0 -0 0
36.270639658 25.531277895 0 -0 0
39.5127036572 25.531277895 0 -0 0
42.7547676563 25.531277895 0 -0 0
-35.0547683239 22.2892138958 0 -0 0
-31.8127043247 22.2892138958 0 -0 0
-28.5706403255 22.2892138958 0 -0 0
-25.3285763264 22.2892138958 0 -0 0
-22.0865123272 22.2892138958 0 -0 0
-18.844448328 22.2892138958 0 -0 0
-15.6023843288 22.2892138958 3.6633952476 1.0766782212 1
-12.3603203297 22.2892138958 3.7910111011 -0.3838453236 1
-9.1182563305 22.2892138958 4.6732127703 -1.3586131135 1
-5.8761923313 22.2892138958 4.8137628589 -1.7656055154 1
-2.6341283321 22.2892138958 2.9176094945 -1.4277841115 1
0.607935667 22.2892138958 0.8410495632 -0.9823653735 1
3.8499996662 22.2892138958 -1.5733038425 -0.3870509906 1
7.0920636654 22.2892138958 -3.1810240972 -1.1661729252 1
10.3341276646 22.2892138958 -2.5265992683 -4.084379432 1
13.5761916637 22.2892138958 -0.1557724305 -5.6540611935 1
16.8182556629 22.2892138958 0.5633779231 -3.8366693706 1
20.0603196621 22.2892138958 -0.8839761749 0.2673572504 1
23.3023836613 22.2892138958 0 -0 0
26.5444476604 22.2892138958 0 -0 0
29.7865116596 22.2892138958 0 -0 0
33.0285756588 22.2892138958 0 -0 0
36.270639658 22.2892138958 0 -0 0
39.5127036572 22.2892138958 0 -0 0
42.7547676563 22.2892138958 0 -0 0
-35.0547683239 19.0471498966 0 -0 0
-31.8127043247 19.0471498966 0 -0 0
-28.5706403255 19.0471498966 0 -0 0
-25.3285763264 19.0471498966 0 -0 0
-22.0865123272 19.0471498966 0 -0 0
-18.844448328 19.0471498966 9.1419923421 1.7626532899 1
-15.6023843288 19.0471498966 5.5237459899 1.8857892488 1
-12.3603203297 19.0471498966 3.8332740471 1.902431618 1
-9.1182563305 19.0471498966 3.5279968718 0.8214892388 1
-5.8761923313 19.0471498966 3.3371274547 -0.647483287 1
-2.6341283321 19.0471498966 1.4204022645 -1.7048008422 1
0.607935667 19.0471498966 -0.3455704863 -1.5635581016 1
3.8499996662 19.0471498966 -2.6757305124 -0.9775579486 1
7.0920636654 19.0471498966 -3.4427191475 -2.5230177983 1
10.3341276646 19.0471498966 -1.9901248681 -6.9795598633 1
13.5761916637 19.0471498966 0.0192533509 -9.2677953434 1
16.8182556629 19.0471498966 -0.5132552335 -5.2264660168 1
20.0603196621 19.0471498966 -3.1051693392 1.1216016424 1
23.3023836613 19.0471498966 -5.4936539729 4.3985620472 1
26.5444476604 19.0471498966 0 -0 0
29.7865116596 19.0471498966 0 -0 0
33.0285756588 19.0471498966 0 -0 0
36.270639658 19.0471498966 0 -0 0
39.5127036572 19.0471498966 0 -0 0
42.7547676563 19.0471498966 0 -0 0
-35.0547683239 15.8050858974 0 -0 0
-31.8127043247 15.8050858974 0 -0 0
-28.5706403255 15.8050858974 0 -0 0
-25.3285763264 15.8050858974 0 -0 0
-22.0865123272 15.8050858974 9.1828159366 1.1798171739 1
-18.844448328 15.8050858974 8.5647553395 1.6663221194 1
-15.6023843288 15.8050858974 6.8990165696 2.5794422174 1
-12.3603203297 15.8050858974 5.6511879256 4.072224506 1
-9.1182563305 15.8050858974 4.5492425492 4.1593401435 1
-5.8761923313 15.8050858974 3.2866610811 2.0817516512 1
-2.6341283321 15.8050858974 1.1385092665 -0.7205546044 1
0.607935667 15.8050858974 -0.6723299142 -2.374045375 1
3.8499996662 15.8050858974 -2.3464245919 -2.2888878231 1
7.0920636654 15.8050858974 -1.9425572765 -3.5903153249 1
10.3341276646 15.8050858974 -0.0153240959 -7.0892808974 1
13.5761916637 15.8050858974 0.6954481572 -8.2179407818 1
16.8182556629 15.8050858974 -1.2153647316 -3.9804218425 1
20.0603196621 15.8050858974 -4.1172819134 1.7247269677 1
23.3023836613 15.8050858974 -5.3888449105 3.4577108067 1
26.5444476604 15.8050858974 -5.7709044057 0.9343531741 1
29.7865116596 15.8050858974 0 -0 0
33.0285756588 15.8050858974 0 -0 0
36.270639658 15.8050858974 0 -0 0
39.5127036572 15.8050858974 0 -0 0
42.7547676563 15.8050858974 0 -0 0
-35.0547683239 12.5630218983 0 -0 0
-31.8127043247 12.5630218983 0 -0 0
-28.5706403255 12.5630218983 0 -0 0
-25.3285763264 12.5630218983 0 -0 0
-22.0865123272 12.5630218983 5.0910619041 2.1928178313 1
-18.844448328 12.5630218983 6.0947732795 1.5908502222 1
-15.6023843288 12.5630218983 7.5136507433 2.6979361395 1
-12.3603203297 12.5630218983 8.1066937392 5.3601122306 1
-9.1182563305 12.5630218983 6.6597955718 6.5370011078 1
-5.8761923313 12.5630218983 3.4521557011 4.5002964471 1
-2.6341283321 12.5630218983 0.8244265182 0.0916203573 1
0.607935667 12.5630218983 -0.633305811 -3.06863904 1
3.8499996662 12.5630218983 -1.3887147926 -3.5379059627 1
7.0920636654 12.5630218983 -0.5019333997 -3.7852835874 1
10.3341276646 12.5630218983 0.8462327533 -4.4593505666 1
13.5761916637 12.5630218983 0.2380527514 -3.7853780948 1
16.8182556629 12.5630218983 -2.0976649844 -0.4971198228 1
20.0603196621 12.5630218983 -4.3617029345 2.1550104737 1
23.3023836613 12.5630218983 -4.2737026106 1.0774323937 1
26.5444476604 12.5630218983 -3.8576533455 -1.4168638211 1
29.7865116596 12.5630218983 -3.5347841975 -2.9381749796 1
33.0285756588 12.5630218983 0 -0 0
36.270639658 12.5630218983 0 -0 0
39.5127036572 12.5630218983 0 -0 0
42.7547676563 12.5630218983 0 -0 0
-35.0547683239 9.3209578991 0 -0 0
-31.8127043247 9.3209578991 0 -0 0
-28.5706403255 9.3209578991 0 -0 0
-25.3285763264 9.3209578991 0.7763904655 3.999283476 1
-22.0865123272 9.3209578991 1.8080887271 3.0952913482 1
-18.844448328 9.3209578991 4.4202706799 2.5941029496 1
-15.6023843288 9.3209578991 8.1165448575 3.6694929407 1
-12.3603203297 9.3209578991 9.8135278502 6.0983742246 1
-9.1182563305 9.3209578991 7.9166317117 7.5327237353 1
-5.8761923313 9.3209578991 3.3490051992 5.820099005 1
-2.6341283321 9.3209578991 0.286150702 1.3955404648 1
0.607935667 9.3209578991 -0.6242620445 -2.5145388497 1
3.8499996662 9.3209578991 -0.5306233927 -3.7154244665 1
7.0920636654 9.3209578991 0.1094995418 -3.8981928137 1
10.3341276646 9.3209578991 0.096676855 -3.7043088204 1
13.5761916637 9.3209578991 -1.3181986487 -2.9798334402 1
16.8182556629 9.3209578991 -3.1193726312 -2.379568022 1
20.0603196621 9.3209578991 -3.9093920974 -2.3958403628 1
23.3023836613 9.3209578991 -2.8659555879 -4.1728299495 1
26.5444476604 9.3209578991 -1.8706721333 -4.8465336941 1
29.7865116596 9.3209578991 -1.9718255992 -4.7084815612 1
33.0285756588 9.3209578991 0 -0 0
36.270639658 9.3209578991 0 -0 0
39.5127036572 9.3209578991 0 -0 0
42.7547676563 9.3209578991 0 -0 0
-35.0547683239 6.0788938999 0 -0 0
-31.8127043247 6.0788938999 0 -0 0
-28.5706403255 6.0788938999 0 -0 0
-25.3285763264 6.0788938999 -0.3692527169 2.6655179711 1
-22.0865123272 6.0788938999 1.2111532623 2.9593392131 1
-18.844448328 6.0788938999 4.5714545171 3.4168953646 1
-15.6023843288 6.0788938999 8.4951314304 5.0411121511 1
-12.3603203297 6.0788938999 9.3538864961 7.0671093896 1
-9.1182563305 6.0788938999 6.7926645901 7.6025831582 1
-5.8761923313 6.0788938999 2.3092513099 5.6359948719 1
-2.6341283321 6.0788938999 -0.5868761585 1.6715589794 1
0.607935667 6.0788938999 -1.0686286323 -1.355736977 1
3.8499996662 6.0788938999 -0.8140944839 -3.1062632705 1
7.0920636654 6.0788938999 -0.1632444634 -4.2425266263 1
10.3341276646 6.0788938999 -0.5743798507 -4.736633609 1
13.5761916637 6.0788938999 -1.4393742574 -4.9407207835 1
16.8182556629 6.0788938999 -2.2758697995 -5.1857861461 1
20.0603196621 6.0788938999 -2.4025958337 -6.1968310579 1
23.3023836613 6.0788938999 -1.5976136946 -7.8352423801 1
26.5444476604 6.0788938999 -0.7467882718 -7.9487310307 1
29.7865116596 6.0788938999 -0.752658528 -6.9785145444 1
33.0285756588 6.0788938999 -1.3251896334 -5.0424355573 1
36.270639658 6.0788938999 0 -0 0
39.5127036572 6.0788938999 0 -0 0
42.7547676563 6.0788938999 0 -0 0
-35.0547683239 2.8368299007 0 -0 0
-31.8127043247 2.8368299007 0 -0 0
-28.5706403255 2.8368299007 -0.0060320374 -0.0279495801 1
-25.3285763264 2.8368299007 0.312395126 0.9671786605 1
-22.0865123272 2.8368299007 1.6540254322 2.3085212172 1
-18.844448328 2.8368299007 4.1024173713 4.4106363551 1
-15.6023843288 2.8368299007 7.1905542339 6.6016967403 1
-12.3603203297 2.8368299007 7.7959689493 7.6872769291 1
-9.1182563305 2.8368299007 5.197320282 6.5725189998 1
-5.8761923313 2.8368299007 0.7172200465 4.0132449135 1
-2.6341283321 2.8368299007 -2.0362174793 1.1577625927 1
0.607935667 2.8368299007 -1.922707089 -1.2575743095 1
3.8499996662 2.8368299007 -0.599973668 -3.4553937135 1
7.0920636654 2.8368299007 0.5949643958 -5.2568026059 1
10.3341276646 2.8368299007 0.6499503692 -5.7074793398 1
13.5761916637 2.8368299007 0.5080720434 -5.7404422093 1
16.8182556629 2.8368299007 0.3253036961 -6.2860334078 1
20.0603196621 2.8368299007 -0.2973265474 -7.4624011354 1
23.3023836613 2.8368299007 -0.7971664788 -8.431754675 1
26.5444476604 2.8368299007 -0.6720873048 -8.1710795805 1
29.7865116596 2.8368299007 -0.2684497286 -7.2449071886 1
33.0285756588 2.8368299007 -0.2832305954 -5.9533194823 1
36.270639658 2.8368299007 0 -0 0
39.5127036572 2.8368299007 0 -0 0
42.7547676563 2.8368299007 0 -0 0
-35.0547683239 -0.4052340984 0 -0 0
-31.8127043247 -0.4052340984 0 -0 0
-28.5706403255 -0.4052340984 0.8446674925 -2.1289588766 1
-25.3285763264 -0.4052340984 0.7355652104 -0.305066949 1
-22.0865123272 -0.4052340984 1.092491914 2.6140820657 1
-18.844448328 -0.4052340984 2.0101661841 5.978797845 1
-15.6023843288 -0.4052340984 4.9456421155 7.5055243105 1
-12.3603203297 -0.4052340984 6.3282266055 6.8143529927 1
-9.1182563305 -0.4052340984 3.720566819 4.1651525026 1
-5.8761923313 -0.4052340984 -1.9482686364 1.6327559723 1
-2.6341283321 -0.4052340984 -4.741692324 0.1990629562 1
0.607935667 -0.4052340984 -3.1417702926 -0.8339984168 1
3.8499996662 -0.4052340984 0.173926447 -2.6348878956 1
7.0920636654 -0.4052340984 1.6083795423 -4.3975946291 1
10.3341276646 -0.4052340984 1.863291494 -4.7577419836 1
13.5761916637 -0.4052340984 2.316596622 -4.5643540789 1
16.8182556629 -0.4052340984 2.6198083717 -5.0028224432 1
20.0603196621 -0.4052340984 1.5636761604 -6.2145706797 1
23.3023836613 -0.4052340984 0.2654222821 -7.221690362 1
26.5444476604 -0.4052340984 -0.2313451003 -7.1347718917 1
29.7865116596 -0.4052340984 0.0599587203 -6.5220290748 1
33.0285756588 -0.4052340984 0.1679123161 -5.8029922509 1
36.270639658 -0.4052340984 0 -0 0
39.5127036572 -0.4052340984 0 -0 0
42.7547676563 -0.4052340984 0 -0 0
-35.0547683239 -3.6472980976 0 -0 0
-31.8127043247 -3.6472980976 0 -0 0
-28.5706403255 -3.6472980976 1.2337646977 -2.5432914577 1
-25.3285763264 -3.6472980976 0.8574450958 0.1423013071 1
-22.0865123272 -3.6472980976 0.6288311626 4.2389323239 1
-18.844448328 -3.6472980976 1.1408345876 7.9762722524 1
-15.6023843288 -3.6472980976 4.0096376276 8.1635993009 1
-12.3603203297 -3.6472980976 5.2308930718 5.0866076745 1
-9.1182563305 -3.6472980976 1.4581122462 1.6491428996 1
-5.8761923313 -3.6472980976 -5.478981465 -0.0665804786 1
-2.6341283321 -3.6472980976 -7.4292450238 0.4537044446 1
0.607935667 -3.6472980976 -3.7804634056 0.920557955 1
3.8499996662 -3.6472980976 0.4787443516 0.4022784655 1
7.0920636654 -3.6472980976 0.8375325576 -0.8602771489 1
10.3341276646 -3.6472980976 0.5056844471 -2.5873675577 1
13.5761916637 -3.6472980976 1.0325245979 -4.0241736582 1
16.8182556629 -3.6472980976 1.8584303993 -5.2127887056 1
20.0603196621 -3.6472980976 1.3670802864 -6.0755734723 1
23.3023836613 -3.6472980976 0.4681289081 -6.5666873165 1
26.5444476604 -3.6472980976 0.2982326338 -6.6746842692 1
29.7865116596 -3.6472980976 0.5314801117 -6.4529172572 1
33.0285756588 -3.6472980976 0.8096419904 -6.0046131735 1
36.270639658 -3.6472980976 0 -0 0
39.5127036572 -3.6472980976 0 -0 0
42.7547676563 -3.6472980976 0 -0 0
-35.0547683239 -6.8893620968 0 -0 0
-31.8127043247 -6.8893620968 0 -0 0
-28.5706403255 -6.8893620968 2.1398538039 -1.3413751662 1
-25.3285763264 -6.8893620968 2.103663188 2.3380229401 1
-22.0865123272 -6.8893620968 2.2075608423 7.3228845899 1
-18.844448328 -6.8893620968 2.9036444338 10.2607757452 1
-15.6023843288 -6.8893620968 5.0706030041 8.9974557301 1
-12.3603203297 -6.8893620968 4.7333013911 4.7878343025 1
-9.1182563305 -6.8893620968 -0.1684147643 1.8629243341 1
-5.8761923313 -6.8893620968 -6.9230625255 1.116005171 1
-2.6341283321 -6.8893620968 -7.6771015265 2.3571259752 1
0.607935667 -6.8893620968 -3.2907641537 4.0727719245 1
3.8499996662 -6.8893620968 -0.1380800435 4.6019073533 1
7.0920636654 -6.8893620968 -1.4566522118 3.1382209793 1
10.3341276646 -6.8893620968 -2.9034427374 -1.0409993193 1
13.5761916637 -6.8893620968 -2.6498982752 -4.8771033814 1
16.8182556629 -6.8893620968 -1.2640993997 -6.7150652185 1
20.0603196621 -6.8893620968 -0.1129113399 -7.0754423499 1
23.3023836613 -6.8893620968 0.3464894807 -7.7249651711 1
26.5444476604 -6.8893620968 0.7625461056 -8.3600600564 1
29.7865116596 -6.8893620968 1.1729471165 -7.9483705134 1
33.0285756588 -6.8893620968 1.5174811913 -6.7698427019 1
36.270639658 -6.8893620968 0 -0 0
39.5127036572 -6.8893620968 0 -0 0
42.7547676563 -6.8893620968 0 -0 0
-35.0547683239 -10.131426096 0 -0 0
-31.8127043247 -10.131426096 0 -0 0
-28.5706403255 -10.131426096 3.6468449704 1.3652885701 1
-25.3285763264 -10.131426096 4.3970795182 5.0018858231 1
-22.0865123272 -10.131426096 4.3257472285 8.053244795 1
-18.844448328 -10.131426096 4.3262218793 8.8280772464 1
-15.6023843288 -10.131426096 4.795117113 6.8781959446 1
-12.3603203297 -10.131426096 3.2710643327 4.9343652331 1
-9.1182563305 -10.131426096 -0.9420314514 4.875016367 1
-5.8761923313 -10.131426096 -5.5269079132 5.3075908483 1
-2.6341283321 -10.131426096 -4.5759313923 5.7628540619 1
0.607935667 -10.131426096 -0.8116317043 6.3863049049 1
3.8499996662 -10.131426096 0.1425289043 6.4376342252 1
7.0920636654 -10.131426096 -2.8025015357 4.221284794 1
10.3341276646 -10.131426096 -5.4565442494 -0.8538421881 1
13.5761916637 -10.131426096 -5.7725614564 -5.2126425663 1
16.8182556629 -10.131426096 -3.8964427653 -6.7652652805 1
20.0603196621 -10.131426096 -1.2430703601 -6.918826297 1
23.3023836613 -10.131426096 0.2708459302 -8.0553813276 1
26.5444476604 -10.131426096 0.8189813191 -9.6281380535 1
29.7865116596 -10.131426096 1.0235946253 -9.4447833374 1
33.0285756588 -10.131426096 1.394148367 -7.7514067247 1
36.270639658 -10.131426096 0 -0 0
39.5127036572 -10.131426096 0 -0 0
42.7547676563 -10.131426096 0 -0 0
-35.0547683239 -13.3734900951 0 -0 0
-31.8127043247 -13.3734900951 0 -0 0
-28.5706403255 -13.3734900951 0 -0 0
-25.3285763264 -13.3734900951 4.6168374166 5.3713009463 1
-22.0865123272 -13.3734900951 4.0777639106 5.6673260537 1
-18.844448328 -13.3734900951 3.3776201222 4.633330627 1
-15.6023843288 -13.3734900951 2.6413741864 3.6624652702 1
-12.3603203297 -13.3734900951 1.3450935663 4.9382279608 1
-9.1182563305 -13.3734900951 -1.1919234875 7.0240466027 1
-5.8761923313 -13.3734900951 -2.8884193744 8.0861992102 1
-2.6341283321 -13.3734900951 -0.4787357463 7.6183752622 1
0.607935667 -13.3734900951 2.4611267423 6.8671769196 1
3.8499996662 -13.3734900951 1.7139197541 5.3727478463 1
7.0920636654 -13.3734900951 -2.2169847144 2.1973706446 1
10.3341276646 -13.3734900951 -5.5879204727 -2.0452847595 1
13.5761916637 -13.3734900951 -6.6345092434 -4.7406059413 1
16.8182556629 -13.3734900951 -4.9375839213 -4.8887495373 1
20.0603196621 -13.3734900951 -2.1927929212 -4.3742123389 1
23.3023836613 -13.3734900951 -0.6109326445 -5.2992747967 1
26.5444476604 -13.3734900951 -0.5828052048 -7.1873639281 1
29.7865116596 -13.3734900951 -0.7653952938 -7.4510638648 1
33.0285756588 -13.3734900951 -0.1482499452 -6.8470616281 1
36.270639658 -13.3734900951 0 -0 0
39.5127036572 -13.3734900951 0 -0 0
42.7547676563 -13.3734900951 0 -0 0
-35.0547683239 -16.6155540943 0 -0 0
-31.8127043247 -16.6155540943 0 -0 0
-28.5706403255 -16.6155540943 0 -0 0
-25.3285763264 -16.6155540943 1.6964191185 3.6174851596 1
-22.0865123272 -16.6155540943 0.9831748766 2.0822219238 1
-18.844448328 -16.6155540943 0.931617893 0.7448064839 1
-15.6023843288 -16.6155540943 0.2096096704 0.6153299961 1
-12.3603203297 -16.6155540943 -0.45191805 2.9209933442 1
-9.1182563305 -16.6155540943 -2.3004029368 5.3640066621 1
-5.8761923313 -16.6155540943 -2.4776359556 6.8421496563 1
-2.6341283321 -16.6155540943 0.7286578633 7.0391170684 1
0.607935667 -16.6155540943 3.1211987687 6.0950220786 1
3.8499996662 -16.6155540943 2.2192649708 3.7824365882 1
7.0920636654 -16.6155540943 -1.3379994689 -0.0397928349 1
10.3341276646 -16.6155540943 -3.890351413 -3.0841370538 1
13.5761916637 -16.6155540943 -5.2420280421 -3.7598206237 1
16.8182556629 -16.6155540943 -4.3356176709 -2.2886216624 1
20.0603196621 -16.6155540943 -2.4605920053 -1.1582349789 1
23.3023836613 -16.6155540943 -1.592007561 -1.3048798921 1
26.5444476604 -16.6155540943 -2.3905933877 -2.7571950272 1
29.7865116596 -16.6155540943 -3.1240744522 -3.8751677195 1
33.0285756588 -16.6155540943 0 -0 0
36.270639658 -16.6155540943 0 -0 0
39.5127036572 -16.6155540943 0 -0 0
42.7547676563 -16.6155540943 0 -0 0
-35.0547683239 -19.8576180935 0 -0 0
-31.8127043247 -19.8576180935 0 -0 0
-28.5706403255 -19.8576180935 0 -0 0
-25.3285763264 -19.8576180935 0 -0 0
-22.0865123272 -19.8576180935 -1.4445596365 0.096496502 1
-18.844448328 -19.8576180935 -1.3400585537 -0.6378190701 1
-15.6023843288 -19.8576180935 -2.1099177393 -0.6602501714 1
-12.3603203297 -19.8576180935 -2.4697237497 0.196645279 1
-9.1182563305 -19.8576180935 -3.6745256887 1.2256098825 1
-5.8761923313 -19.8576180935 -3.4557092416 2.6201670773 1
-2.6341283321 -19.8576180935 -1.0498884544 3.7777685846 1
0.607935667 -19.8576180935 0.3251297783 3.7960148629 1
3.8499996662 -19.8576180935 0.1054822581 2.1495432329 1
7.0920636654 -19.8576180935 -1.509443831 -0.8578917417 1
10.3341276646 -19.8576180935 -2.3838320289 -2.9292556504 1
13.5761916637 -19.8576180935 -3.5616382021 -2.5083765413 1
16.8182556629 -19.8576180935 -3.2848017301 -0.4534145815 1
20.0603196621 -19.8576180935 -2.2086408843 0.9824147408 1
23.3023836613 -19.8576180935 -2.0766351145 1.2344496503 1
26.5444476604 -19.8576180935 -3.5476489862 0.436126965 1
29.7865116596 -19.8576180935 -4.7700666003 -0.4105016326 1
33.0285756588 -19.8576180935 0 -0 0
36.270639658 -19.8576180935 0 -0 0
39.5127036572 -19.8576180935 0 -0 0
42.7547676563 -19.8576180935 0 -0 0
-35.0547683239 -23.0996820927 0 -0 0
-31.8127043247 -23.0996820927 0 -0 0
-28.5706403255 -23.0996820927 0 -0 0
-25.3285763264 -23.0996820927 0 -0 0
-22.0865123272 -23.0996820927 -2.4782721447 0.1336147176 1
-18.844448328 -23.0996820927 -2.7002707452 0.1051716272 1
-15.6023843288 -23.0996820927 -3.1683238662 -0.728745879 1
-12.3603203297 -23.0996820927 -3.017797052 -1.4208337378 1
-9.1182563305 -23.0996820927 -3.3777360674 -1.545318164 1
-5.8761923313 -23.0996820927 -3.4058956638 -0.4781710416 1
-2.6341283321 -23.0996820927 -2.5336224097 0.6163455737 1
0.607935667 -23.0996820927 -2.633092858 0.713488361 1
3.8499996662 -23.0996820927 -2.7322818976 0.099702169 1
7.0920636654 -23.0996820927 -2.7025138629 -1.3006478908 1
10.3341276646 -23.0996820927 -2.3977454578 -1.9907110861 1
13.5761916637 -23.0996820927 -2.6278686795 -1.3523144789 1
16.8182556629 -23.0996820927 -2.5266915112 -0.0759548702 1
20.0603196621 -23.0996820927 -1.3710739055 0.5503791859 1
23.3023836613 -23.0996820927 -1.4814087852 0.4895852316 1
26.5444476604 -23.0996820927 -3.1512965226 0.3854502896 1
29.7865116596 -23.0996820927 0 -0 0
33.0285756588 -23.0996820927 0 -0 0
36.270639658 -23.0996820927 0 -0 0
39.5127036572 -23.0996820927 0 -0 0
42.7547676563 -23.0996820927 0 -0 0
-35.0547683239 -26.3417460918 0 -0 0
-31.8127043247 -26.3417460918 0 -0 0
-28.5706403255 -26.3417460918 0 -0 0
-25.3285763264 -26.3417460918 0 -0 0
-22.0865123272 -26.3417460918 0 -0 0
-18.844448328 -26.3417460918 -3.1999790304 1.0775800427 1
-15.6023843288 -26.3417460918 -2.9122992629 -0.0081061692 1
-12.3603203297 -26.3417460918 -2.0929340261 -1.0629344076 1
-9.1182563305 -26.3417460918 -1.5552787358 -1.5373801422 1
-5.8761923313 -26.3417460918 -1.5945541292 -1.0622537577 1
-2.6341283321 -26.3417460918 -1.7982634248 -1.1867402974 1
0.607935667 -26.3417460918 -2.9005441064 -2.1101218512 1
3.8499996662 -26.3417460918 -3.8376328634 -2.1730864575 1
7.0920636654 -26.3417460918 -3.6958704828 -1.7406258079 1
10.3341276646 -26.3417460918 -3.4010175093 -1.1291863936 1
13.5761916637 -26.3417460918 -2.769412153 -0.6052814086 1
16.8182556629 -26.3417460918 -2.1727558324 -0.6041326751 1
20.0603196621 -26.3417460918 -0.8024677277 -1.1134613203 1
23.3023836613 -26.3417460918 -0.7025862625 -1.5279129416 1
26.5444476604 -26.3417460918 0 -0 0
29.7865116596 -26.3417460918 0 -0 0
33.0285756588 -26.3417460918 0 -0 0
36.270639658 -26.3417460918 0 -0 0
39.5127036572 -26.3417460918 0 -0 0
42.7547676563 -26.3417460918 0 -0 0
-35.0547683239 -29.583810091 0 -0 0
-31.8127043247 -29.583810091 0 -0 0
-28.5706403255 -29.583810091 0 -0 0
-25.3285763264 -29.583810091 0 -0 0
-22.0865123272 -29.583810091 0 -0 0
-18.844448328 -29.583810091 0 -0 0
-15.6023843288 -29.583810091 -1.1637753649 1.1517118514 1
-12.3603203297 -29.583810091 -0.5492791781 -0.103609216 1
-9.1182563305 -29.583810091 -0.2454603766 -0.6456840222 1
-5.8761923313 -29.583810091 -0.2886285031 -0.8425590404 1
-2.6341283321 -29.583810091 -0.8573291506 -2.0657190513 1
0.607935667 -29.583810091 -2.2294658874 -3.6989022697 1
3.8499996662 -29.583810091 -3.9887481601 -3.8100656748 1
7.0920636654 -29.583810091 -4.5462515243 -2.7965563228 1
10.3341276646 -29.583810091 -4.6585444896 -1.7404947656 1
13.5761916637 -29.583810091 -3.5581682993 -1.3071901916 1
16.8182556629 -29.583810091 -2.5933973141 -1.6317503587 1
20.0603196621 -29.583810091 -1.1862064662 -2.2488651264 1
23.3023836613 -29.583810091 0 -0 0
26.5444476604 -29.583810091 0 -0 0
29.7865116596 -29.583810091 0 -0 0
33.0285756588 -29.583810091 0 -0 0
36.270639658 -29.583810091 0 -0 0
39.5127036572 -29.583810091 0 -0 0
42.7547676563 -29.583810091 0 -0 0
-35.0547683239 -32.8258740902 0 -0 0
-31.8127043247 -32.8258740902 0 -0 0
-28.5706403255 -32.8258740902 0 -0 0
-25.3285763264 -32.8258740902 0 -0 0
-22.0865123272 -32.8258740902 0 -0 0
-18.844448328 -32.8258740902 0 -0 0
-15.6023843288 -32.8258740902 0 -0 0
-12.3603203297 -32.8258740902 0 -0 0
-9.1182563305 -32.8258740902 -0.0407554738 -0.3043834684 1
-5.8761923313 -32.8258740902 -0.6664506753 -0.9081575512 1
-2.6341283321 -32.8258740902 -2.1631741962 -2.8107895068 1
0.607935667 -32.8258740902 -3.3563764782 -4.5806184182 1
3.8499996662 -32.8258740902 -5.1737061014 -4.9459491892 1
7.0920636654 -32.8258740902 -5.5079901187 -3.9631629104 1
10.3341276646 -32.8258740902 -5.6439630878 -3.0931333778 1
13.5761916637 -32.8258740902 -4.2554841108 -2.7266993154 1
16.8182556629 -32.8258740902 -3.0658587697 -2.6793347789 1
20.0603196621 -32.8258740902 0 -0 0
23.3023836613 -32.8258740902 0 -0 0
26.5444476604 -32.8258740902 0 -0 0
29.7865116596 -32.8258740902 0 -0 0
33.0285756588 -32.8258740902 0 -0 0
36.270639658 -32.8258740902 0 -0 0
39.5127036572 -32.8258740902 0 -0 0
42.7547676563 -32.8258740902 0 -0 0
-35.0547683239 -36.0679380894 0 -0 0
-31.8127043247 -36.0679380894 0 -0 0
-28.5706403255 -36.0679380894 0 -0 0
-25.3285763264 -36.0679380894 0 -0 0
-22.0865123272 -36.0679380894 0 -0 0
-18.844448328 -36.0679380894 0 -0 0
-15.6023843288 -36.0679380894 0 -0 0
-12.3603203297 -36.0679380894 0 -0 0
-9.1182563305 -36.0679380894 0 -0 0
-5.8761923313 -36.0679380894 0 -0 0
-2.6341283321 -36.0679380894 0 -0 0
0.607935667 -36.0679380894 0 -0 0
3.8499996662 -36.0679380894 0 -0 0
7.0920636654 -36.0679380894 0 -0 0
10.3341276646 -36.0679380894 0 -0 0
13.5761916637 -36.0679380894 0 -0 0
16.8182556629 -36.0679380894 0 -0 0
20.0603196621 -36.0679380894 0 -0 0
23.3023836613 -36.0679380894 0 -0 0
26.5444476604 -36.0679380894 0 -0 0
29.7865116596 -36.0679380894 0 -0 0
33.0285756588 -36.0679380894 0 -0 0
36.270639658 -36.0679380894 0 -0 0
39.5127036572 -36.0679380894 0 -0 0
42.7547676563 -36.0679380894 0 -0 0
-35.0547683239 -39.3100020885 0 -0 0
-31.8127043247 -39.3100020885 0 -0 0
-28.5706403255 -39.3100020885 0 -0 0
-25.3285763264 -39.3100020885 0 -0 0
-22.0865123272 -39.3100020885 0 -0 0
-18.844448328 -39.3100020885 0 -0 0
-15.6023843288 -39.3100020885 0 -0 0
-12.3603203297 -39.3100020885 0 -0 0
-9.1182563305 -39.3100020885 0 -0 0
-5.8761923313 -39.3100020885 0 -0 0
-2.6341283321 -39.3100020885 0 -0 0
0.607935667 -39.3100020885 0 -0 0
3.8499996662 -39.3100020885 0 -0 0
7.0920636654 -39.3100020885 0 -0 0
10.3341276646 -39.3100020885 0 -0 0
13.5761916637 -39.3100020885 0 -0 0
16.8182556629 -39.3100020885 0 -0 0
20.0603196621 -39.3100020885 0 -0 0
23.3023836613 -39.3100020885 0 -0 0
26.5444476604 -39.3100020885 0 -0 0
29.7865116596 -39.3100020885 0 -0 0
33.0285756588 -39.3100020885 0 -0 0
36.270639658 -39.3100020885 0 -0 0
39.5127036572 -39.3100020885 0 -0 0
42.7547676563 -39.3100020885 0 -0 0
-35.0547683239 -42.5520660877 0 -0 0
-31.8127043247 -42.5520660877 0 -0 0
-28.5706403255 -42.5520660877 0 -0 0
-25.3285763264 -42.5520660877 0 -0 0
-22.0865123272 -42.5520660877 0 -0 0
-18.844448328 -42.5520660877 0 -0 0
-15.6023843288 -42.5520660877 0 -0 0
-12.3603203297 -42.5520660877 0 -0 0
-9.1182563305 -42.5520660877 0 -0 0
-5.8761923313 -42.5520660877 0 -0 0
-2.6341283321 -42.5520660877 0 -0 0
0.607935667 -42.5520660877 0 -0 0
3.8499996662 -42.5520660877 0 -0 0
7.0920636654 -42.5520660877 0 -0 0
10.3341276646 -42.5520660877 0 -0 0
13.5761916637 -42.5520660877 0 -0 0
16.8182556629 -42.5520660877 0 -0 0
20.0603196621 -42.5520660877 0 -0 0
23.3023836613 -42.5520660877 0 -0 0
26.5444476604 -42.5520660877 0 -0 0
29.7865116596 -42.5520660877 0 -0 0
33.0285756588 -42.5520660877 0 -0 0
36.270639658 -42.5520660877 0 -0 0
39.5127036572 -42.5520660877 0 -0 0
42.7547676563 -42.5520660877 0 -0 0
