TITLE = "B00080"
VARIABLES = "x", "y", "Vx", "Vy", "isValid"
ZONE T="Frame 0", I=25, J=25, F=POINT
-35.0547683239 35.2574698925 0 -0 0
-31.8127043247 35.2574698925 0 -0 0
-28.5706403255 35.2574698925 0 -0 0
-25.3285763264 35.2574698925 0 -0 0
-22.0865123272 35.2574698925 0 -0 0
-18.844448328 35.2574698925 0 -0 0
-15.6023843288 35.2574698925 0 -0 0
-12.3603203297 35.2574698925 0 -0 0
-9.1182563305 35.2574698925 0 -0 0
-5.8761923313 35.2574698925 0 -0 0
-2.6341283321 35.2574698925 0 -0 0
0.607935667 35.2574698925 0 -0 0
3.8499996662 35.2574698925 0 -0 0
7.0920636654 35.2574698925 0 -0 0
10.3341276646 35.2574698925 0 -0 0
13.5761916637 35.2574698925 0 -0 0
16.8182556629 35.2574698925 0 -0 0
20.0603196621 35.2574698925 0 -0 0
23.3023836613 35.2574698925 0 -0 0
26.5444476604 35.2574698925 0 -0 0
29.7865116596 35.2574698925 0 -0 0
33.0285756588 35.2574698925 0 -0 0
36.270639658 35.2574698925 0 -0 0
39.5127036572 35.2574698925 0 -0 0
42.7547676563 35.2574698925 0 -0 0
-35.0547683239 32.0154058933 0 -0 0
-31.8127043247 32.0154058933 0 -0 0
-28.5706403255 32.0154058933 0 -0 0
-25.3285763264 32.0154058933 0 -0 0
-22.0865123272 32.0154058933 0 -0 0
-18.844448328 32.0154058933 0 -0 0
-15.6023843288 32.0154058933 0 -0 0
-12.3603203297 32.0154058933 0 -0 0
-9.1182563305 32.0154058933 0 -0 0
-5.8761923313 32.0154058933 0 -0 0
-2.6341283321 32.0154058933 0 -0 0
0.607935667 32.0154058933 0 -0 0
3.8499996662 32.0154058933 0 -0 0
7.0920636654 32.0154058933 0 -0 0
10.3341276646 32.0154058933 0 -0 0
13.5761916637 32.0154058933 0 -0 0
16.8182556629 32.0154058933 0 -0 0
20.0603196621 32.0154058933 0 -0 0
23.3023836613 32.0154058933 0 -0 0
26.5444476604 32.0154058933 0 -0 0
29.7865116596 32.0154058933 0 -0 0
33.0285756588 32.0154058933 0 -0 0
36.270639658 32.0154058933 0 -0 0
39.5127036572 32.0154058933 0 -0 0
42.7547676563 32.0154058933 0 -0 0
-35.0547683239 28.7733418941 0 -0 0
-31.8127043247 28.7733418941 0 -0 0
-28.5706403255 28.7733418941 0 -0 0
-25.3285763264 28.7733418941 0 -0 0
-22.0865123272 28.7733418941 0 -0 0
-18.844448328 28.7733418941 0 -0 0
-15.6023843288 28.7733418941 0 -0 0
-12.3603203297 28.7733418941 0 -0 0
-9.1182563305 28.7733418941 0 -0 0
-5.8761923313 28.7733418941 0 -0 0
-2.6341283321 28.7733418941 0 -0 0
0.607935667 28.7733418941 0 -0 0
3.8499996662 28.7733418941 0 -0 0
7.0920636654 28.7733418941 0 -0 0
10.3341276646 28.7733418941 0 -0 0
13.5761916637 28.7733418941 0 -0 0
16.8182556629 28.7733418941 0 -0 0
20.0603196621 28.7733418941 0 -0 0
23.3023836613 28.7733418941 0 -0 0
26.5444476604 28.7733418941 0 -0 0
29.7865116596 28.7733418941 0 -0 0
33.0285756588 28.7733418941 0 -0 0
36.270639658 28.7733418941 0 -0 0
39.5127036572 28.7733418941 0 -0 0
42.7547676563 28.7733418941 0 -0 0
-35.0547683239 25.531277895 0 -0 0
-31.8127043247 25.531277895 0 -0 0
-28.5706403255 25.531277895 0 -0 0
-25.3285763264 25.531277895 0 -0 0
-22.0865123272 25.531277895 0 -0 0
-18.844448328 25.531277895 0 -0 0
-15.6023843288 25.531277895 0 -0 0
-12.3603203297 25.531277895 0 -0 0
-9.1182563305 25.531277895 4.6692769729 0.5009451854 1
-5.8761923313 25.531277895 2.11296568 1.2722826728 1
-2.6341283321 25.531277895 0.2157665816 1.5008451629 1
0.607935667 25.531277895 0.0367889964 1.8452105283 1
3.8499996662 25.531277895 0.373620667 2.2521245766 1
7.0920636654 25.531277895 1.138315496 1.1947362919 1
10.3341276646 25.531277895 2.4651310803 -1.1551924732 1
13.5761916637 25.531277895 3.7225303396 -3.9020199125 1
16.8182556629 25.531277895 3.7544838213 -5.3568838803 1
20.0603196621 25.531277895 0 -0 0
23.3023836613 25.531277895 0 -0 0
26.5444476604 25.531277895 0 -0 0
29.7865116596 25.531277895 0 -0 0
33.0285756588 25.531277895 0 -0 0
36.270639658 25.531277895 0 -0 0
39.5127036572 25.531277895 0 -0 0
42.7547676563 25.531277895 0 -0 0
-35.0547683239 22.2892138958 0 -0 0
-31.8127043247 22.2892138958 0 -0 0
-28.5706403255 22.2892138958 0 -0 0
-25.3285763264 22.2892138958 0 -0 0
-22.0865123272 22.2892138958 0 -0 0
-18.844448328 22.2892138958 0 -0 0
-15.6023843288 22.2892138958 6.4184513267 1.2943791484 1
-12.3603203297 22.2892138958 6.3047778884 0.0677592552 1
-9.1182563305 22.2892138958 4.1315003024 -1.5153559815 1
-5.8761923313 22.2892138958 1.4503010395 -1.5124627854 1
-2.6341283321 22.2892138958 -0.5519057983 -1.0659597782 1
0.607935667 22.2892138958 0.1442015239 -1.0660091455 1
3.8499996662 22.2892138958 1.7767727933 -1.8342858597 1
7.0920636654 22.2892138958 2.6893048618 -2.9946937551 1
10.3341276646 22.2892138958 2.9973133929 -3.9234987683 1
13.5761916637 22.2892138958 3.0805318814 -4.0689070832 1
16.8182556629 22.2892138958 2.537441356 -4.0420980677 1
20.0603196621 22.2892138958 2.4095567753 -3.8133824937 1
23.3023836613 22.2892138958 0 -0 0
26.5444476604 22.2892138958 0 -0 0
29.7865116596 22.2892138958 0 -0 0
33.0285756588 22.2892138958 0 -0 0
36.270639658 22.2892138958 0 -0 0
39.5127036572 22.2892138958 0 -0 0
42.7547676563 22.2892138958 0 -0 0
-35.0547683239 19.0471498966 0 -0 0
-31.8127043247 19.0471498966 0 -0 0
-28.5706403255 19.0471498966 0 -0 0
-25.3285763264 19.0471498966 0 -0 0
-22.0865123272 19.0471498966 0 -0 0
-18.844448328 19.0471498966 5.1238399859 0.1000728201 1
-15.6023843288 19.0471498966 5.8733607459 2.6120237358 1
-12.3603203297 19.0471498966 5.7561316535 1.9711098487 1
-9.1182563305 19.0471498966 3.6775209408 -1.2966693688 1
-5.8761923313 19.0471498966 0.8439997506 -3.2906847432 1
-2.6341283321 19.0471498966 -1.0560378548 -2.7668592442 1
0.607935667 19.0471498966 -0.6373832186 -2.4666598062 1
3.8499996662 19.0471498966 0.4414701081 -3.8733889866 1
7.0920636654 19.0471498966 0.7759184567 -5.0963343932 1
10.3341276646 19.0471498966 0.4696275909 -4.5694363452 1
13.5761916637 19.0471498966 2.2647583806 -0.5957116236 1
16.8182556629 19.0471498966 1.6317102006 0.1946505831 1
20.0603196621 19.0471498966 2.5697206317 0.8339689021 1
23.3023836613 19.0471498966 3.1568395505 -0.5229328868 1
26.5444476604 19.0471498966 0 -0 0
29.7865116596 19.0471498966 0 -0 0
33.0285756588 19.0471498966 0 -0 0
36.270639658 19.0471498966 0 -0 0
39.5127036572 19.0471498966 0 -0 0
42.7547676563 19.0471498966 0 -0 0
-35.0547683239 15.8050858974 0 -0 0
-31.8127043247 15.8050858974 0 -0 0
-28.5706403255 15.8050858974 0 -0 0
-25.3285763264 15.8050858974 0 -0 0
-22.0865123272 15.8050858974 2.313056065 -2.3061138437 1
-18.844448328 15.8050858974 3.3417655663 0.6236873003 1
-15.6023843288 15.8050858974 4.1072013202 4.0655790925 1
-12.3603203297 15.8050858974 4.6400255588 4.4506009282 1
-9.1182563305 15.8050858974 3.6046732105 1.5961279952 1
-5.8761923313 15.8050858974 1.5176158568 -1.448306419 1
-2.6341283321 15.8050858974 -0.2380420136 -1.5806900676 1
0.607935667 15.8050858974 -0.692790022 -1.2766965934 1
3.8499996662 15.8050858974 -1.1327957176 -3.0733861521 1
7.0920636654 15.8050858974 -2.2135986001 -4.4154846174 1
10.3341276646 15.8050858974 -2.3480177821 -3.7328872086 1
13.5761916637 15.8050858974 0.791225342 0.3995408444 1
16.8182556629 15.8050858974 1.8438277907 1.6027368739 1
20.0603196621 15.8050858974 3.3760935098 2.3923582313 1
23.3023836613 15.8050858974 4.0253225427 1.6880059929 1
26.5444476604 15.8050858974 7.1588148282 2.8922331878 1
29.7865116596 15.8050858974 0 -0 0
33.0285756588 15.8050858974 0 -0 0
36.270639658 15.8050858974 0 -0 0
39.5127036572 15.8050858974 0 -0 0
42.7547676563 15.8050858974 0 -0 0
-35.0547683239 12.5630218983 0 -0 0
-31.8127043247 12.5630218983 0 -0 0
-28.5706403255 12.5630218983 0 -0 0
-25.3285763264 12.5630218983 0 -0 0
-22.0865123272 12.5630218983 2.1853351361 -1.1852523335 1
-18.844448328 12.5630218983 2.7564800316 1.7095524834 1
-15.6023843288 12.5630218983 3.2077174694 4.7974964059 1
-12.3603203297 12.5630218983 3.3169143345 5.5753748354 1
-9.1182563305 12.5630218983 2.8508552301 3.894426707 1
-5.8761923313 12.5630218983 1.8828475913 1.2900195771 1
-2.6341283321 12.5630218983 1.4655156819 0.4941135122 1
0.607935667 12.5630218983 0.9063589657 0.5016521041 1
3.8499996662 12.5630218983 -0.6785458926 -0.9689221418 1
7.0920636654 12.5630218983 -2.2618490307 -2.3704639051 1
10.3341276646 12.5630218983 -1.2793076258 -2.0548073662 1
13.5761916637 12.5630218983 2.5727282633 0.9570871975 1
16.8182556629 12.5630218983 3.8916032593 1.4173188458 1
20.0603196621 12.5630218983 4.5419573233 1.8608438115 1
23.3023836613 12.5630218983 4.5384445448 1.2550235142 1
26.5444476604 12.5630218983 6.8372207759 2.3990267433 1
29.7865116596 12.5630218983 7.7330227614 2.7804960953 1
33.0285756588 12.5630218983 0 -0 0
36.270639658 12.5630218983 0 -0 0
39.5127036572 12.5630218983 0 -0 0
42.7547676563 12.5630218983 0 -0 0
-35.0547683239 9.3209578991 0 -0 0
-31.8127043247 9.3209578991 0 -0 0
-28.5706403255 9.3209578991 0 -0 0
-25.3285763264 9.3209578991 1.9257935271 -5.291636904 1
-22.0865123272 9.3209578991 2.6636057804 -1.5258887309 1
-18.844448328 9.3209578991 3.1073819609 1.3754069059 1
-15.6023843288 9.3209578991 2.9594249643 2.1356533555 1
-12.3603203297 9.3209578991 2.2634378429 2.6165253701 1
-9.1182563305 9.3209578991 1.7434599745 2.8920909737 1
-5.8761923313 9.3209578991 1.9999008032 1.8371502205 1
-2.6341283321 9.3209578991 2.9729196013 0.5465422364 1
0.607935667 9.3209578991 2.8499361225 -0.0204686281 1
3.8499996662 9.3209578991 0.8807093271 -0.6550068952 1
7.0920636654 9.3209578991 -0.0902676629 -1.267375985 1
10.3341276646 9.3209578991 1.8167052098 -1.0978275087 1
13.5761916637 9.3209578991 4.078128957 -1.3856464709 1
16.8182556629 9.3209578991 4.6198532006 -2.0665371597 1
20.0603196621 9.3209578991 3.7803945631 -2.5376053098 1
23.3023836613 9.3209578991 4.1994958451 -1.63760197 1
26.5444476604 9.3209578991 5.3559273321 -0.23561575 1
29.7865116596 9.3209578991 6.3339151688 0.5349849643 1
33.0285756588 9.3209578991 0 -0 0
36.270639658 9.3209578991 0 -0 0
39.5127036572 9.3209578991 0 -0 0
42.7547676563 9.3209578991 0 -0 0
-35.0547683239 6.0788938999 0 -0 0
-31.8127043247 6.0788938999 0 -0 0
-28.5706403255 6.0788938999 0 -0 0
-25.3285763264 6.0788938999 1.8513953312 -6.8067090612 1
-22.0865123272 6.0788938999 2.5034188255 -3.4086741224 1
-18.844448328 6.0788938999 3.282285356 -0.5969440702 1
-15.6023843288 6.0788938999 3.6784014 -0.2164246803 1
-12.3603203297 6.0788938999 2.6567843355 -0.0901581622 1
-9.1182563305 6.0788938999 1.6788570378 0.7073132201 1
-5.8761923313 6.0788938999 1.7671041982 0.4491138887 1
-2.6341283321 6.0788938999 2.7772943158 -0.4478857448 1
0.607935667 6.0788938999 2.8043889672 -0.8720928445 1
3.8499996662 6.0788938999 1.4122388439 -0.6591079296 1
7.0920636654 6.0788938999 1.7525144222 -0.4341032827 1
10.3341276646 6.0788938999 3.6932100831 -0.3521213924 1
13.5761916637 6.0788938999 4.9954985688 -1.4427217233 1
16.8182556629 6.0788938999 4.1281572146 -3.277842902 1
20.0603196621 6.0788938999 2.8771702705 -4.4115122851 1
23.3023836613 6.0788938999 3.0292110155 -4.2232365389 1
26.5444476604 6.0788938999 3.8872595399 -3.2719016143 1
29.7865116596 6.0788938999 4.8496500244 -2.4913605205 1
33.0285756588 6.0788938999 5.1220754443 -2.0889781496 1
36.270639658 6.0788938999 0 -0 0
39.5127036572 6.0788938999 0 -0 0
42.7547676563 6.0788938999 0 -0 0
-35.0547683239 2.8368299007 0 -0 0
-31.8127043247 2.8368299007 0 -0 0
-28.5706403255 2.8368299007 2.0287821889 -7.9376552408 1
-25.3285763264 2.8368299007 1.6268094006 -6.8096626454 1
-22.0865123272 2.8368299007 1.7739363621 -4.1515461475 1
-18.844448328 2.8368299007 2.9090724223 -1.3470453112 1
-15.6023843288 2.8368299007 4.2875348174 -0.6976382088 1
-12.3603203297 2.8368299007 4.0063525124 -0.613653055 1
-9.1182563305 2.8368299007 2.2068630573 0.0020290417 1
-5.8761923313 2.8368299007 0.3489629792 -0.1118205979 1
-2.6341283321 2.8368299007 -0.3458453279 -0.4088508472 1
0.607935667 2.8368299007 -0.2463406848 -0.2139490305 1
3.8499996662 2.8368299007 -0.076369265 0.084453228 1
7.0920636654 2.8368299007 0.9894444494 0.2733924417 1
10.3341276646 2.8368299007 2.0344932468 0.2313129059 1
13.5761916637 2.8368299007 2.5361496536 -0.5911661324 1
16.8182556629 2.8368299007 2.0493192915 -2.3698154873 1
20.0603196621 2.8368299007 2.0736913434 -3.6591309387 1
23.3023836613 2.8368299007 2.804395308 -4.0147307638 1
26.5444476604 2.8368299007 3.3399358055 -4.1203674457 1
29.7865116596 2.8368299007 3.6947560196 -4.348292237 1
33.0285756588 2.8368299007 3.6487091524 -4.3193430656 1
36.270639658 2.8368299007 0 -0 0
39.5127036572 2.8368299007 0 -0 0
42.7547676563 2.8368299007 0 -0 0
-35.0547683239 -0.4052340984 0 -0 0
-31.8127043247 -0.4052340984 0 -0 0
-28.5706403255 -0.4052340984 1.4866661771 -5.4534288249 1
-25.3285763264 -0.4052340984 1.2507099135 -4.5711003406 1
-22.0865123272 -0.4052340984 1.2306964515 -2.0884787397 1
-18.844448328 -0.4052340984 2.2148439547 0.4546148336 1
-15.6023843288 -0.4052340984 4.196786229 1.3691307659 1
-12.3603203297 -0.4052340984 5.0752154507 1.2171652042 1
-9.1182563305 -0.4052340984 2.2697805608 1.137210242 1
-5.8761923313 -0.4052340984 -2.5655459992 1.0915127957 1
-2.6341283321 -0.4052340984 -5.2646204553 1.3848285135 1
0.607935667 -0.4052340984 -4.3013235447 1.8912365615 1
3.8499996662 -0.4052340984 -1.5114235054 1.4508828793 1
7.0920636654 -0.4052340984 0.0030145763 0.4506125715 1
10.3341276646 -0.4052340984 0.1108908847 -0.1030624391 1
13.5761916637 -0.4052340984 -0.0090888188 -0.1675580453 1
16.8182556629 -0.4052340984 0.6080812672 -0.7254865798 1
20.0603196621 -0.4052340984 2.4364388604 -1.604433026 1
23.3023836613 -0.4052340984 3.8014277544 -2.7415916361 1
26.5444476604 -0.4052340984 3.6314930959 -4.100279027 1
29.7865116596 -0.4052340984 2.8540198709 -4.9241255171 1
33.0285756588 -0.4052340984 2.2048225418 -4.9492379276 1
36.270639658 -0.4052340984 0 -0 0
39.5127036572 -0.4052340984 0 -0 0
42.7547676563 -0.4052340984 0 -0 0
-35.0547683239 -3.6472980976 0 -0 0
-31.8127043247 -3.6472980976 0 -0 0
-28.5706403255 -3.6472980976 0.368353009 -1.3461730044 1
-25.3285763264 -3.6472980976 0.8018836988 -0.3658544872 1
-22.0865123272 -3.6472980976 1.1884387141 1.9647758871 1
-18.844448328 -3.6472980976 1.8058126979 3.4518187353 1
-15.6023843288 -3.6472980976 3.2468982044 2.8516215557 1
-12.3603203297 -3.6472980976 3.8770026133 1.3730966064 1
-9.1182563305 -3.6472980976 -0.1219378958 1.2677366532 1
-5.8761923313 -3.6472980976 -6.7083295247 1.8622265491 1
-2.6341283321 -3.6472980976 -9.7491951505 2.635579038 1
0.607935667 -3.6472980976 -7.1280470678 3.0323436506 1
3.8499996662 -3.6472980976 -2.3163840557 2.0020222387 1
7.0920636654 -3.6472980976 -0.6779038911 0.3459934676 1
10.3341276646 -3.6472980976 -1.0611759048 -0.6810859689 1
13.5761916637 -3.6472980976 -1.625910825 -0.0755254397 1
16.8182556629 -3.6472980976 -0.4317285566 0.5597084751 1
20.0603196621 -3.6472980976 1.9475708513 -0.1261355419 1
23.3023836613 -3.6472980976 3.6631911357 -2.0643642432 1
26.5444476604 -3.6472980976 3.4851849976 -3.8386612736 1
29.7865116596 -3.6472980976 2.3045233709 -4.1179455791 1
33.0285756588 -3.6472980976 1.3275257488 -3.5312623608 1
36.270639658 -3.6472980976 0 -0 0
39.5127036572 -3.6472980976 0 -0 0
42.7547676563 -3.6472980976 0 -0 0
-35.0547683239 -6.8893620968 0 -0 0
-31.8127043247 -6.8893620968 0 -0 0
-28.5706403255 -6.8893620968 -0.9782908343 4.3985801636 1
-25.3285763264 -6.8893620968 -0.8826331425 4.5472886907 1
-22.0865123272 -6.8893620968 -1.1416848527 4.6181312326 1
-18.844448328 -6.8893620968 -1.1290575403 3.9751997776 1
-15.6023843288 -6.8893620968 -0.1795540938 1.8089583164 1
-12.3603203297 -6.8893620968 0.0400526407 -0.1570091797 1
-9.1182563305 -6.8893620968 -3.868068489 0.1945775889 1
-5.8761923313 -6.8893620968 -9.4838115923 1.6374152197 1
-2.6341283321 -6.8893620968 -10.811531338 3.1995197786 1
0.607935667 -6.8893620968 -6.8724415582 4.1759761719 1
3.8499996662 -6.8893620968 -2.2857358638 3.5870063565 1
7.0920636654 -6.8893620968 -1.6679968336 1.8769515946 1
10.3341276646 -6.8893620968 -2.6479746108 0.0974927743 1
13.5761916637 -6.8893620968 -3.1478275256 -0.0790317123 1
16.8182556629 -6.8893620968 -1.7362928074 0.1645327312 1
20.0603196621 -6.8893620968 0.3473547673 -0.6600869725 1
23.3023836613 -6.8893620968 2.1567232325 -2.4665310284 1
26.5444476604 -6.8893620968 2.7607056921 -3.5072405602 1
29.7865116596 -6.8893620968 2.0359855889 -2.6953874578 1
33.0285756588 -6.8893620968 1.0239568032 -1.528201295 1
36.270639658 -6.8893620968 0 -0 0
39.5127036572 -6.8893620968 0 -0 0
42.7547676563 -6.8893620968 0 -0 0
-35.0547683239 -10.131426096 0 -0 0
-31.8127043247 -10.131426096 0 -0 0
-28.5706403255 -10.131426096 -2.0279088253 8.2913093599 1
-25.3285763264 -10.131426096 -3.1913368828 6.4161306102 1
-22.0865123272 -10.131426096 -4.4258466193 4.3547658462 1
-18.844448328 -10.131426096 -4.7628263635 2.4468482671 1
-15.6023843288 -10.131426096 -3.6129007935 0.0762704974 1
-12.3603203297 -10.131426096 -3.5102551364 -1.5280337179 1
-9.1182563305 -10.131426096 -5.9447123598 -0.2951278717 1
-5.8761923313 -10.131426096 -8.6987681093 2.0358910814 1
-2.6341283321 -10.131426096 -7.5453062094 3.7904796854 1
0.607935667 -10.131426096 -3.3495915681 4.4679800327 1
3.8499996662 -10.131426096 -0.8529297232 4.1397197329 1
7.0920636654 -10.131426096 -2.1117600306 3.0793618611 1
10.3341276646 -10.131426096 -4.2558730105 1.2111725865 1
13.5761916637 -10.131426096 -4.7468065961 -0.3865421073 1
16.8182556629 -10.131426096 -3.1520915326 -2.1840325638 1
20.0603196621 -10.131426096 -1.2331033721 -3.8615284528 1
23.3023836613 -10.131426096 0.8974225769 -4.7670583648 1
26.5444476604 -10.131426096 2.2701777638 -3.9123402467 1
29.7865116596 -10.131426096 2.1251323817 -2.0751171075 1
33.0285756588 -10.131426096 1.0539672963 -0.555296102 1
36.270639658 -10.131426096 0 -0 0
39.5127036572 -10.131426096 0 -0 0
42.7547676563 -10.131426096 0 -0 0
-35.0547683239 -13.3734900951 0 -0 0
-31.8127043247 -13.3734900951 0 -0 0
-28.5706403255 -13.3734900951 0 -0 0
-25.3285763264 -13.3734900951 -5.1841906913 5.3865755239 1
-22.0865123272 -13.3734900951 -6.210952222 2.794074068 1
-18.844448328 -13.3734900951 -5.9017437784 1.1367271368 1
-15.6023843288 -13.3734900951 -4.3334533598 -0.2180929972 1
-12.3603203297 -13.3734900951 -4.0989498839 -0.5478412609 1
-9.1182563305 -13.3734900951 -5.2667823509 1.0744452185 1
-5.8761923313 -13.3734900951 -5.8573989511 3.1412098906 1
-2.6341283321 -13.3734900951 -3.4024903762 4.0764909285 1
0.607935667 -13.3734900951 -0.0664688313 4.0778327531 1
3.8499996662 -13.3734900951 0.3764806495 3.6906251685 1
7.0920636654 -13.3734900951 -2.3500425967 3.1366880262 1
10.3341276646 -13.3734900951 -5.1749343963 1.6351198663 1
13.5761916637 -13.3734900951 -5.3775360224 -0.8013061617 1
16.8182556629 -13.3734900951 -3.5962433273 -4.2567513561 1
20.0603196621 -13.3734900951 -1.9616710305 -7.2073040939 1
23.3023836613 -13.3734900951 -0.0308951133 -7.8736673574 1
26.5444476604 -13.3734900951 1.3652917405 -5.7181680416 1
29.7865116596 -13.3734900951 1.7260423725 -2.643235953 1
33.0285756588 -13.3734900951 0.8437778996 -0.5193591918 1
36.270639658 -13.3734900951 0 -0 0
39.5127036572 -13.3734900951 0 -0 0
42.7547676563 -13.3734900951 0 -0 0
-35.0547683239 -16.6155540943 0 -0 0
-31.8127043247 -16.6155540943 0 -0 0
-28.5706403255 -16.6155540943 0 -0 0
-25.3285763264 -16.6155540943 -7.6837756244 2.5266400303 1
-22.0865123272 -16.6155540943 -7.1844181943 1.6891354022 1
-18.844448328 -16.6155540943 -5.021601345 1.4284711776 1
-15.6023843288 -16.6155540943 -2.9521506082 1.0200132308 1
-12.3603203297 -16.6155540943 -2.7020286442 0.9529904656 1
-9.1182563305 -16.6155540943 -3.6383700979 2.2603932235 1
-5.8761923313 -16.6155540943 -3.825754817 3.8016961797 1
-2.6341283321 -16.6155540943 -1.9638933143 3.9736903759 1
0.607935667 -16.6155540943 0.3777882416 3.3216958679 1
3.8499996662 -16.6155540943 0.266530197 2.5949317769 1
7.0920636654 -16.6155540943 -2.1047131869 1.8826286842 1
10.3341276646 -16.6155540943 -4.5360912187 0.7607961326 1
13.5761916637 -16.6155540943 -4.3352568518 -1.4123482975 1
16.8182556629 -16.6155540943 -2.5045482348 -4.7585988913 1
20.0603196621 -16.6155540943 -1.4938363637 -7.8385812407 1
23.3023836613 -16.6155540943 -0.7133938535 -8.6301714026 1
26.5444476604 -16.6155540943 -0.1429046601 -6.5686481196 1
29.7865116596 -16.6155540943 0.5957223425 -3.7129379846 1
33.0285756588 -16.6155540943 0 -0 0
36.270639658 -16.6155540943 0 -0 0
39.5127036572 -16.6155540943 0 -0 0
42.7547676563 -16.6155540943 0 -0 0
-35.0547683239 -19.8576180935 0 -0 0
-31.8127043247 -19.8576180935 0 -0 0
-28.5706403255 -19.8576180935 0 -0 0
-25.3285763264 -19.8576180935 0 -0 0
-22.0865123272 -19.8576180935 -7.144556583 1.5314399112 1
-18.844448328 -19.8576180935 -3.7153921588 2.5878120145 1
-15.6023843288 -19.8576180935 -1.4673277792 2.8890311063 1
-12.3603203297 -19.8576180935 -1.8207654068 2.556968165 1
-9.1182563305 -19.8576180935 -2.9605780759 2.7714067735 1
-5.8761923313 -19.8576180935 -3.1403252042 3.6855235779 1
-2.6341283321 -19.8576180935 -2.331115593 3.831578046 1
0.607935667 -19.8576180935 -1.2639340871 3.2276751478 1
3.8499996662 -19.8576180935 -1.1961640941 1.8798373932 1
7.0920636654 -19.8576180935 -2.1455366304 0.3225532048 1
10.3341276646 -19.8576180935 -3.0369515681 -0.7946993966 1
13.5761916637 -19.8576180935 -2.2978565196 -1.8988845693 1
16.8182556629 -19.8576180935 -0.3861298449 -3.8060785474 1
20.0603196621 -19.8576180935 -0.0105746355 -6.3452149987 1
23.3023836613 -19.8576180935 -0.6643146711 -7.418652943 1
26.5444476604 -19.8576180935 -1.2438954131 -6.6182932145 1
29.7865116596 -19.8576180935 -0.5638873348 -4.8172191744 1
33.0285756588 -19.8576180935 0 -0 0
36.270639658 -19.8576180935 0 -0 0
39.5127036572 -19.8576180935 0 -0 0
42.7547676563 -19.8576180935 0 -0 0
-35.0547683239 -23.0996820927 0 -0 0
-31.8127043247 -23.0996820927 0 -0 0
-28.5706403255 -23.0996820927 0 -0 0
-25.3285763264 -23.0996820927 0 -0 0
-22.0865123272 -23.0996820927 -7.0154769209 1.490080221 1
-18.844448328 -23.0996820927 -3.0435109285 3.5772636349 1
-15.6023843288 -23.0996820927 -1.2006902611 3.9684619702 1
-12.3603203297 -23.0996820927 -1.8550165064 3.1465907763 1
-9.1182563305 -23.0996820927 -2.7605510984 2.2945756316 1
-5.8761923313 -23.0996820927 -2.5167395447 2.8969733553 1
-2.6341283321 -23.0996820927 -2.4310517849 3.6141677368 1
0.607935667 -23.0996820927 -2.7380640626 3.2987664888 1
3.8499996662 -23.0996820927 -2.9738492768 1.9130105644 1
7.0920636654 -23.0996820927 -2.8982852877 0.0319815621 1
10.3341276646 -23.0996820927 -2.2379170575 -1.327203729 1
13.5761916637 -23.0996820927 -0.9474679697 -2.369409679 1
16.8182556629 -23.0996820927 0.8647045813 -3.8914444384 1
20.0603196621 -23.0996820927 1.1326883776 -5.0606446969 1
23.3023836613 -23.0996820927 0.0979758795 -5.3791870343 1
26.5444476604 -23.0996820927 -0.9556855886 -5.1324380502 1
29.7865116596 -23.0996820927 0 -0 0
33.0285756588 -23.0996820927 0 -0 0
36.270639658 -23.0996820927 0 -0 0
39.5127036572 -23.0996820927 0 -0 0
42.7547676563 -23.0996820927 0 -0 0
-35.0547683239 -26.3417460918 0 -0 0
-31.8127043247 -26.3417460918 0 -0 0
-28.5706403255 -26.3417460918 0 -0 0
-25.3285763264 -26.3417460918 0 -0 0
-22.0865123272 -26.3417460918 0 -0 0
-18.844448328 -26.3417460918 -1.4913427861 5.0580166048 1
-15.6023843288 -26.3417460918 -0.9175835369 5.6835360437 1
-12.3603203297 -26.3417460918 -1.9839024736 4.6124218353 1
-9.1182563305 -26.3417460918 -2.5469174639 2.9439483883 1
-5.8761923313 -26.3417460918 -1.6524280147 2.6323863167 1
-2.6341283321 -26.3417460918 -1.6402151161 2.9207185782 1
0.607935667 -26.3417460918 -2.8410364195 2.3969187441 1
3.8499996662 -26.3417460918 -3.5159793288 0.9997550459 1
7.0920636654 -26.3417460918 -3.2978132619 -0.5060838014 1
10.3341276646 -26.3417460918 -2.2365664766 -1.7916589242 1
13.5761916637 -26.3417460918 -1.1867317676 -3.0663587836 1
16.8182556629 -26.3417460918 0.4585247774 -4.5502259701 1
20.0603196621 -26.3417460918 1.2691634741 -5.3571079203 1
23.3023836613 -26.3417460918 1.0990814685 -5.2950741973 1
26.5444476604 -26.3417460918 0 -0 0
29.7865116596 -26.3417460918 0 -0 0
33.0285756588 -26.3417460918 0 -0 0
36.270639658 -26.3417460918 0 -0 0
39.5127036572 -26.3417460918 0 -0 0
42.7547676563 -26.3417460918 0 -0 0
-35.0547683239 -29.583810091 0 -0 0
-31.8127043247 -29.583810091 0 -0 0
-28.5706403255 -29.583810091 0 -0 0
-25.3285763264 -29.583810091 0 -0 0
-22.0865123272 -29.583810091 0 -0 0
-18.844448328 -29.583810091 0 -0 0
-15.6023843288 -29.583810091 -1.4334074556 7.401540754 1
-12.3603203297 -29.583810091 -2.771684257 5.905377937 1
-9.1182563305 -29.583810091 -3.1044036175 3.7288439203 1
-5.8761923313 -29.583810091 -1.837014951 2.0464507036 1
-2.6341283321 -29.583810091 -1.7188173838 1.4307256181 1
0.607935667 -29.583810091 -2.6706977643 0.6562071096 1
3.8499996662 -29.583810091 -3.5459575142 -0.1251521492 1
7.0920636654 -29.583810091 -3.5795472127 -0.9562583702 1
10.3341276646 -29.583810091 -3.0633076725 -2.0070142248 1
13.5761916637 -29.583810091 -2.336775472 -3.2182878105 1
16.8182556629 -29.583810091 -1.0401412038 -4.4570905403 1
20.0603196621 -29.583810091 0.267997044 -4.9921886946 1
23.3023836613 -29.583810091 0 -0 0
26.5444476604 -29.583810091 0 -0 0
29.7865116596 -29.583810091 0 -0 0
33.0285756588 -29.583810091 0 -0 0
36.270639658 -29.583810091 0 -0 0
39.5127036572 -29.583810091 0 -0 0
42.7547676563 -29.583810091 0 -0 0
-35.0547683239 -32.8258740902 0 -0 0
-31.8127043247 -32.8258740902 0 -0 0
-28.5706403255 -32.8258740902 0 -0 0
-25.3285763264 -32.8258740902 0 -0 0
-22.0865123272 -32.8258740902 0 -0 0
-18.844448328 -32.8258740902 0 -0 0
-15.6023843288 -32.8258740902 0 -0 0
-12.3603203297 -32.8258740902 0 -0 0
-9.1182563305 -32.8258740902 -3.9692430909 4.5612845494 1
-5.8761923313 -32.8258740902 -2.8012998116 1.8814179019 1
-2.6341283321 -32.8258740902 -2.6592862163 0.3047480996 1
0.607935667 -32.8258740902 -2.6337969838 -0.4620224588 1
3.8499996662 -32.8258740902 -3.106851451 -1.379853587 1
7.0920636654 -32.8258740902 -3.0236694973 -2.2187657118 1
10.3341276646 -32.8258740902 -3.4485390551 -3.0117238162 1
13.5761916637 -32.8258740902 -3.3147596854 -3.2435219031 1
16.8182556629 -32.8258740902 -2.56254652 -3.325546518 1
20.0603196621 -32.8258740902 0 -0 0
23.3023836613 -32.8258740902 0 -0 0
26.5444476604 -32.8258740902 0 -0 0
29.7865116596 -32.8258740902 0 -0 0
33.0285756588 -32.8258740902 0 -0 0
36.270639658 -32.8258740902 0 -0 0
39.5127036572 -32.8258740902 0 -0 0
42.7547676563 -32.8258740902 0 -0 0
-35.0547683239 -36.0679380894 0 -0 0
-31.8127043247 -36.0679380894 0 -0 0
-28.5706403255 -36.0679380894 0 -0 0
-25.3285763264 -36.0679380894 0 -0 0
-22.0865123272 -36.0679380894 0 -0 0
-18.844448328 -36.0679380894 0 -0 0
-15.6023843288 -36.0679380894 0 -0 0
-12.3603203297 -36.0679380894 0 -0 0
-9.1182563305 -36.0679380894 0 -0 0
-5.8761923313 -36.0679380894 0 -0 0
-2.6341283321 -36.0679380894 0 -0 0
0.607935667 -36.0679380894 0 -0 0
3.8499996662 -36.0679380894 0 -0 0
7.0920636654 -36.0679380894 0 -0 0
10.3341276646 -36.0679380894 0 -0 0
13.5761916637 -36.0679380894 0 -0 0
16.8182556629 -36.0679380894 0 -0 0
20.0603196621 -36.0679380894 0 -0 0
23.3023836613 -36.0679380894 0 -0 0
26.5444476604 -36.0679380894 0 -0 0
29.7865116596 -36.0679380894 0 -0 0
33.0285756588 -36.0679380894 0 -0 0
36.270639658 -36.0679380894 0 -0 0
39.5127036572 -36.0679380894 0 -0 0
42.7547676563 -36.0679380894 0 -0 0
-35.0547683239 -39.3100020885 0 -0 0
-31.8127043247 -39.3100020885 0 -0 0
-28.5706403255 -39.3100020885 0 -0 0
-25.3285763264 -39.3100020885 0 -0 0
-22.0865123272 -39.3100020885 0 -0 0
-18.844448328 -39.3100020885 0 -0 0
-15.6023843288 -39.3100020885 0 -0 0
-12.3603203297 -39.3100020885 0 -0 0
-9.1182563305 -39.3100020885 0 -0 0
-5.8761923313 -39.3100020885 0 -0 0
-2.6341283321 -39.3100020885 0 -0 0
0.607935667 -39.3100020885 0 -0 0
3.8499996662 -39.3100020885 0 -0 0
7.0920636654 -39.3100020885 0 -0 0
10.3341276646 -39.3100020885 0 -0 0
13.5761916637 -39.3100020885 0 -0 0
16.8182556629 -39.3100020885 0 -0 0
20.0603196621 -39.3100020885 0 -0 0
23.3023836613 -39.3100020885 0 -0 0
26.5444476604 -39.3100020885 0 -0 0
29.7865116596 -39.3100020885 0 -0 0
33.0285756588 -39.3100020885 0 -0 0
36.270639658 -39.3100020885 0 -0 0
39.5127036572 -39.3100020885 0 -0 0
42.7547676563 -39.3100020885 0 -0 0
-35.0547683239 -42.5520660877 0 -0 0
-31.8127043247 -42.5520660877 0 -0 0
-28.5706403255 -42.5520660877 0 -0 0
-25.3285763264 -42.5520660877 0 -0 0
-22.0865123272 -42.5520660877 0 -0 0
-18.844448328 -42.5520660877 0 -0 0
-15.6023843288 -42.5520660877 0 -0 0
-12.3603203297 -42.5520660877 0 -0 0
-9.1182563305 -42.5520660877 0 -0 0
-5.8761923313 -42.5520660877 0 -0 0
-2.6341283321 -42.5520660877 0 -0 0
0.607935667 -42.5520660877 0 -0 0
3.8499996662 -42.5520660877 0 -0 0
7.0920636654 -42.5520660877 0 -0 0
10.3341276646 -42.5520660877 0 -0 0
13.5761916637 -42.5520660877 0 -0 0
16.8182556629 -42.5520660877 0 -0 0
20.0603196621 -42.5520660877 0 -0 0
23.3023836613 -42.5520660877 0 -0 0
26.5444476604 -42.5520660877 0 -0 0
29.7865116596 -42.5520660877 0 -0 0
33.0285756588 -42.5520660877 0 -0 0
36.270639658 -42.5520660877 0 -0 0
39.5127036572 -42.5520660877 0 -0 0
42.7547676563 -42.5520660877 0 -0 0
