,0,1,2,3,4,5,6,7,8,9,10,11,12,13,14,15,16,17,18,19,20,21,22,23,24
0,1.0,1.0,1.0,1.0,1.0,1.0,1.0,1.0,1.0,1.0,1.0,1.0,1.0,1.0,1.0,1.0,1.0,1.0,1.0,1.0,1.0,1.0,1.0,1.0,1.0
1,1.0,1.0,1.0,1.0,1.0,1.0,1.0,1.0,1.0,1.0,1.0,1.0,1.0,1.0,1.0,1.0,1.0,1.0,1.0,1.0,1.0,1.0,1.0,1.0,1.0
2,1.0,1.0,1.0,1.0,1.0,1.0,1.0,1.0,1.0,1.0,1.0,1.0,1.0,1.0,1.0,1.0,1.0,1.0,1.0,1.0,1.0,1.0,1.0,1.0,1.0
3,1.0,1.0,1.0,1.0,1.0,1.0,1.0,1.0,1.039966550509909,1.2845805787884501,1.0523340133418821,1.193863205490105,1.1604560234887096,0.9490893947336977,1.032353243505328,1.0521505275774883,2.0,1.0,1.0,1.0,1.0,1.0,1.0,1.0,1.0
4,1.0,1.0,1.0,1.0,1.0,1.0,1.0222945213243944,1.0390003688682854,0.9745365511833972,0.8843211219515621,0.9350103776265405,0.9179747555344142,0.9701583438147912,1.0374315748480627,1.0409115616540383,0.9694167780696672,0.9937425318846302,0.9934876510603219,1.0,1.0,1.0,1.0,1.0,1.0,1.0
5,1.0,1.0,1.0,1.0,1.0,0.984460733302579,1.0408765279881185,1.0812550292552252,1.0426295069280804,1.0495685511183577,1.0250260419038801,0.9472293336844754,0.916038284597377,0.9111594581108254,0.9903134625505776,1.0654374308211814,1.0026024698922207,1.0337507381204523,1.0117399172989288,1.0,1.0,1.0,1.0,1.0,1.0
6,1.0,1.0,1.0,1.0,0.8742380643683221,1.0095628778825443,1.2278968146532316,1.7344399326571824,0.6791880961932389,0.8847457959252467,0.9210373417673016,0.9847239754918372,0.98552284073908,0.9468409948915177,0.9311812444417126,1.1373479094746883,0.9980953862612967,1.3282892872553491,0.9870993373410386,0.9923427048388143,1.0,1.0,1.0,1.0,1.0
7,1.0,1.0,1.0,1.0,0.952632176114675,0.968575466979535,0.7936119892774857,0.9726717529853323,0.9614862600835234,0.9573060121885253,1.026782306716972,1.0471630588273735,1.1754917395044755,0.8937218974199016,1.0144754520823744,1.0842546866612373,1.0609809917820427,0.8540031594117001,0.7095846131655575,1.0849906226041968,0.9126964297185556,1.0,1.0,1.0,1.0
8,1.0,1.0,1.0,0.977996498211272,0.9508503470669873,0.9343445966713322,0.9131188290133713,1.0034724478550325,1.030658099075093,1.031691431615537,1.0264083724614923,1.0796739247545795,0.819143281963688,0.9431188170790415,1.3222172504111072,0.7772870116405226,1.0057082027748832,0.9928753999887066,1.18463384693255,0.9665231482786725,1.0221475992347522,1.0,1.0,1.0,1.0
9,1.0,1.0,1.0,0.9231360343143893,1.1546393615723551,0.9570800556987867,0.9628647919527166,0.9999780880068628,1.0489026120014984,1.007516063998693,0.9374156474891057,0.9693561527736007,0.9062507446995557,1.1048538945952913,0.8313046202475938,0.9652211914960451,1.0339382801940342,1.0321785327762147,0.8976476438547456,0.8554276771346048,0.9021278968138362,1.0529150479768996,1.0,1.0,1.0
10,1.0,1.0,1.004032786734234,0.9802663685911269,0.9440249153838548,0.9184957332723176,0.9620080539661944,1.0654457880519417,1.0460084834003587,1.010858611377084,0.8943588861264485,0.9806025301615295,0.984297529911048,0.9292837780983703,0.9904387181628516,0.9898699695166645,0.9738323074903769,0.9528263918183375,0.9886007733123635,0.9650933836067326,0.958545370973603,1.0000028990497456,1.0,1.0,1.0
11,1.0,1.0,1.0555756651518515,0.9262160704733209,0.97401738513489,1.0277721479440656,1.115997650900402,1.1236196296583354,0.9077157943813421,0.8282984910218774,0.8724423345091805,0.9569959721388057,0.926303963770625,1.011708561443181,1.086815018942873,1.0417726264104354,0.9832112256669575,0.9675116658216982,1.0046578138798272,1.0650360097209357,0.9554923883836208,0.9856699973209572,1.0,1.0,1.0
12,1.0,1.0,1.2713436349439036,0.8891342755139614,0.966828072474003,1.0604033242930575,1.0774769825317958,1.0359411052526906,0.9557921929411535,0.984035608139514,1.0187314095324822,0.9367959793459074,1.4054080061368852,1.0500583628785298,1.057165750915002,1.0005946608212346,1.0325349826542478,1.0002463936678465,1.070509478199098,1.01391920941307,0.9032464780947076,0.9903622136139058,1.0,1.0,1.0
13,1.0,1.0,1.0338970781793808,0.9636947495286268,0.9977418426905423,1.0238855826508229,0.9721586979502594,0.9525514307820447,0.9767165245478847,1.0082503188905971,1.1110658677988636,1.0324346953545291,1.0357897549913793,1.1330094298137543,1.0999740622540815,0.9646303062815764,0.9513046408670998,1.0112548884996684,1.0330135424033648,0.9682234462015882,0.9926530378170184,0.9912598043223808,1.0,1.0,1.0
14,1.0,1.0,0.9820578406927658,0.9585693663504062,1.0118346379675247,1.0338927425683584,1.004001847201636,1.0592968895379864,1.0469264033702357,1.0110555162128412,1.0212683025404545,1.02065386166167,1.0397572609991736,0.8984406275749073,0.6871050884699867,1.187048096110355,0.9595893707708325,0.9689063222127466,0.9498147195280361,0.8989488395436788,1.0353316612195131,1.0066679310273472,1.0,1.0,1.0
15,1.0,1.0,1.0,0.9960869811653561,1.006610775746343,0.9950303621328729,1.0163816268657515,1.0136903457738309,1.0359923528364716,0.9586309267790712,1.019200751507811,1.110630917033363,1.0441791745808746,0.9786783177549832,1.0359891848700329,1.4359247706823177,0.9874135166993754,0.9889145246767422,1.03898872429013,1.0768642652473635,1.164850606741047,1.0224920946679563,1.0,1.0,1.0
16,1.0,1.0,1.0,1.0467275305146964,1.0656240502235539,0.9959462493716913,1.0198008639941756,1.0511391382161772,1.104667984919574,0.8708273670881177,1.095713829187538,1.4320420887329157,0.7680747659341438,0.8975060582801963,0.948511981893135,0.9442787042223083,0.9489083058572542,1.0200293890531045,1.0128065787679104,1.0118997870602622,1.0076662694964589,1.0,1.0,1.0,1.0
17,1.0,1.0,1.0,1.0,1.0168417640691725,0.9723439254847723,0.9747643145717803,0.970539626691592,1.2527099173039697,0.9195571890414314,1.0283301231842128,1.0259611004878142,0.9883616323892754,1.3190072312514065,0.7253529310593114,0.7468778247114534,0.9998237873426947,0.7832901289829579,0.9084354951058903,0.9084414436417126,1.0035782993379643,1.0,1.0,1.0,1.0
18,1.0,1.0,1.0,1.0,0.9975996208997756,0.8664822690610868,0.8737307988460411,0.9313623906766255,1.0450417136918881,0.9824139527739353,0.9739163033601322,1.0160144401739275,1.049690841049653,0.9621318181278335,0.9587370483006991,0.9512677317894465,1.0600750636913576,1.279354023021741,0.9840097616863416,1.0177793985307666,1.0,1.0,1.0,1.0,1.0
19,1.0,1.0,1.0,1.0,1.0,0.9374817673491825,1.0630924504311032,0.8650347027651599,0.9789992035248829,0.955782050299389,0.9882548659303177,1.0243842740517286,1.0578890730131532,1.0032016034224736,0.9220099815169656,0.7469041311946423,0.912516580562968,1.1346517292588938,0.9773412498947683,1.0,1.0,1.0,1.0,1.0,1.0
20,1.0,1.0,1.0,1.0,1.0,1.0,0.7580309128842968,1.1150996414183878,1.1506844811565176,0.9421878055034435,0.952553353773355,0.9987592142732655,1.0380562227245267,1.0877844195102995,1.0773316974681761,0.9634406635443836,0.9261396489040473,1.1167280708387042,1.0,1.0,1.0,1.0,1.0,1.0,1.0
21,1.0,1.0,1.0,1.0,1.0,1.0,1.0,1.0,1.0985068606332422,1.0518548558763348,1.0112685908913712,1.0372595103327376,1.0589867538758524,1.0229023092280343,1.121214828036849,1.358579028661683,2.0,1.0,1.0,1.0,1.0,1.0,1.0,1.0,1.0
22,1.0,1.0,1.0,1.0,1.0,1.0,1.0,1.0,1.0,1.0,1.0,1.0,1.0,1.0,1.0,1.0,1.0,1.0,1.0,1.0,1.0,1.0,1.0,1.0,1.0
23,1.0,1.0,1.0,1.0,1.0,1.0,1.0,1.0,1.0,1.0,1.0,1.0,1.0,1.0,1.0,1.0,1.0,1.0,1.0,1.0,1.0,1.0,1.0,1.0,1.0
24,1.0,1.0,1.0,1.0,1.0,1.0,1.0,1.0,1.0,1.0,1.0,1.0,1.0,1.0,1.0,1.0,1.0,1.0,1.0,1.0,1.0,1.0,1.0,1.0,1.0
