,0,1,2,3,4,5,6,7,8,9,10,11,12,13,14,15,16,17,18,19,20,21,22,23,24
0,0.0,0.0,0.0,0.0,0.0,0.0,0.0,0.0,0.0,0.0,0.0,0.0,0.0,0.0,0.0,0.0,0.0,0.0,0.0,0.0,0.0,0.0,0.0,0.0,0.0
1,0.0,0.0,0.0,0.0,0.0,0.0,0.0,0.0,0.0,0.0,0.0,0.0,0.0,0.0,0.0,0.0,0.0,0.0,0.0,0.0,0.0,0.0,0.0,0.0,0.0
2,0.0,0.0,0.0,0.0,0.0,0.0,0.0,0.0,0.0,0.0,0.0,0.0,0.0,0.0,0.0,0.0,0.0,0.0,0.0,0.0,0.0,0.0,0.0,0.0,0.0
3,0.0,0.0,0.0,0.0,0.0,0.0,0.0,0.0,6.9387139252,6.1369882168,5.063757102,4.7261813268,5.4326100116,5.9352501412,5.726362713,3.7293167595,2.5227427303,0.0,0.0,0.0,0.0,0.0,0.0,0.0,0.0
4,0.0,0.0,0.0,0.0,0.0,0.0,0.6399499413,5.0278554433,7.0562509971,6.1960061558,3.9363816734,3.1048761548,3.7784965637,5.166586339,5.6802195268,5.1017089382,4.5901989976,4.7450021983,0.0,0.0,0.0,0.0,0.0,0.0,0.0
5,0.0,0.0,0.0,0.0,0.0,-3.3701745657,0.3752925883,3.8242475289,6.4030499339,6.3362745337,5.144232459,3.9560238237,3.953037026,4.7208843806,5.2213426865,5.5969642015,5.2982874506,4.6170478693,4.9882015672,0.0,0.0,0.0,0.0,0.0,0.0
6,0.0,0.0,0.0,0.0,-2.8078108615,-1.5949834889,0.7669498357,2.8935294193,4.9381850853,5.9294329511,6.6871441553,5.7400406281,4.607532811,3.6361716675,3.5377876019,4.6620916893,4.796731892,4.2743750326,4.7730295447,6.5338355612,0.0,0.0,0.0,0.0,0.0
7,0.0,0.0,0.0,0.0,0.0527514611,0.6243887464,2.3109753914,2.913154359,3.7550626416,4.7457760724,6.427512568,6.1762417195,4.8758729729,3.1077853537,2.2117262656,3.0876860651,3.8519865219,4.477515321,5.6304101761,7.1569246792,8.1947994404,0.0,0.0,0.0,0.0
8,0.0,0.0,0.0,0.5355779004,-0.0281832822,0.9261555587,2.7393932057,3.2689407835,2.9903394679,2.753854053,3.5847819591,4.2650864299,5.0176332399,4.1826321534,2.8464127761,2.8105277242,4.0617465588,5.6589417635,6.7668130286,7.2539786959,7.3382443149,0.0,0.0,0.0,0.0
9,0.0,0.0,0.0,-2.3132653099,-2.1846337278,-0.1933343857,2.2364912934,2.2788843758,0.9669746996,-0.2852596371,-0.4920050223,1.0691632939,3.6877606568,4.5857438621,3.6605328495,3.2746477652,4.5216518091,6.0696753621,6.3698080712,6.0302799472,5.6356041606,5.4777229761,0.0,0.0,0.0
10,0.0,0.0,-2.6017529199,-3.810838643,-3.0088285065,-0.9320794849,0.176071434,-1.3128930971,-3.1436489678,-3.9831999992,-3.8873842414,-1.4943837822,1.9517835284,4.1709624461,4.2493544121,4.3556010143,5.3295884383,5.9653977154,5.5029501241,4.8056318969,4.4591207897,4.5834678329,0.0,0.0,0.0
11,0.0,0.0,-4.2164513268,-4.0277851713,-2.6645653481,-1.9256357631,-3.0660622778,-5.1631744087,-6.7953379733,-7.0149316159,-5.8143917213,-2.1566287251,1.5134203904,4.2831415798,5.5072956551,6.8574157797,7.1727952879,6.3479590361,5.0848002573,4.091267304,4.1170587792,4.3375609615,0.0,0.0,0.0
12,0.0,0.0,-4.6961231271,-3.6680264145,-2.8892285755,-3.8822008249,-5.8870875754,-7.0529574276,-8.0755195666,-8.0447723381,-5.8730473314,-1.0365826813,3.4114719052,6.8188168845,8.9652640172,10.4613742965,9.4574431083,7.2266669491,5.4191217153,4.3404079606,4.5452702169,4.7054319598,0.0,0.0,0.0
13,0.0,0.0,-4.7065328357,-4.1379612301,-4.6746330995,-6.137389798,-7.1230251896,-6.7755844068,-7.2141835115,-6.5048371735,-3.1161744749,2.1235263589,6.5171056292,9.7770286509,12.1398398681,12.6051196635,10.1015829301,7.0960395387,5.4036170588,5.0531620017,5.4592943255,5.5630924903,0.0,0.0,0.0
14,0.0,0.0,-4.0606625916,-2.6507896042,-2.8218837151,-3.4219948416,-4.4117248514,-3.9432976258,-4.0275339566,-2.5548277072,0.6806887659,4.5035365731,7.3804018835,9.7746282221,11.6705672086,11.2809308127,8.4926772561,5.9144120037,5.043532206,5.7684152063,6.4396844027,6.4690270029,0.0,0.0,0.0
15,0.0,0.0,0.0,0.5879754869,2.668829657,3.266875207,1.4071307616,0.6939773284,1.0010089303,2.3620599887,3.9786307301,5.1710158095,5.9032015482,6.74646947,7.4659483351,7.1757995981,5.8768777515,4.9766831322,5.0880014329,6.1262264453,6.717390766,6.7904241899,0.0,0.0,0.0
16,0.0,0.0,0.0,2.1650013906,5.2595617403,6.2611480567,4.6434051814,4.641710992,6.2442653427,6.3610004601,4.9996725975,3.734031564,3.0011866886,2.5805781184,2.2759363774,3.2316643887,4.5232040864,5.1269288396,5.3337968882,5.4840619197,5.9987380108,0.0,0.0,0.0,0.0
17,0.0,0.0,0.0,0.0,1.7433719588,2.0050947876,2.4023639432,4.9934502029,8.1685076494,7.7501856764,4.5423157269,2.0948578415,1.0954334206,0.3566196299,-0.9482753592,0.0534013696,2.7213507373,4.6004752484,5.1677155973,4.6207828761,5.0394578178,0.0,0.0,0.0,0.0
18,0.0,0.0,0.0,0.0,-5.0287543209,-4.5226385515,-2.0479601053,2.8783297229,6.5631165655,6.6080948644,3.9071915533,1.7035920224,0.7913971463,0.0017391786,-1.8630618681,-2.3287945746,-0.4193374374,2.0200666697,4.0577506752,4.1730708982,0.0,0.0,0.0,0.0,0.0
19,0.0,0.0,0.0,0.0,0.0,-6.6586463853,-2.952411183,1.5741843017,4.1192037661,4.497928024,3.0171765638,1.4755921989,0.8785900806,0.7191246131,-0.7759957535,-2.3462636575,-2.1159791994,-0.0644306606,2.6685265085,0.0,0.0,0.0,0.0,0.0,0.0
20,0.0,0.0,0.0,0.0,0.0,0.0,0.551596611,3.2110158699,3.9183672856,3.2251457903,2.1167778327,0.853404223,0.6888800405,1.4230818375,1.0493366578,-0.7884126131,-1.8705223707,-0.990465311,0.0,0.0,0.0,0.0,0.0,0.0,0.0
21,0.0,0.0,0.0,0.0,0.0,0.0,0.0,0.0,4.6434565114,2.9204676654,0.844934861,-0.6485375886,-0.7527165006,0.824898829,1.7115735237,1.1003650186,0.0,0.0,0.0,0.0,0.0,0.0,0.0,0.0,0.0
22,0.0,0.0,0.0,0.0,0.0,0.0,0.0,0.0,0.0,0.0,0.0,0.0,0.0,0.0,0.0,0.0,0.0,0.0,0.0,0.0,0.0,0.0,0.0,0.0,0.0
23,0.0,0.0,0.0,0.0,0.0,0.0,0.0,0.0,0.0,0.0,0.0,0.0,0.0,0.0,0.0,0.0,0.0,0.0,0.0,0.0,0.0,0.0,0.0,0.0,0.0
24,0.0,0.0,0.0,0.0,0.0,0.0,0.0,0.0,0.0,0.0,0.0,0.0,0.0,0.0,0.0,0.0,0.0,0.0,0.0,0.0,0.0,0.0,0.0,0.0,0.0
