TITLE = "B00070"
VARIABLES = "x", "y", "Vx", "Vy", "isValid"
ZONE T="Frame 0", I=25, J=25, F=POINT
-35.0547683239 35.2574698925 0 -0 0
-31.8127043247 35.2574698925 0 -0 0
-28.5706403255 35.2574698925 0 -0 0
-25.3285763264 35.2574698925 0 -0 0
-22.0865123272 35.2574698925 0 -0 0
-18.844448328 35.2574698925 0 -0 0
-15.6023843288 35.2574698925 0 -0 0
-12.3603203297 35.2574698925 0 -0 0
-9.1182563305 35.2574698925 0 -0 0
-5.8761923313 35.2574698925 0 -0 0
-2.6341283321 35.2574698925 0 -0 0
0.607935667 35.2574698925 0 -0 0
3.8499996662 35.2574698925 0 -0 0
7.0920636654 35.2574698925 0 -0 0
10.3341276646 35.2574698925 0 -0 0
13.5761916637 35.2574698925 0 -0 0
16.8182556629 35.2574698925 0 -0 0
20.0603196621 35.2574698925 0 -0 0
23.3023836613 35.2574698925 0 -0 0
26.5444476604 35.2574698925 0 -0 0
29.7865116596 35.2574698925 0 -0 0
33.0285756588 35.2574698925 0 -0 0
36.270639658 35.2574698925 0 -0 0
39.5127036572 35.2574698925 0 -0 0
42.7547676563 35.2574698925 0 -0 0
-35.0547683239 32.0154058933 0 -0 0
-31.8127043247 32.0154058933 0 -0 0
-28.5706403255 32.0154058933 0 -0 0
-25.3285763264 32.0154058933 0 -0 0
-22.0865123272 32.0154058933 0 -0 0
-18.844448328 32.0154058933 0 -0 0
-15.6023843288 32.0154058933 0 -0 0
-12.3603203297 32.0154058933 0 -0 0
-9.1182563305 32.0154058933 0 -0 0
-5.8761923313 32.0154058933 0 -0 0
-2.6341283321 32.0154058933 0 -0 0
0.607935667 32.0154058933 0 -0 0
3.8499996662 32.0154058933 0 -0 0
7.0920636654 32.0154058933 0 -0 0
10.3341276646 32.0154058933 0 -0 0
13.5761916637 32.0154058933 0 -0 0
16.8182556629 32.0154058933 0 -0 0
20.0603196621 32.0154058933 0 -0 0
23.3023836613 32.0154058933 0 -0 0
26.5444476604 32.0154058933 0 -0 0
29.7865116596 32.0154058933 0 -0 0
33.0285756588 32.0154058933 0 -0 0
36.270639658 32.0154058933 0 -0 0
39.5127036572 32.0154058933 0 -0 0
42.7547676563 32.0154058933 0 -0 0
-35.0547683239 28.7733418941 0 -0 0
-31.8127043247 28.7733418941 0 -0 0
-28.5706403255 28.7733418941 0 -0 0
-25.3285763264 28.7733418941 0 -0 0
-22.0865123272 28.7733418941 0 -0 0
-18.844448328 28.7733418941 0 -0 0
-15.6023843288 28.7733418941 0 -0 0
-12.3603203297 28.7733418941 0 -0 0
-9.1182563305 28.7733418941 0 -0 0
-5.8761923313 28.7733418941 0 -0 0
-2.6341283321 28.7733418941 0 -0 0
0.607935667 28.7733418941 0 -0 0
3.8499996662 28.7733418941 0 -0 0
7.0920636654 28.7733418941 0 -0 0
10.3341276646 28.7733418941 0 -0 0
13.5761916637 28.7733418941 0 -0 0
16.8182556629 28.7733418941 0 -0 0
20.0603196621 28.7733418941 0 -0 0
23.3023836613 28.7733418941 0 -0 0
26.5444476604 28.7733418941 0 -0 0
29.7865116596 28.7733418941 0 -0 0
33.0285756588 28.7733418941 0 -0 0
36.270639658 28.7733418941 0 -0 0
39.5127036572 28.7733418941 0 -0 0
42.7547676563 28.7733418941 0 -0 0
-35.0547683239 25.531277895 0 -0 0
-31.8127043247 25.531277895 0 -0 0
-28.5706403255 25.531277895 0 -0 0
-25.3285763264 25.531277895 0 -0 0
-22.0865123272 25.531277895 0 -0 0
-18.844448328 25.531277895 0 -0 0
-15.6023843288 25.531277895 0 -0 0
-12.3603203297 25.531277895 0 -0 0
-9.1182563305 25.531277895 1.3317708845 -0.0463800588 1
-5.8761923313 25.531277895 2.4649574643 -0.7682132312 1
-2.6341283321 25.531277895 3.1998612735 -1.0172549268 1
0.607935667 25.531277895 3.1324641773 -0.0264306838 1
3.8499996662 25.531277895 2.0202019391 1.7265792231 1
7.0920636654 25.531277895 0.8895823084 2.2044513057 1
10.3341276646 25.531277895 0.5926637584 1.8220137807 1
13.5761916637 25.531277895 1.1382419735 0.9208906182 1
16.8182556629 25.531277895 0 -0 0
20.0603196621 25.531277895 0 -0 0
23.3023836613 25.531277895 0 -0 0
26.5444476604 25.531277895 0 -0 0
29.7865116596 25.531277895 0 -0 0
33.0285756588 25.531277895 0 -0 0
36.270639658 25.531277895 0 -0 0
39.5127036572 25.531277895 0 -0 0
42.7547676563 25.531277895 0 -0 0
-35.0547683239 22.2892138958 0 -0 0
-31.8127043247 22.2892138958 0 -0 0
-28.5706403255 22.2892138958 0 -0 0
-25.3285763264 22.2892138958 0 -0 0
-22.0865123272 22.2892138958 0 -0 0
-18.844448328 22.2892138958 0 -0 0
-15.6023843288 22.2892138958 -2.0531269151 1.2259260899 1
-12.3603203297 22.2892138958 -2.2926148285 2.1479998629 1
-9.1182563305 22.2892138958 -0.5488574047 2.2752894694 1
-5.8761923313 22.2892138958 1.6741118883 1.8055723531 1
-2.6341283321 22.2892138958 3.1951051032 1.9847162038 1
0.607935667 22.2892138958 3.6185736559 3.0396376328 1
3.8499996662 22.2892138958 2.7659682171 3.3533724699 1
7.0920636654 22.2892138958 1.8259142511 1.9671870348 1
10.3341276646 22.2892138958 1.8908435857 0.3386352475 1
13.5761916637 22.2892138958 3.1673105531 -0.2223185633 1
16.8182556629 22.2892138958 3.82811388 0.0468977031 1
20.0603196621 22.2892138958 3.4000244263 -0.1326628305 1
23.3023836613 22.2892138958 0 -0 0
26.5444476604 22.2892138958 0 -0 0
29.7865116596 22.2892138958 0 -0 0
33.0285756588 22.2892138958 0 -0 0
36.270639658 22.2892138958 0 -0 0
39.5127036572 22.2892138958 0 -0 0
42.7547676563 22.2892138958 0 -0 0
-35.0547683239 19.0471498966 0 -0 0
-31.8127043247 19.0471498966 0 -0 0
-28.5706403255 19.0471498966 0 -0 0
-25.3285763264 19.0471498966 0 -0 0
-22.0865123272 19.0471498966 0 -0 0
-18.844448328 19.0471498966 0.3085539116 1.3571440208 1
-15.6023843288 19.0471498966 -2.125028665 2.6916023288 1
-12.3603203297 19.0471498966 -3.0627170764 3.9731085361 1
-9.1182563305 19.0471498966 -1.8364051817 4.527444844 1
-5.8761923313 19.0471498966 0.3263192738 4.0517366197 1
-2.6341283321 19.0471498966 2.6934767769 3.4763604778 1
0.607935667 19.0471498966 4.1167580462 3.2361412639 1
3.8499996662 19.0471498966 3.8546725866 2.3231626251 1
7.0920636654 19.0471498966 2.9412774206 0.2531921917 1
10.3341276646 19.0471498966 2.9409102606 -1.519657731 1
13.5761916637 19.0471498966 4.3914087694 -1.8311597164 1
16.8182556629 19.0471498966 5.2338840967 -1.3707304479 1
20.0603196621 19.0471498966 4.5874093672 -1.526423317 1
23.3023836613 19.0471498966 3.3948440292 -2.0475414645 1
26.5444476604 19.0471498966 0 -0 0
29.7865116596 19.0471498966 0 -0 0
33.0285756588 19.0471498966 0 -0 0
36.270639658 19.0471498966 0 -0 0
39.5127036572 19.0471498966 0 -0 0
42.7547676563 19.0471498966 0 -0 0
-35.0547683239 15.8050858974 0 -0 0
-31.8127043247 15.8050858974 0 -0 0
-28.5706403255 15.8050858974 0 -0 0
-25.3285763264 15.8050858974 0 -0 0
-22.0865123272 15.8050858974 0.8014121429 1.8759209199 1
-18.844448328 15.8050858974 -0.8945676518 2.6708831559 1
-15.6023843288 15.8050858974 -1.9139188021 3.5825448802 1
-12.3603203297 15.8050858974 -2.3579890728 4.591699945 1
-9.1182563305 15.8050858974 -2.2762497919 5.3344750471 1
-5.8761923313 15.8050858974 -1.4382921018 4.8395114585 1
-2.6341283321 15.8050858974 0.7840753855 3.3368330625 1
0.607935667 15.8050858974 3.1412271012 1.4342791585 1
3.8499996662 15.8050858974 3.9281281236 -0.1541470458 1
7.0920636654 15.8050858974 3.1698571212 -1.4821366133 1
10.3341276646 15.8050858974 2.846041389 -2.652614534 1
13.5761916637 15.8050858974 3.6348144439 -3.0252990714 1
16.8182556629 15.8050858974 4.6899420984 -2.9101074751 1
20.0603196621 15.8050858974 4.5000515732 -2.8335470816 1
23.3023836613 15.8050858974 3.5186246315 -2.8166127358 1
26.5444476604 15.8050858974 2.1870261552 -2.841049101 1
29.7865116596 15.8050858974 0 -0 0
33.0285756588 15.8050858974 0 -0 0
36.270639658 15.8050858974 0 -0 0
39.5127036572 15.8050858974 0 -0 0
42.7547676563 15.8050858974 0 -0 0
-35.0547683239 12.5630218983 0 -0 0
-31.8127043247 12.5630218983 0 -0 0
-28.5706403255 12.5630218983 0 -0 0
-25.3285763264 12.5630218983 0 -0 0
-22.0865123272 12.5630218983 -0.7988397588 2.9324646765 1
-18.844448328 12.5630218983 -1.972046016 3.2104098749 1
-15.6023843288 12.5630218983 -1.7127882313 3.251536014 1
-12.3603203297 12.5630218983 -1.3025288306 3.7266539442 1
-9.1182563305 12.5630218983 -1.8509412124 4.5526562911 1
-5.8761923313 12.5630218983 -2.0075059353 4.2161898462 1
-2.6341283321 12.5630218983 -0.465910927 2.1808312372 1
0.607935667 12.5630218983 1.3916821152 -0.3665286831 1
3.8499996662 12.5630218983 2.4181518201 -1.6060799617 1
7.0920636654 12.5630218983 2.0209620749 -1.7597975345 1
10.3341276646 12.5630218983 2.1937826829 -2.3323029749 1
13.5761916637 12.5630218983 2.4636559488 -3.3799024921 1
16.8182556629 12.5630218983 3.2672188155 -4.3907798268 1
20.0603196621 12.5630218983 3.3800893935 -4.6229169932 1
23.3023836613 12.5630218983 2.8706260072 -4.012370795 1
26.5444476604 12.5630218983 1.8061707996 -3.3812144246 1
29.7865116596 12.5630218983 0.7120835817 -2.7668628675 1
33.0285756588 12.5630218983 0 -0 0
36.270639658 12.5630218983 0 -0 0
39.5127036572 12.5630218983 0 -0 0
42.7547676563 12.5630218983 0 -0 0
-35.0547683239 9.3209578991 0 -0 0
-31.8127043247 9.3209578991 0 -0 0
-28.5706403255 9.3209578991 0 -0 0
-25.3285763264 9.3209578991 0.5284169985 3.5451712605 1
-22.0865123272 9.3209578991 -1.160807212 3.7517603159 1
-18.844448328 9.3209578991 -2.1225364463 3.3962549982 1
-15.6023843288 9.3209578991 -1.8713883367 2.6333697377 1
-12.3603203297 9.3209578991 -1.4057049975 2.5398082694 1
-9.1182563305 9.3209578991 -1.7423412841 3.4506290888 1
-5.8761923313 9.3209578991 -1.5730032605 3.4931100359 1
-2.6341283321 9.3209578991 -0.3829843019 1.9679278463 1
0.607935667 9.3209578991 0.4611593234 0.0757745078 1
3.8499996662 9.3209578991 0.8623341201 -0.6421176493 1
7.0920636654 9.3209578991 0.7389877086 -0.3712781353 1
10.3341276646 9.3209578991 1.5640926876 -1.0694145085 1
13.5761916637 9.3209578991 2.1606267223 -2.9274325323 1
16.8182556629 9.3209578991 2.6929076186 -4.8106196559 1
20.0603196621 9.3209578991 2.7332136867 -5.3786006654 1
23.3023836613 9.3209578991 2.0586506188 -4.4151497651 1
26.5444476604 9.3209578991 1.2001814155 -3.2999090326 1
29.7865116596 9.3209578991 0.1290341729 -2.5466378668 1
33.0285756588 9.3209578991 0 -0 0
36.270639658 9.3209578991 0 -0 0
39.5127036572 9.3209578991 0 -0 0
42.7547676563 9.3209578991 0 -0 0
-35.0547683239 6.0788938999 0 -0 0
-31.8127043247 6.0788938999 0 -0 0
-28.5706403255 6.0788938999 0 -0 0
-25.3285763264 6.0788938999 0.8653925533 4.9059710288 1
-22.0865123272 6.0788938999 -0.1336590934 4.2858729356 1
-18.844448328 6.0788938999 -1.0815801535 3.475188042 1
-15.6023843288 6.0788938999 -1.7521795699 2.3742171793 1
-12.3603203297 6.0788938999 -2.1196636312 1.797228523 1
-9.1182563305 6.0788938999 -1.9669251012 2.2984447001 1
-5.8761923313 6.0788938999 -1.1939590209 2.3178226523 1
-2.6341283321 6.0788938999 0.0305988081 1.4608306186 1
0.607935667 6.0788938999 0.3861964229 0.8230007541 1
3.8499996662 6.0788938999 0.4110816985 0.905096476 1
7.0920636654 6.0788938999 0.5317742398 1.1116379003 1
10.3341276646 6.0788938999 1.7175483269 0.0397198313 1
13.5761916637 6.0788938999 2.6620510876 -2.2628324517 1
16.8182556629 6.0788938999 3.0646129623 -4.5342448512 1
20.0603196621 6.0788938999 2.8669909427 -5.3096996024 1
23.3023836613 6.0788938999 1.8345843282 -4.2987386301 1
26.5444476604 6.0788938999 0.9836557927 -2.8600598932 1
29.7865116596 6.0788938999 0.0515419526 -2.1116827338 1
33.0285756588 6.0788938999 -0.215102746 -2.0308960759 1
36.270639658 6.0788938999 0 -0 0
39.5127036572 6.0788938999 0 -0 0
42.7547676563 6.0788938999 0 -0 0
-35.0547683239 2.8368299007 0 -0 0
-31.8127043247 2.8368299007 0 -0 0
-28.5706403255 2.8368299007 2.0855515752 6.5507665857 1
-25.3285763264 2.8368299007 1.5289994753 5.5407887325 1
-22.0865123272 2.8368299007 0.4785575257 4.6994260567 1
-18.844448328 2.8368299007 -0.578605398 3.5623704084 1
-15.6023843288 2.8368299007 -1.4997195278 2.1833862597 1
-12.3603203297 2.8368299007 -2.0035465865 1.2759794841 1
-9.1182563305 2.8368299007 -1.8891193531 1.6399036642 1
-5.8761923313 2.8368299007 -1.3347767045 1.8704458287 1
-2.6341283321 2.8368299007 -0.1504883356 1.5410496279 1
0.607935667 2.8368299007 0.936401691 1.4024822331 1
3.8499996662 2.8368299007 1.5694154498 1.5180559355 1
7.0920636654 2.8368299007 1.9035417031 1.393812156 1
10.3341276646 2.8368299007 2.4014212842 0.3164875552 1
13.5761916637 2.8368299007 2.92128985 -1.5148632142 1
16.8182556629 2.8368299007 3.1495280558 -3.362017033 1
20.0603196621 2.8368299007 2.81594907 -4.0516656636 1
23.3023836613 2.8368299007 1.7896534339 -3.4397323498 1
26.5444476604 2.8368299007 0.9551032204 -2.2095426303 1
29.7865116596 2.8368299007 0.3219906515 -1.5543018065 1
33.0285756588 2.8368299007 0.1833101422 -1.3438696496 1
36.270639658 2.8368299007 0 -0 0
39.5127036572 2.8368299007 0 -0 0
42.7547676563 2.8368299007 0 -0 0
-35.0547683239 -0.4052340984 0 -0 0
-31.8127043247 -0.4052340984 0 -0 0
-28.5706403255 -0.4052340984 2.4081533548 5.6971396814 1
-25.3285763264 -0.4052340984 1.3568449486 5.4922916163 1
-22.0865123272 -0.4052340984 -0.2404403666 4.9478429615 1
-18.844448328 -0.4052340984 -1.3754025278 3.9998852439 1
-15.6023843288 -0.4052340984 -1.4092435919 2.4676152976 1
-12.3603203297 -0.4052340984 -1.151250335 1.4993910163 1
-9.1182563305 -0.4052340984 -1.3284404782 1.6963990394 1
-5.8761923313 -0.4052340984 -1.495607699 2.0561771203 1
-2.6341283321 -0.4052340984 -0.5646232776 2.0808650022 1
0.607935667 -0.4052340984 1.3255804956 1.8495950096 1
3.8499996662 -0.4052340984 2.6351949694 1.4237882278 1
7.0920636654 -0.4052340984 2.9710173747 0.8971799675 1
10.3341276646 -0.4052340984 2.6934894584 -0.0032228481 1
13.5761916637 -0.4052340984 2.620953029 -1.1516261002 1
16.8182556629 -0.4052340984 2.6458767266 -2.4057757225 1
20.0603196621 -0.4052340984 2.3765446894 -3.000130198 1
23.3023836613 -0.4052340984 1.684220562 -2.7148943387 1
26.5444476604 -0.4052340984 1.0157017437 -1.771512231 1
29.7865116596 -0.4052340984 0.4556519245 -0.9005660064 1
33.0285756588 -0.4052340984 0.3059501257 -0.4516238842 1
36.270639658 -0.4052340984 0 -0 0
39.5127036572 -0.4052340984 0 -0 0
42.7547676563 -0.4052340984 0 -0 0
-35.0547683239 -3.6472980976 0 -0 0
-31.8127043247 -3.6472980976 0 -0 0
-28.5706403255 -3.6472980976 1.9139574505 5.1720689788 1
-25.3285763264 -3.6472980976 0.7235240405 5.0104274244 1
-22.0865123272 -3.6472980976 -0.9429998508 4.8329690068 1
-18.844448328 -3.6472980976 -1.5005246528 4.530465761 1
-15.6023843288 -3.6472980976 -0.7193221578 3.4948084525 1
-12.3603203297 -3.6472980976 0.0017112659 2.5168855331 1
-9.1182563305 -3.6472980976 -0.4949831015 2.1707740444 1
-5.8761923313 -3.6472980976 -1.0671470846 2.1659665441 1
-2.6341283321 -3.6472980976 -0.2216508026 2.0781617268 1
0.607935667 -3.6472980976 1.642085186 1.5373651961 1
3.8499996662 -3.6472980976 2.6988208259 0.6872417856 1
7.0920636654 -3.6472980976 2.6802502632 -0.2772014429 1
10.3341276646 -3.6472980976 2.0575363065 -1.0825979202 1
13.5761916637 -3.6472980976 1.7852840496 -1.598131221 1
16.8182556629 -3.6472980976 1.8946397355 -2.0488790619 1
20.0603196621 -3.6472980976 1.9404122895 -2.3495101242 1
23.3023836613 -3.6472980976 1.4838157057 -2.3585001075 1
26.5444476604 -3.6472980976 0.7374331667 -1.7911327925 1
29.7865116596 -3.6472980976 0.0320610056 -0.8420115464 1
33.0285756588 -3.6472980976 -0.0111708234 -0.1309522891 1
36.270639658 -3.6472980976 0 -0 0
39.5127036572 -3.6472980976 0 -0 0
42.7547676563 -3.6472980976 0 -0 0
-35.0547683239 -6.8893620968 0 -0 0
-31.8127043247 -6.8893620968 0 -0 0
-28.5706403255 -6.8893620968 1.6162014679 5.2838027498 1
-25.3285763264 -6.8893620968 0.845159203 4.4968609655 1
-22.0865123272 -6.8893620968 0.1544862951 4.5189443066 1
-18.844448328 -6.8893620968 0.4165182546 5.2030015988 1
-15.6023843288 -6.8893620968 1.0922771587 4.9146418607 1
-12.3603203297 -6.8893620968 1.0246746673 3.5346057505 1
-9.1182563305 -6.8893620968 -0.0484672571 2.4221840876 1
-5.8761923313 -6.8893620968 -0.2188466412 2.0310493108 1
-2.6341283321 -6.8893620968 0.827209204 1.7589558747 1
0.607935667 -6.8893620968 2.2197951787 1.0430197557 1
3.8499996662 -6.8893620968 2.3222134744 0.2340440542 1
7.0920636654 -6.8893620968 1.7436403841 -0.7832358393 1
10.3341276646 -6.8893620968 1.097002984 -1.602466335 1
13.5761916637 -6.8893620968 1.0754264504 -1.9391583297 1
16.8182556629 -6.8893620968 1.5919947286 -1.8821863411 1
20.0603196621 -6.8893620968 1.9464135125 -1.7033257107 1
23.3023836613 -6.8893620968 1.4030855107 -1.9691387796 1
26.5444476604 -6.8893620968 0.2992289061 -1.917103069 1
29.7865116596 -6.8893620968 -0.6489584185 -1.2779032995 1
33.0285756588 -6.8893620968 -0.5594773018 -0.4432679387 1
36.270639658 -6.8893620968 0 -0 0
39.5127036572 -6.8893620968 0 -0 0
42.7547676563 -6.8893620968 0 -0 0
-35.0547683239 -10.131426096 0 -0 0
-31.8127043247 -10.131426096 0 -0 0
-28.5706403255 -10.131426096 1.8761155207 5.1407057912 1
-25.3285763264 -10.131426096 1.5492281455 3.7969505772 1
-22.0865123272 -10.131426096 2.0513418415 4.431661092 1
-18.844448328 -10.131426096 2.8859972059 5.7871596868 1
-15.6023843288 -10.131426096 3.1864028694 5.7287492526 1
-12.3603203297 -10.131426096 2.0226968754 3.7194997605 1
-9.1182563305 -10.131426096 0.5231384707 2.2811967888 1
-5.8761923313 -10.131426096 0.6681795124 2.0297974646 1
-2.6341283321 -10.131426096 1.6715417688 1.6782901441 1
0.607935667 -10.131426096 2.4809983676 0.7326966225 1
3.8499996662 -10.131426096 2.0673616089 -0.0250119657 1
7.0920636654 -10.131426096 1.4091598034 -0.7620178603 1
10.3341276646 -10.131426096 1.2162698744 -1.4471167725 1
13.5761916637 -10.131426096 1.7161076167 -1.7591726682 1
16.8182556629 -10.131426096 2.3004823472 -1.6109452836 1
20.0603196621 -10.131426096 2.0942630182 -1.1997240508 1
23.3023836613 -10.131426096 1.0621614393 -1.5831591879 1
26.5444476604 -10.131426096 -0.3452097804 -1.8077667074 1
29.7865116596 -10.131426096 -1.215670824 -1.3393951899 1
33.0285756588 -10.131426096 -1.1813237827 -0.5453606291 1
36.270639658 -10.131426096 0 -0 0
39.5127036572 -10.131426096 0 -0 0
42.7547676563 -10.131426096 0 -0 0
-35.0547683239 -13.3734900951 0 -0 0
-31.8127043247 -13.3734900951 0 -0 0
-28.5706403255 -13.3734900951 0 -0 0
-25.3285763264 -13.3734900951 1.6051472668 1.8377258705 1
-22.0865123272 -13.3734900951 2.075471284 3.4124960881 1
-18.844448328 -13.3734900951 2.9838057724 4.9886427026 1
-15.6023843288 -13.3734900951 3.5767838511 4.9564935634 1
-12.3603203297 -13.3734900951 2.9169074823 2.9974894244 1
-9.1182563305 -13.3734900951 1.6472769059 1.997380051 1
-5.8761923313 -13.3734900951 1.4574768119 2.2452946773 1
-2.6341283321 -13.3734900951 1.8421358658 1.9608810026 1
0.607935667 -13.3734900951 2.3697232444 0.848674095 1
3.8499996662 -13.3734900951 2.2155203019 0.0505972131 1
7.0920636654 -13.3734900951 1.9036855778 -0.3140892211 1
10.3341276646 -13.3734900951 1.8892783249 -0.86550329 1
13.5761916637 -13.3734900951 2.4257848818 -1.2860238445 1
16.8182556629 -13.3734900951 2.4893443113 -1.2800182433 1
20.0603196621 -13.3734900951 1.5229020842 -0.8636417499 1
23.3023836613 -13.3734900951 0.2926758487 -1.1801400241 1
26.5444476604 -13.3734900951 -0.8578938552 -1.4875236888 1
29.7865116596 -13.3734900951 -1.3372157817 -1.0888524714 1
33.0285756588 -13.3734900951 -1.5467076952 -0.3634142399 1
36.270639658 -13.3734900951 0 -0 0
39.5127036572 -13.3734900951 0 -0 0
42.7547676563 -13.3734900951 0 -0 0
-35.0547683239 -16.6155540943 0 -0 0
-31.8127043247 -16.6155540943 0 -0 0
-28.5706403255 -16.6155540943 0 -0 0
-25.3285763264 -16.6155540943 0.6955117912 -0.3264178574 1
-22.0865123272 -16.6155540943 0.2201628386 1.56001528 1
-18.844448328 -16.6155540943 0.353813355 3.2305158062 1
-15.6023843288 -16.6155540943 1.3942286833 3.1139799697 1
-12.3603203297 -16.6155540943 2.3756578895 1.8358061313 1
-9.1182563305 -16.6155540943 2.2292749099 1.4846143389 1
-5.8761923313 -16.6155540943 1.5276600662 2.1053658318 1
-2.6341283321 -16.6155540943 1.0945166531 2.323229203 1
0.607935667 -16.6155540943 1.3799416028 1.6830117423 1
3.8499996662 -16.6155540943 1.8760454705 1.0183127006 1
7.0920636654 -16.6155540943 2.0418794719 0.6972345895 1
10.3341276646 -16.6155540943 1.9286738907 -0.0619104652 1
13.5761916637 -16.6155540943 1.9533487891 -1.0003282804 1
16.8182556629 -16.6155540943 1.3666744781 -1.3651434876 1
20.0603196621 -16.6155540943 0.3541225424 -1.1612323446 1
23.3023836613 -16.6155540943 -0.5104918719 -1.0775005568 1
26.5444476604 -16.6155540943 -0.9184065518 -0.9781613017 1
29.7865116596 -16.6155540943 -1.0970738646 -0.3826100086 1
33.0285756588 -16.6155540943 0 -0 0
36.270639658 -16.6155540943 0 -0 0
39.5127036572 -16.6155540943 0 -0 0
42.7547676563 -16.6155540943 0 -0 0
-35.0547683239 -19.8576180935 0 -0 0
-31.8127043247 -19.8576180935 0 -0 0
-28.5706403255 -19.8576180935 0 -0 0
-25.3285763264 -19.8576180935 0 -0 0
-22.0865123272 -19.8576180935 -2.3793989351 -0.1198501361 1
-18.844448328 -19.8576180935 -2.9669227565 1.0977738387 1
-15.6023843288 -19.8576180935 -1.9398798171 1.1326776587 1
-12.3603203297 -19.8576180935 0.2390404373 0.7762533844 1
-9.1182563305 -19.8576180935 1.1598152612 1.0004978956 1
-5.8761923313 -19.8576180935 0.5062383951 1.7390111798 1
-2.6341283321 -19.8576180935 -0.1885248096 2.6407881195 1
0.607935667 -19.8576180935 -0.0195518028 2.8192773627 1
3.8499996662 -19.8576180935 0.841195627 2.380948344 1
7.0920636654 -19.8576180935 1.2423146024 1.6529884167 1
10.3341276646 -19.8576180935 0.741117674 0.2417393911 1
13.5761916637 -19.8576180935 0.2661716235 -1.3650298069 1
16.8182556629 -19.8576180935 -0.2942003097 -2.2126968541 1
20.0603196621 -19.8576180935 -0.590253592 -2.0439986429 1
23.3023836613 -19.8576180935 -0.8977790179 -1.4159125568 1
26.5444476604 -19.8576180935 -0.8587161908 -0.9414382888 1
29.7865116596 -19.8576180935 -0.7279021056 -0.4033142732 1
33.0285756588 -19.8576180935 0 -0 0
36.270639658 -19.8576180935 0 -0 0
39.5127036572 -19.8576180935 0 -0 0
42.7547676563 -19.8576180935 0 -0 0
-35.0547683239 -23.0996820927 0 -0 0
-31.8127043247 -23.0996820927 0 -0 0
-28.5706403255 -23.0996820927 0 -0 0
-25.3285763264 -23.0996820927 0 -0 0
-22.0865123272 -23.0996820927 -4.1509492106 -0.2630096059 1
-18.844448328 -23.0996820927 -5.4189767837 0.6153650212 1
-15.6023843288 -23.0996820927 -4.8577556233 1.0206852754 1
-12.3603203297 -23.0996820927 -2.8180961706 1.2361415752 1
-9.1182563305 -23.0996820927 -1.568258111 1.5425140404 1
-5.8761923313 -23.0996820927 -1.6800337008 1.9738775884 1
-2.6341283321 -23.0996820927 -1.981495553 2.7808692941 1
0.607935667 -23.0996820927 -1.6600888549 3.1904609528 1
3.8499996662 -23.0996820927 -0.7206297122 2.8006295032 1
7.0920636654 -23.0996820927 -0.2924181989 1.7223730378 1
10.3341276646 -23.0996820927 -1.0726008136 0.0257956694 1
13.5761916637 -23.0996820927 -1.8346723439 -1.6732185966 1
16.8182556629 -23.0996820927 -2.0233689955 -2.4699900615 1
20.0603196621 -23.0996820927 -1.5452644185 -2.2567860886 1
23.3023836613 -23.0996820927 -1.2034793631 -1.6363007565 1
26.5444476604 -23.0996820927 -0.9494884816 -1.0733657804 1
29.7865116596 -23.0996820927 0 -0 0
33.0285756588 -23.0996820927 0 -0 0
36.270639658 -23.0996820927 0 -0 0
39.5127036572 -23.0996820927 0 -0 0
42.7547676563 -23.0996820927 0 -0 0
-35.0547683239 -26.3417460918 0 -0 0
-31.8127043247 -26.3417460918 0 -0 0
-28.5706403255 -26.3417460918 0 -0 0
-25.3285763264 -26.3417460918 0 -0 0
-22.0865123272 -26.3417460918 0 -0 0
-18.844448328 -26.3417460918 -6.929489032 1.4710257983 1
-15.6023843288 -26.3417460918 -6.4972373253 2.0393415091 1
-12.3603203297 -26.3417460918 -5.2368769332 2.6325022619 1
-9.1182563305 -26.3417460918 -4.2845308091 2.5655976311 1
-5.8761923313 -26.3417460918 -4.0041818605 2.0550714134 1
-2.6341283321 -26.3417460918 -3.9203126897 1.7559992711 1
0.607935667 -26.3417460918 -3.5637895298 1.8637531614 1
3.8499996662 -26.3417460918 -2.6898737181 1.6146834608 1
7.0920636654 -26.3417460918 -2.0654033723 0.7064457444 1
10.3341276646 -26.3417460918 -2.5175147775 -0.5062276385 1
13.5761916637 -26.3417460918 -3.1606370591 -1.6064427435 1
16.8182556629 -26.3417460918 -3.0189263104 -2.1797833519 1
20.0603196621 -26.3417460918 -2.2505550887 -2.1003345934 1
23.3023836613 -26.3417460918 -1.5019514737 -1.7125740043 1
26.5444476604 -26.3417460918 0 -0 0
29.7865116596 -26.3417460918 0 -0 0
33.0285756588 -26.3417460918 0 -0 0
36.270639658 -26.3417460918 0 -0 0
39.5127036572 -26.3417460918 0 -0 0
42.7547676563 -26.3417460918 0 -0 0
-35.0547683239 -29.583810091 0 -0 0
-31.8127043247 -29.583810091 0 -0 0
-28.5706403255 -29.583810091 0 -0 0
-25.3285763264 -29.583810091 0 -0 0
-22.0865123272 -29.583810091 0 -0 0
-18.844448328 -29.583810091 0 -0 0
-15.6023843288 -29.583810091 -7.2093995626 3.016915989 1
-12.3603203297 -29.583810091 -6.3601085272 3.5350538305 1
-9.1182563305 -29.583810091 -5.4166784109 3.1061645359 1
-5.8761923313 -29.583810091 -4.4394122125 2.1742631205 1
-2.6341283321 -29.583810091 -4.3731150863 1.0308498081 1
0.607935667 -29.583810091 -4.3219231491 0.4578377112 1
3.8499996662 -29.583810091 -3.8081226862 -0.0893873358 1
7.0920636654 -29.583810091 -3.041297401 -0.7389404548 1
10.3341276646 -29.583810091 -3.0529649947 -1.2262969486 1
13.5761916637 -29.583810091 -3.6248905579 -1.5921127874 1
16.8182556629 -29.583810091 -3.6342972194 -1.664892732 1
20.0603196621 -29.583810091 -2.975275041 -1.5513174244 1
23.3023836613 -29.583810091 0 -0 0
26.5444476604 -29.583810091 0 -0 0
29.7865116596 -29.583810091 0 -0 0
33.0285756588 -29.583810091 0 -0 0
36.270639658 -29.583810091 0 -0 0
39.5127036572 -29.583810091 0 -0 0
42.7547676563 -29.583810091 0 -0 0
-35.0547683239 -32.8258740902 0 -0 0
-31.8127043247 -32.8258740902 0 -0 0
-28.5706403255 -32.8258740902 0 -0 0
-25.3285763264 -32.8258740902 0 -0 0
-22.0865123272 -32.8258740902 0 -0 0
-18.844448328 -32.8258740902 0 -0 0
-15.6023843288 -32.8258740902 0 -0 0
-12.3603203297 -32.8258740902 0 -0 0
-9.1182563305 -32.8258740902 -5.4799863238 3.0363555371 1
-5.8761923313 -32.8258740902 -3.2390806569 2.1045516486 1
-2.6341283321 -32.8258740902 -2.7263128313 0.6877688986 1
0.607935667 -32.8258740902 -2.8388398007 -0.2179147767 1
3.8499996662 -32.8258740902 -3.0778050547 -0.924893069 1
7.0920636654 -32.8258740902 -2.6060492346 -1.2711259379 1
10.3341276646 -32.8258740902 -2.5977319752 -1.3621144182 1
13.5761916637 -32.8258740902 -3.267313323 -1.6242062186 1
16.8182556629 -32.8258740902 -3.5069488854 -1.9213412601 1
20.0603196621 -32.8258740902 0 -0 0
23.3023836613 -32.8258740902 0 -0 0
26.5444476604 -32.8258740902 0 -0 0
29.7865116596 -32.8258740902 0 -0 0
33.0285756588 -32.8258740902 0 -0 0
36.270639658 -32.8258740902 0 -0 0
39.5127036572 -32.8258740902 0 -0 0
42.7547676563 -32.8258740902 0 -0 0
-35.0547683239 -36.0679380894 0 -0 0
-31.8127043247 -36.0679380894 0 -0 0
-28.5706403255 -36.0679380894 0 -0 0
-25.3285763264 -36.0679380894 0 -0 0
-22.0865123272 -36.0679380894 0 -0 0
-18.844448328 -36.0679380894 0 -0 0
-15.6023843288 -36.0679380894 0 -0 0
-12.3603203297 -36.0679380894 0 -0 0
-9.1182563305 -36.0679380894 0 -0 0
-5.8761923313 -36.0679380894 0 -0 0
-2.6341283321 -36.0679380894 0 -0 0
0.607935667 -36.0679380894 0 -0 0
3.8499996662 -36.0679380894 0 -0 0
7.0920636654 -36.0679380894 0 -0 0
10.3341276646 -36.0679380894 0 -0 0
13.5761916637 -36.0679380894 0 -0 0
16.8182556629 -36.0679380894 0 -0 0
20.0603196621 -36.0679380894 0 -0 0
23.3023836613 -36.0679380894 0 -0 0
26.5444476604 -36.0679380894 0 -0 0
29.7865116596 -36.0679380894 0 -0 0
33.0285756588 -36.0679380894 0 -0 0
36.270639658 -36.0679380894 0 -0 0
39.5127036572 -36.0679380894 0 -0 0
42.7547676563 -36.0679380894 0 -0 0
-35.0547683239 -39.3100020885 0 -0 0
-31.8127043247 -39.3100020885 0 -0 0
-28.5706403255 -39.3100020885 0 -0 0
-25.3285763264 -39.3100020885 0 -0 0
-22.0865123272 -39.3100020885 0 -0 0
-18.844448328 -39.3100020885 0 -0 0
-15.6023843288 -39.3100020885 0 -0 0
-12.3603203297 -39.3100020885 0 -0 0
-9.1182563305 -39.3100020885 0 -0 0
-5.8761923313 -39.3100020885 0 -0 0
-2.6341283321 -39.3100020885 0 -0 0
0.607935667 -39.3100020885 0 -0 0
3.8499996662 -39.3100020885 0 -0 0
7.0920636654 -39.3100020885 0 -0 0
10.3341276646 -39.3100020885 0 -0 0
13.5761916637 -39.3100020885 0 -0 0
16.8182556629 -39.3100020885 0 -0 0
20.0603196621 -39.3100020885 0 -0 0
23.3023836613 -39.3100020885 0 -0 0
26.5444476604 -39.3100020885 0 -0 0
29.7865116596 -39.3100020885 0 -0 0
33.0285756588 -39.3100020885 0 -0 0
36.270639658 -39.3100020885 0 -0 0
39.5127036572 -39.3100020885 0 -0 0
42.7547676563 -39.3100020885 0 -0 0
-35.0547683239 -42.5520660877 0 -0 0
-31.8127043247 -42.5520660877 0 -0 0
-28.5706403255 -42.5520660877 0 -0 0
-25.3285763264 -42.5520660877 0 -0 0
-22.0865123272 -42.5520660877 0 -0 0
-18.844448328 -42.5520660877 0 -0 0
-15.6023843288 -42.5520660877 0 -0 0
-12.3603203297 -42.5520660877 0 -0 0
-9.1182563305 -42.5520660877 0 -0 0
-5.8761923313 -42.5520660877 0 -0 0
-2.6341283321 -42.5520660877 0 -0 0
0.607935667 -42.5520660877 0 -0 0
3.8499996662 -42.5520660877 0 -0 0
7.0920636654 -42.5520660877 0 -0 0
10.3341276646 -42.5520660877 0 -0 0
13.5761916637 -42.5520660877 0 -0 0
16.8182556629 -42.5520660877 0 -0 0
20.0603196621 -42.5520660877 0 -0 0
23.3023836613 -42.5520660877 0 -0 0
26.5444476604 -42.5520660877 0 -0 0
29.7865116596 -42.5520660877 0 -0 0
33.0285756588 -42.5520660877 0 -0 0
36.270639658 -42.5520660877 0 -0 0
39.5127036572 -42.5520660877 0 -0 0
42.7547676563 -42.5520660877 0 -0 0
