TITLE = "B00070"
VARIABLES = "x", "y", "Vx", "Vy", "isValid"
ZONE T="Frame 0", I=25, J=25, F=POINT
-35.0547683239 35.2574698925 0 -0 0
-31.8127043247 35.2574698925 0 -0 0
-28.5706403255 35.2574698925 0 -0 0
-25.3285763264 35.2574698925 0 -0 0
-22.0865123272 35.2574698925 0 -0 0
-18.844448328 35.2574698925 0 -0 0
-15.6023843288 35.2574698925 0 -0 0
-12.3603203297 35.2574698925 0 -0 0
-9.1182563305 35.2574698925 0 -0 0
-5.8761923313 35.2574698925 0 -0 0
-2.6341283321 35.2574698925 0 -0 0
0.607935667 35.2574698925 0 -0 0
3.8499996662 35.2574698925 0 -0 0
7.0920636654 35.2574698925 0 -0 0
10.3341276646 35.2574698925 0 -0 0
13.5761916637 35.2574698925 0 -0 0
16.8182556629 35.2574698925 0 -0 0
20.0603196621 35.2574698925 0 -0 0
23.3023836613 35.2574698925 0 -0 0
26.5444476604 35.2574698925 0 -0 0
29.7865116596 35.2574698925 0 -0 0
33.0285756588 35.2574698925 0 -0 0
36.270639658 35.2574698925 0 -0 0
39.5127036572 35.2574698925 0 -0 0
42.7547676563 35.2574698925 0 -0 0
-35.0547683239 32.0154058933 0 -0 0
-31.8127043247 32.0154058933 0 -0 0
-28.5706403255 32.0154058933 0 -0 0
-25.3285763264 32.0154058933 0 -0 0
-22.0865123272 32.0154058933 0 -0 0
-18.844448328 32.0154058933 0 -0 0
-15.6023843288 32.0154058933 0 -0 0
-12.3603203297 32.0154058933 0 -0 0
-9.1182563305 32.0154058933 0 -0 0
-5.8761923313 32.0154058933 0 -0 0
-2.6341283321 32.0154058933 0 -0 0
0.607935667 32.0154058933 0 -0 0
3.8499996662 32.0154058933 0 -0 0
7.0920636654 32.0154058933 0 -0 0
10.3341276646 32.0154058933 0 -0 0
13.5761916637 32.0154058933 0 -0 0
16.8182556629 32.0154058933 0 -0 0
20.0603196621 32.0154058933 0 -0 0
23.3023836613 32.0154058933 0 -0 0
26.5444476604 32.0154058933 0 -0 0
29.7865116596 32.0154058933 0 -0 0
33.0285756588 32.0154058933 0 -0 0
36.270639658 32.0154058933 0 -0 0
39.5127036572 32.0154058933 0 -0 0
42.7547676563 32.0154058933 0 -0 0
-35.0547683239 28.7733418941 0 -0 0
-31.8127043247 28.7733418941 0 -0 0
-28.5706403255 28.7733418941 0 -0 0
-25.3285763264 28.7733418941 0 -0 0
-22.0865123272 28.7733418941 0 -0 0
-18.844448328 28.7733418941 0 -0 0
-15.6023843288 28.7733418941 0 -0 0
-12.3603203297 28.7733418941 0 -0 0
-9.1182563305 28.7733418941 0 -0 0
-5.8761923313 28.7733418941 0 -0 0
-2.6341283321 28.7733418941 0 -0 0
0.607935667 28.7733418941 0 -0 0
3.8499996662 28.7733418941 0 -0 0
7.0920636654 28.7733418941 0 -0 0
10.3341276646 28.7733418941 0 -0 0
13.5761916637 28.7733418941 0 -0 0
16.8182556629 28.7733418941 0 -0 0
20.0603196621 28.7733418941 0 -0 0
23.3023836613 28.7733418941 0 -0 0
26.5444476604 28.7733418941 0 -0 0
29.7865116596 28.7733418941 0 -0 0
33.0285756588 28.7733418941 0 -0 0
36.270639658 28.7733418941 0 -0 0
39.5127036572 28.7733418941 0 -0 0
42.7547676563 28.7733418941 0 -0 0
-35.0547683239 25.531277895 0 -0 0
-31.8127043247 25.531277895 0 -0 0
-28.5706403255 25.531277895 0 -0 0
-25.3285763264 25.531277895 0 -0 0
-22.0865123272 25.531277895 0 -0 0
-18.844448328 25.531277895 0 -0 0
-15.6023843288 25.531277895 0 -0 0
-12.3603203297 25.531277895 0 -0 0
-9.1182563305 25.531277895 1.4034516138 -1.009324227 1
-5.8761923313 25.531277895 4.0547086223 -0.6571706779 1
-2.6341283321 25.531277895 4.6493552255 -0.7495951129 1
0.607935667 25.531277895 2.6377563326 -1.7217975388 1
3.8499996662 25.531277895 -1.1508617373 -2.7475072589 1
7.0920636654 25.531277895 -3.5055759609 -2.9468947259 1
10.3341276646 25.531277895 -2.8901356055 -2.6669564167 1
13.5761916637 25.531277895 -1.4735210365 -2.1502099181 1
16.8182556629 25.531277895 0.3063187387 -1.6474022113 1
20.0603196621 25.531277895 0 -0 0
23.3023836613 25.531277895 0 -0 0
26.5444476604 25.531277895 0 -0 0
29.7865116596 25.531277895 0 -0 0
33.0285756588 25.531277895 0 -0 0
36.270639658 25.531277895 0 -0 0
39.5127036572 25.531277895 0 -0 0
42.7547676563 25.531277895 0 -0 0
-35.0547683239 22.2892138958 0 -0 0
-31.8127043247 22.2892138958 0 -0 0
-28.5706403255 22.2892138958 0 -0 0
-25.3285763264 22.2892138958 0 -0 0
-22.0865123272 22.2892138958 0 -0 0
-18.844448328 22.2892138958 0 -0 0
-15.6023843288 22.2892138958 2.9436222923 -0.5685900995 1
-12.3603203297 22.2892138958 1.3486294432 -0.2674094484 1
-9.1182563305 22.2892138958 1.6388027883 -0.0450211085 1
-5.8761923313 22.2892138958 3.165951216 -0.0640511589 1
-2.6341283321 22.2892138958 4.4008863869 -0.9244593312 1
0.607935667 22.2892138958 4.2183218496 -1.7284944332 1
3.8499996662 22.2892138958 1.9796189914 -1.6578323009 1
7.0920636654 22.2892138958 -1.1881037863 -1.4244152078 1
10.3341276646 22.2892138958 -2.2274668888 -1.6536089049 1
13.5761916637 22.2892138958 -1.6324274608 -1.5948202899 1
16.8182556629 22.2892138958 0.275665527 -0.8857250156 1
20.0603196621 22.2892138958 1.6473588828 -0.0590408205 1
23.3023836613 22.2892138958 0 -0 0
26.5444476604 22.2892138958 0 -0 0
29.7865116596 22.2892138958 0 -0 0
33.0285756588 22.2892138958 0 -0 0
36.270639658 22.2892138958 0 -0 0
39.5127036572 22.2892138958 0 -0 0
42.7547676563 22.2892138958 0 -0 0
-35.0547683239 19.0471498966 0 -0 0
-31.8127043247 19.0471498966 0 -0 0
-28.5706403255 19.0471498966 0 -0 0
-25.3285763264 19.0471498966 0 -0 0
-22.0865123272 19.0471498966 0 -0 0
-18.844448328 19.0471498966 8.2528330526 -2.7111813735 1
-15.6023843288 19.0471498966 5.0742649413 -1.9936162088 1
-12.3603203297 19.0471498966 2.0231242725 -0.2016803106 1
-9.1182563305 19.0471498966 1.3092601463 1.054893424 1
-5.8761923313 19.0471498966 2.3258873383 0.9625086942 1
-2.6341283321 19.0471498966 4.4770687506 -0.461674623 1
0.607935667 19.0471498966 6.0493505238 -1.1387089248 1
3.8499996662 19.0471498966 4.8693972501 -0.0908645714 1
7.0920636654 19.0471498966 1.4390694482 0.8600044964 1
10.3341276646 19.0471498966 -0.7277109771 0.2230464292 1
13.5761916637 19.0471498966 -0.9685335441 -0.9768172125 1
16.8182556629 19.0471498966 0.8602986622 -1.8302384952 1
20.0603196621 19.0471498966 2.9670891258 -1.9269294282 1
23.3023836613 19.0471498966 5.410075571 -2.4315874277 1
26.5444476604 19.0471498966 0 -0 0
29.7865116596 19.0471498966 0 -0 0
33.0285756588 19.0471498966 0 -0 0
36.270639658 19.0471498966 0 -0 0
39.5127036572 19.0471498966 0 -0 0
42.7547676563 19.0471498966 0 -0 0
-35.0547683239 15.8050858974 0 -0 0
-31.8127043247 15.8050858974 0 -0 0
-28.5706403255 15.8050858974 0 -0 0
-25.3285763264 15.8050858974 0 -0 0
-22.0865123272 15.8050858974 10.5265717545 -0.1061270714 1
-18.844448328 15.8050858974 8.3505767019 -3.0613725343 1
-15.6023843288 15.8050858974 5.484259389 -2.8560147933 1
-12.3603203297 15.8050858974 2.32957177 -0.83889816 1
-9.1182563305 15.8050858974 1.0643429611 0.5065754742 1
-5.8761923313 15.8050858974 2.2714187402 0.0692343395 1
-2.6341283321 15.8050858974 4.9266892958 -0.7307878287 1
0.607935667 15.8050858974 7.2782523151 -0.0535216128 1
3.8499996662 15.8050858974 6.203641633 2.2579283304 1
7.0920636654 15.8050858974 3.2657867106 3.7418319008 1
10.3341276646 15.8050858974 1.7133593522 2.3946449794 1
13.5761916637 15.8050858974 1.1851449936 -0.8309859542 1
16.8182556629 15.8050858974 2.2977448015 -3.6669786802 1
20.0603196621 15.8050858974 4.3401416489 -4.2169607008 1
23.3023836613 15.8050858974 6.769297397 -4.1436660983 1
26.5444476604 15.8050858974 7.7558802785 -3.8375782122 1
29.7865116596 15.8050858974 0 -0 0
33.0285756588 15.8050858974 0 -0 0
36.270639658 15.8050858974 0 -0 0
39.5127036572 15.8050858974 0 -0 0
42.7547676563 15.8050858974 0 -0 0
-35.0547683239 12.5630218983 0 -0 0
-31.8127043247 12.5630218983 0 -0 0
-28.5706403255 12.5630218983 0 -0 0
-25.3285763264 12.5630218983 0 -0 0
-22.0865123272 12.5630218983 9.1282806096 3.3472799098 1
-18.844448328 12.5630218983 6.7012375409 -2.2432463114 1
-15.6023843288 12.5630218983 4.6388552366 -3.6924416439 1
-12.3603203297 12.5630218983 3.0573084121 -1.7457595551 1
-9.1182563305 12.5630218983 2.3166031137 -0.6178099108 1
-5.8761923313 12.5630218983 3.6923404938 -1.2363627467 1
-2.6341283321 12.5630218983 5.8339562728 -1.142857213 1
0.607935667 12.5630218983 7.6266822556 0.6907803045 1
3.8499996662 12.5630218983 6.0458806209 3.1803670742 1
7.0920636654 12.5630218983 3.487959229 4.1467471015 1
10.3341276646 12.5630218983 3.0733302931 2.2080697634 1
13.5761916637 12.5630218983 2.9971307188 -1.669197048 1
16.8182556629 12.5630218983 3.3497331783 -5.0123622606 1
20.0603196621 12.5630218983 4.1805493662 -5.6962199699 1
23.3023836613 12.5630218983 5.6578698739 -5.2085971644 1
26.5444476604 12.5630218983 6.0773820973 -4.6133720428 1
29.7865116596 12.5630218983 3.9880530925 -5.4575744711 1
33.0285756588 12.5630218983 0 -0 0
36.270639658 12.5630218983 0 -0 0
39.5127036572 12.5630218983 0 -0 0
42.7547676563 12.5630218983 0 -0 0
-35.0547683239 9.3209578991 0 -0 0
-31.8127043247 9.3209578991 0 -0 0
-28.5706403255 9.3209578991 0 -0 0
-25.3285763264 9.3209578991 7.8296516455 11.0062347985 1
-22.0865123272 9.3209578991 7.0798911446 6.1403717646 1
-18.844448328 9.3209578991 5.8205434617 -0.021327482 1
-15.6023843288 9.3209578991 5.4488743509 -2.6354395414 1
-12.3603203297 9.3209578991 5.0877713541 -1.6175971889 1
-9.1182563305 9.3209578991 4.2605947596 -0.6286271639 1
-5.8761923313 9.3209578991 5.0023994242 -0.4060101888 1
-2.6341283321 9.3209578991 6.2853679305 0.1611617328 1
0.607935667 9.3209578991 7.2370464636 1.460364724 1
3.8499996662 9.3209578991 5.6396815682 1.8342108275 1
7.0920636654 9.3209578991 3.0777878441 1.0177845308 1
10.3341276646 9.3209578991 3.3933307022 -1.608126063 1
13.5761916637 9.3209578991 4.2489809114 -4.8038733941 1
16.8182556629 9.3209578991 4.3712430538 -6.3891558293 1
20.0603196621 9.3209578991 3.4967281917 -5.7722347565 1
23.3023836613 9.3209578991 3.0085513249 -4.7403417432 1
26.5444476604 9.3209578991 3.2862918076 -4.9776106942 1
29.7865116596 9.3209578991 2.2268678384 -6.2887871073 1
33.0285756588 9.3209578991 0 -0 0
36.270639658 9.3209578991 0 -0 0
39.5127036572 9.3209578991 0 -0 0
42.7547676563 9.3209578991 0 -0 0
-35.0547683239 6.0788938999 0 -0 0
-31.8127043247 6.0788938999 0 -0 0
-28.5706403255 6.0788938999 0 -0 0
-25.3285763264 6.0788938999 6.5572534804 8.5145957376 1
-22.0865123272 6.0788938999 6.7918529734 6.4921133911 1
-18.844448328 6.0788938999 7.5174642547 1.3675827158 1
-15.6023843288 6.0788938999 8.4172270987 -2.0540106956 1
-12.3603203297 6.0788938999 7.2990040976 -1.501364199 1
-9.1182563305 6.0788938999 5.3158187332 0.3959551473 1
-5.8761923313 6.0788938999 5.2578696644 2.1305431596 1
-2.6341283321 6.0788938999 6.5190320111 2.4884146358 1
0.607935667 6.0788938999 7.5056547488 1.8806059833 1
3.8499996662 6.0788938999 5.8845518771 -0.3427362819 1
7.0920636654 6.0788938999 3.3603098601 -2.673190587 1
10.3341276646 6.0788938999 3.5716116064 -5.2430848346 1
13.5761916637 6.0788938999 5.3980559144 -7.638218807 1
16.8182556629 6.0788938999 5.7493850898 -7.740523573 1
20.0603196621 6.0788938999 3.6571233348 -5.8106512795 1
23.3023836613 6.0788938999 1.6662039096 -4.0447346142 1
26.5444476604 6.0788938999 1.6877804432 -5.0704333134 1
29.7865116596 6.0788938999 1.9145350631 -7.0370040872 1
33.0285756588 6.0788938999 1.8055604264 -7.9816498168 1
36.270639658 6.0788938999 0 -0 0
39.5127036572 6.0788938999 0 -0 0
42.7547676563 6.0788938999 0 -0 0
-35.0547683239 2.8368299007 0 -0 0
-31.8127043247 2.8368299007 0 -0 0
-28.5706403255 2.8368299007 8.1176300325 -0.2325276512 1
-25.3285763264 2.8368299007 7.2874615073 3.3553806777 1
-22.0865123272 2.8368299007 8.5755056372 4.979807313 1
-18.844448328 2.8368299007 9.9873768683 2.4711323032 1
-15.6023843288 2.8368299007 10.2896231626 -0.8957865111 1
-12.3603203297 2.8368299007 7.5515050526 -1.5210683981 1
-9.1182563305 2.8368299007 4.4533642897 0.8527106652 1
-5.8761923313 2.8368299007 3.7794648876 3.7306776063 1
-2.6341283321 2.8368299007 4.909770047 3.6507786542 1
0.607935667 2.8368299007 6.4677026908 1.1702353113 1
3.8499996662 2.8368299007 5.8445827749 -1.9658901993 1
7.0920636654 2.8368299007 4.4745049719 -3.6741244095 1
10.3341276646 2.8368299007 5.0784142108 -5.2863469024 1
13.5761916637 2.8368299007 7.0080395168 -7.6310990446 1
16.8182556629 2.8368299007 7.2929791722 -7.8895283039 1
20.0603196621 2.8368299007 4.763154875 -5.2848160629 1
23.3023836613 2.8368299007 2.1301308595 -3.0002721101 1
26.5444476604 2.8368299007 1.6650015816 -4.2523001458 1
29.7865116596 2.8368299007 2.2332319942 -6.4814077806 1
33.0285756588 2.8368299007 2.4856692397 -7.250849986 1
36.270639658 2.8368299007 0 -0 0
39.5127036572 2.8368299007 0 -0 0
42.7547676563 2.8368299007 0 -0 0
-35.0547683239 -0.4052340984 0 -0 0
-31.8127043247 -0.4052340984 0 -0 0
-28.5706403255 -0.4052340984 7.9477340224 -4.4336686959 1
-25.3285763264 -0.4052340984 8.7288625419 -1.2877844609 1
-22.0865123272 -0.4052340984 10.7568474562 2.0861405106 1
-18.844448328 -0.4052340984 11.6087212927 1.4894947579 1
-15.6023843288 -0.4052340984 10.915568036 -1.7194399855 1
-12.3603203297 -0.4052340984 7.9340681849 -3.0695234244 1
-9.1182563305 -0.4052340984 4.3075094045 -0.6501586329 1
-5.8761923313 -0.4052340984 2.2208945449 2.6202507149 1
-2.6341283321 -0.4052340984 1.9315317597 2.6350467165 1
0.607935667 -0.4052340984 3.6571791938 -0.4086533024 1
3.8499996662 -0.4052340984 4.2651552724 -3.1966767047 1
7.0920636654 -0.4052340984 4.5831178836 -4.04818942 1
10.3341276646 -0.4052340984 5.7860370712 -4.5721136537 1
13.5761916637 -0.4052340984 7.3609164404 -6.2036820931 1
16.8182556629 -0.4052340984 7.3969283074 -6.3883786339 1
20.0603196621 -0.4052340984 5.1156821513 -3.8654340562 1
23.3023836613 -0.4052340984 2.4753470939 -1.9988594096 1
26.5444476604 -0.4052340984 1.4559008323 -3.1516428486 1
29.7865116596 -0.4052340984 1.6322598837 -5.1083196285 1
33.0285756588 -0.4052340984 2.2676698441 -5.7922141746 1
36.270639658 -0.4052340984 0 -0 0
39.5127036572 -0.4052340984 0 -0 0
42.7547676563 -0.4052340984 0 -0 0
-35.0547683239 -3.6472980976 0 -0 0
-31.8127043247 -3.6472980976 0 -0 0
-28.5706403255 -3.6472980976 6.593374046 -3.9307652739 1
-25.3285763264 -3.6472980976 8.5743027054 -2.083280528 1
-22.0865123272 -3.6472980976 10.9517212113 -0.4194297558 1
-18.844448328 -3.6472980976 11.3215394254 -1.1317479077 1
-15.6023843288 -3.6472980976 10.8737673613 -3.7984004966 1
-12.3603203297 -3.6472980976 9.2710653615 -4.8938767928 1
-9.1182563305 -3.6472980976 5.3848188328 -3.0576414527 1
-5.8761923313 -3.6472980976 1.3512902959 -0.1304061916 1
-2.6341283321 -3.6472980976 -0.6135328449 0.2092833102 1
0.607935667 -3.6472980976 0.9487412537 -2.6857470942 1
3.8499996662 -3.6472980976 2.5087006747 -5.4715374183 1
7.0920636654 -3.6472980976 3.2583746696 -6.3146398765 1
10.3341276646 -3.6472980976 4.9425544696 -5.6696383158 1
13.5761916637 -3.6472980976 6.6063152257 -5.423147793 1
16.8182556629 -3.6472980976 6.9483983721 -4.3869557475 1
20.0603196621 -3.6472980976 5.2699774877 -2.5034102202 1
23.3023836613 -3.6472980976 2.9945349343 -1.6156904332 1
26.5444476604 -3.6472980976 1.9000698376 -2.4767277179 1
29.7865116596 -3.6472980976 1.6284767173 -4.0021655003 1
33.0285756588 -3.6472980976 2.2168107966 -4.7029880515 1
36.270639658 -3.6472980976 0 -0 0
39.5127036572 -3.6472980976 0 -0 0
42.7547676563 -3.6472980976 0 -0 0
-35.0547683239 -6.8893620968 0 -0 0
-31.8127043247 -6.8893620968 0 -0 0
-28.5706403255 -6.8893620968 4.4276890617 -0.2307661856 1
-25.3285763264 -6.8893620968 6.3895960589 0.3754371424 1
-22.0865123272 -6.8893620968 8.8243712259 -0.3785826854 1
-18.844448328 -6.8893620968 9.8072021919 -2.4869073477 1
-15.6023843288 -6.8893620968 10.9150873463 -5.2790749619 1
-12.3603203297 -6.8893620968 10.1723421364 -6.5940183876 1
-9.1182563305 -6.8893620968 5.6529850768 -5.4475584932 1
-5.8761923313 -6.8893620968 0.1885978226 -2.6991472238 1
-2.6341283321 -6.8893620968 -1.9844349461 -1.7388349974 1
0.607935667 -6.8893620968 -0.1784568978 -3.9576941599 1
3.8499996662 -6.8893620968 1.8607879525 -6.7940692184 1
7.0920636654 -6.8893620968 2.5508402779 -7.947985841 1
10.3341276646 -6.8893620968 4.2132782317 -7.0544496187 1
13.5761916637 -6.8893620968 6.0303783799 -5.4789687835 1
16.8182556629 -6.8893620968 6.8934300622 -3.4877916519 1
20.0603196621 -6.8893620968 6.1418832799 -2.108599466 1
23.3023836613 -6.8893620968 4.864639268 -1.8768184388 1
26.5444476604 -6.8893620968 4.0449387261 -2.6269713116 1
29.7865116596 -6.8893620968 3.4880516229 -3.8103920727 1
33.0285756588 -6.8893620968 3.4762315491 -4.6287369008 1
36.270639658 -6.8893620968 0 -0 0
39.5127036572 -6.8893620968 0 -0 0
42.7547676563 -6.8893620968 0 -0 0
-35.0547683239 -10.131426096 0 -0 0
-31.8127043247 -10.131426096 0 -0 0
-28.5706403255 -10.131426096 2.4908032889 2.5734308794 1
-25.3285763264 -10.131426096 4.0189111332 2.2845656925 1
-22.0865123272 -10.131426096 6.1855988627 0.7606222148 1
-18.844448328 -10.131426096 7.5373295392 -2.0633077526 1
-15.6023843288 -10.131426096 9.0681116726 -5.5993283974 1
-12.3603203297 -10.131426096 8.0693853387 -7.5769997201 1
-9.1182563305 -10.131426096 3.5508401977 -6.992770978 1
-5.8761923313 -10.131426096 -0.9546308341 -4.4143940074 1
-2.6341283321 -10.131426096 -1.8696792012 -3.3438178574 1
0.607935667 -10.131426096 0.3914654773 -4.65514977 1
3.8499996662 -10.131426096 2.3901466664 -6.4039732687 1
7.0920636654 -10.131426096 3.3081773775 -7.1061762929 1
10.3341276646 -10.131426096 4.9505676746 -6.41827137 1
13.5761916637 -10.131426096 6.4070222662 -4.8407222408 1
16.8182556629 -10.131426096 7.0686293593 -2.7817367698 1
20.0603196621 -10.131426096 6.9648197207 -1.7695003999 1
23.3023836613 -10.131426096 6.5448213727 -1.7694102706 1
26.5444476604 -10.131426096 6.2459054848 -2.5663512751 1
29.7865116596 -10.131426096 5.592799231 -3.8374480757 1
33.0285756588 -10.131426096 5.1868193873 -4.7800874092 1
36.270639658 -10.131426096 0 -0 0
39.5127036572 -10.131426096 0 -0 0
42.7547676563 -10.131426096 0 -0 0
-35.0547683239 -13.3734900951 0 -0 0
-31.8127043247 -13.3734900951 0 -0 0
-28.5706403255 -13.3734900951 0 -0 0
-25.3285763264 -13.3734900951 2.084447378 0.2591198921 1
-22.0865123272 -13.3734900951 3.4582751339 0.2110890479 1
-18.844448328 -13.3734900951 4.2786028067 -1.5221698779 1
-15.6023843288 -13.3734900951 4.7410932736 -5.1294065652 1
-12.3603203297 -13.3734900951 3.0918902878 -7.5793898829 1
-9.1182563305 -13.3734900951 -0.1017033 -6.5308777498 1
-5.8761923313 -13.3734900951 -2.1880219557 -3.3448076191 1
-2.6341283321 -13.3734900951 -1.8059502319 -2.7762680193 1
0.607935667 -13.3734900951 0.5583085269 -3.7980846666 1
3.8499996662 -13.3734900951 2.3967212748 -4.3977513363 1
7.0920636654 -13.3734900951 3.9788583934 -4.457336622 1
10.3341276646 -13.3734900951 5.8103143137 -4.2825298479 1
13.5761916637 -13.3734900951 7.1703477563 -3.2035325709 1
16.8182556629 -13.3734900951 7.8670071488 -1.7369134466 1
20.0603196621 -13.3734900951 7.9181559085 -1.259077295 1
23.3023836613 -13.3734900951 7.5139255093 -1.6630197936 1
26.5444476604 -13.3734900951 6.87093427 -2.5515598026 1
29.7865116596 -13.3734900951 6.0968862607 -3.3662079703 1
33.0285756588 -13.3734900951 5.7034429961 -4.3567767715 1
36.270639658 -13.3734900951 0 -0 0
39.5127036572 -13.3734900951 0 -0 0
42.7547676563 -13.3734900951 0 -0 0
-35.0547683239 -16.6155540943 0 -0 0
-31.8127043247 -16.6155540943 0 -0 0
-28.5706403255 -16.6155540943 0 -0 0
-25.3285763264 -16.6155540943 0.7447635328 -3.0309378146 1
-22.0865123272 -16.6155540943 1.5246584734 -1.9741910029 1
-18.844448328 -16.6155540943 1.4741492242 -2.4984867747 1
-15.6023843288 -16.6155540943 0.8818043152 -5.0799752444 1
-12.3603203297 -16.6155540943 -0.9810599327 -7.0627505732 1
-9.1182563305 -16.6155540943 -2.5934416994 -5.6946311578 1
-5.8761923313 -16.6155540943 -2.6770768661 -2.2355208559 1
-2.6341283321 -16.6155540943 -1.5426342128 -1.1625356717 1
0.607935667 -16.6155540943 0.4117344189 -1.6115142909 1
3.8499996662 -16.6155540943 1.5536511243 -1.969244006 1
7.0920636654 -16.6155540943 3.0247021346 -2.4050972617 1
10.3341276646 -16.6155540943 4.9526589161 -2.6413207429 1
13.5761916637 -16.6155540943 6.6162388098 -2.055827171 1
16.8182556629 -16.6155540943 8.1005655501 -1.1430955197 1
20.0603196621 -16.6155540943 8.8659653731 -1.1191721518 1
23.3023836613 -16.6155540943 7.9813829012 -1.7466226527 1
26.5444476604 -16.6155540943 6.3548450964 -2.2677408002 1
29.7865116596 -16.6155540943 4.792004406 -2.622858275 1
33.0285756588 -16.6155540943 0 -0 0
36.270639658 -16.6155540943 0 -0 0
39.5127036572 -16.6155540943 0 -0 0
42.7547676563 -16.6155540943 0 -0 0
-35.0547683239 -19.8576180935 0 -0 0
-31.8127043247 -19.8576180935 0 -0 0
-28.5706403255 -19.8576180935 0 -0 0
-25.3285763264 -19.8576180935 0 -0 0
-22.0865123272 -19.8576180935 0.3777889587 -3.1202920407 1
-18.844448328 -19.8576180935 0.3179561949 -2.8046788303 1
-15.6023843288 -19.8576180935 -0.324056228 -3.9378158919 1
-12.3603203297 -19.8576180935 -1.6071598527 -5.4593909466 1
-9.1182563305 -19.8576180935 -2.5083249095 -5.0313664101 1
-5.8761923313 -19.8576180935 -2.1250057176 -2.0650168881 1
-2.6341283321 -19.8576180935 -0.9468453679 0.3027952979 1
0.607935667 -19.8576180935 0.5187411569 1.1222769329 1
3.8499996662 -19.8576180935 1.2293501733 0.5069362179 1
7.0920636654 -19.8576180935 1.7827998323 -0.8132184783 1
10.3341276646 -19.8576180935 3.1708447694 -1.6791318039 1
13.5761916637 -19.8576180935 4.7124119237 -1.9341942731 1
16.8182556629 -19.8576180935 7.1359355713 -1.9777145003 1
20.0603196621 -19.8576180935 8.4506881704 -2.4201142839 1
23.3023836613 -19.8576180935 7.7608568657 -2.9434308618 1
26.5444476604 -19.8576180935 5.5412857269 -2.9282224092 1
29.7865116596 -19.8576180935 3.5263126464 -2.5222923857 1
33.0285756588 -19.8576180935 0 -0 0
36.270639658 -19.8576180935 0 -0 0
39.5127036572 -19.8576180935 0 -0 0
42.7547676563 -19.8576180935 0 -0 0
-35.0547683239 -23.0996820927 0 -0 0
-31.8127043247 -23.0996820927 0 -0 0
-28.5706403255 -23.0996820927 0 -0 0
-25.3285763264 -23.0996820927 0 -0 0
-22.0865123272 -23.0996820927 -0.1323006809 -2.852424718 1
-18.844448328 -23.0996820927 0.5222652958 -3.1472097548 1
-15.6023843288 -23.0996820927 0.4109271048 -3.9813167948 1
-12.3603203297 -23.0996820927 -0.255279206 -5.5256880727 1
-9.1182563305 -23.0996820927 -1.3897582998 -5.91466503 1
-5.8761923313 -23.0996820927 -1.4928894775 -3.8622519028 1
-2.6341283321 -23.0996820927 -0.7825316381 -0.488550292 1
0.607935667 -23.0996820927 0.0444499687 1.8822228759 1
3.8499996662 -23.0996820927 0.5289958566 1.5970448382 1
7.0920636654 -23.0996820927 0.683260999 -0.160710841 1
10.3341276646 -23.0996820927 1.2555624029 -1.8057784276 1
13.5761916637 -23.0996820927 2.1048999372 -2.9248539584 1
16.8182556629 -23.0996820927 4.1948021765 -3.5281321412 1
20.0603196621 -23.0996820927 5.86151078 -3.7030506334 1
23.3023836613 -23.0996820927 5.6430204288 -3.567145601 1
26.5444476604 -23.0996820927 3.9886017188 -3.0684313047 1
29.7865116596 -23.0996820927 0 -0 0
33.0285756588 -23.0996820927 0 -0 0
36.270639658 -23.0996820927 0 -0 0
39.5127036572 -23.0996820927 0 -0 0
42.7547676563 -23.0996820927 0 -0 0
-35.0547683239 -26.3417460918 0 -0 0
-31.8127043247 -26.3417460918 0 -0 0
-28.5706403255 -26.3417460918 0 -0 0
-25.3285763264 -26.3417460918 0 -0 0
-22.0865123272 -26.3417460918 0 -0 0
-18.844448328 -26.3417460918 1.0799876426 -3.8120835447 1
-15.6023843288 -26.3417460918 0.959657317 -4.5931115179 1
-12.3603203297 -26.3417460918 0.4613096144 -5.7455588969 1
-9.1182563305 -26.3417460918 -0.6370568207 -6.5255593658 1
-5.8761923313 -26.3417460918 -0.5950438439 -5.5932823362 1
-2.6341283321 -26.3417460918 -0.4683071286 -2.8359882724 1
0.607935667 -26.3417460918 -0.5149536123 0.1085032695 1
3.8499996662 -26.3417460918 -0.7469406764 0.8289977499 1
7.0920636654 -26.3417460918 -0.7199640838 -0.2780323838 1
10.3341276646 -26.3417460918 -0.6898162077 -2.1067121855 1
13.5761916637 -26.3417460918 -0.2999052534 -3.6674723533 1
16.8182556629 -26.3417460918 0.8846214222 -4.4256062745 1
20.0603196621 -26.3417460918 2.2404840066 -4.3927339872 1
23.3023836613 -26.3417460918 2.6962893548 -3.910479084 1
26.5444476604 -26.3417460918 0 -0 0
29.7865116596 -26.3417460918 0 -0 0
33.0285756588 -26.3417460918 0 -0 0
36.270639658 -26.3417460918 0 -0 0
39.5127036572 -26.3417460918 0 -0 0
42.7547676563 -26.3417460918 0 -0 0
-35.0547683239 -29.583810091 0 -0 0
-31.8127043247 -29.583810091 0 -0 0
-28.5706403255 -29.583810091 0 -0 0
-25.3285763264 -29.583810091 0 -0 0
-22.0865123272 -29.583810091 0 -0 0
-18.844448328 -29.583810091 0 -0 0
-15.6023843288 -29.583810091 0.5465926982 -6.5883412979 1
-12.3603203297 -29.583810091 0.1165002735 -6.5213714479 1
-9.1182563305 -29.583810091 -0.223063621 -6.2356636552 1
-5.8761923313 -29.583810091 0.3688862363 -5.5482502918 1
-2.6341283321 -29.583810091 0.7625439166 -4.0704143713 1
0.607935667 -29.583810091 0.4125761164 -1.8518043099 1
3.8499996662 -29.583810091 -0.5894419753 -0.7086444013 1
7.0920636654 -29.583810091 -1.3026619865 -1.099394883 1
10.3341276646 -29.583810091 -1.7772731091 -2.3048926444 1
13.5761916637 -29.583810091 -1.3409947209 -3.2632573531 1
16.8182556629 -29.583810091 -0.6899972967 -3.7466086031 1
20.0603196621 -29.583810091 0.3803759114 -3.837237623 1
23.3023836613 -29.583810091 0 -0 0
26.5444476604 -29.583810091 0 -0 0
29.7865116596 -29.583810091 0 -0 0
33.0285756588 -29.583810091 0 -0 0
36.270639658 -29.583810091 0 -0 0
39.5127036572 -29.583810091 0 -0 0
42.7547676563 -29.583810091 0 -0 0
-35.0547683239 -32.8258740902 0 -0 0
-31.8127043247 -32.8258740902 0 -0 0
-28.5706403255 -32.8258740902 0 -0 0
-25.3285763264 -32.8258740902 0 -0 0
-22.0865123272 -32.8258740902 0 -0 0
-18.844448328 -32.8258740902 0 -0 0
-15.6023843288 -32.8258740902 0 -0 0
-12.3603203297 -32.8258740902 0 -0 0
-9.1182563305 -32.8258740902 0.5489840688 -4.8055250099 1
-5.8761923313 -32.8258740902 1.3838927992 -4.3664832601 1
-2.6341283321 -32.8258740902 2.464108558 -3.5779837636 1
0.607935667 -32.8258740902 2.9115459207 -2.3491686292 1
3.8499996662 -32.8258740902 1.7726846668 -1.7543932484 1
7.0920636654 -32.8258740902 0.0978545653 -1.785409657 1
10.3341276646 -32.8258740902 -1.5599612326 -2.2011098786 1
13.5761916637 -32.8258740902 -1.5684060619 -2.5543832504 1
16.8182556629 -32.8258740902 -1.3531425513 -2.9254747486 1
20.0603196621 -32.8258740902 0 -0 0
23.3023836613 -32.8258740902 0 -0 0
26.5444476604 -32.8258740902 0 -0 0
29.7865116596 -32.8258740902 0 -0 0
33.0285756588 -32.8258740902 0 -0 0
36.270639658 -32.8258740902 0 -0 0
39.5127036572 -32.8258740902 0 -0 0
42.7547676563 -32.8258740902 0 -0 0
-35.0547683239 -36.0679380894 0 -0 0
-31.8127043247 -36.0679380894 0 -0 0
-28.5706403255 -36.0679380894 0 -0 0
-25.3285763264 -36.0679380894 0 -0 0
-22.0865123272 -36.0679380894 0 -0 0
-18.844448328 -36.0679380894 0 -0 0
-15.6023843288 -36.0679380894 0 -0 0
-12.3603203297 -36.0679380894 0 -0 0
-9.1182563305 -36.0679380894 0 -0 0
-5.8761923313 -36.0679380894 0 -0 0
-2.6341283321 -36.0679380894 0 -0 0
0.607935667 -36.0679380894 0 -0 0
3.8499996662 -36.0679380894 0 -0 0
7.0920636654 -36.0679380894 0 -0 0
10.3341276646 -36.0679380894 0 -0 0
13.5761916637 -36.0679380894 0 -0 0
16.8182556629 -36.0679380894 0 -0 0
20.0603196621 -36.0679380894 0 -0 0
23.3023836613 -36.0679380894 0 -0 0
26.5444476604 -36.0679380894 0 -0 0
29.7865116596 -36.0679380894 0 -0 0
33.0285756588 -36.0679380894 0 -0 0
36.270639658 -36.0679380894 0 -0 0
39.5127036572 -36.0679380894 0 -0 0
42.7547676563 -36.0679380894 0 -0 0
-35.0547683239 -39.3100020885 0 -0 0
-31.8127043247 -39.3100020885 0 -0 0
-28.5706403255 -39.3100020885 0 -0 0
-25.3285763264 -39.3100020885 0 -0 0
-22.0865123272 -39.3100020885 0 -0 0
-18.844448328 -39.3100020885 0 -0 0
-15.6023843288 -39.3100020885 0 -0 0
-12.3603203297 -39.3100020885 0 -0 0
-9.1182563305 -39.3100020885 0 -0 0
-5.8761923313 -39.3100020885 0 -0 0
-2.6341283321 -39.3100020885 0 -0 0
0.607935667 -39.3100020885 0 -0 0
3.8499996662 -39.3100020885 0 -0 0
7.0920636654 -39.3100020885 0 -0 0
10.3341276646 -39.3100020885 0 -0 0
13.5761916637 -39.3100020885 0 -0 0
16.8182556629 -39.3100020885 0 -0 0
20.0603196621 -39.3100020885 0 -0 0
23.3023836613 -39.3100020885 0 -0 0
26.5444476604 -39.3100020885 0 -0 0
29.7865116596 -39.3100020885 0 -0 0
33.0285756588 -39.3100020885 0 -0 0
36.270639658 -39.3100020885 0 -0 0
39.5127036572 -39.3100020885 0 -0 0
42.7547676563 -39.3100020885 0 -0 0
-35.0547683239 -42.5520660877 0 -0 0
-31.8127043247 -42.5520660877 0 -0 0
-28.5706403255 -42.5520660877 0 -0 0
-25.3285763264 -42.5520660877 0 -0 0
-22.0865123272 -42.5520660877 0 -0 0
-18.844448328 -42.5520660877 0 -0 0
-15.6023843288 -42.5520660877 0 -0 0
-12.3603203297 -42.5520660877 0 -0 0
-9.1182563305 -42.5520660877 0 -0 0
-5.8761923313 -42.5520660877 0 -0 0
-2.6341283321 -42.5520660877 0 -0 0
0.607935667 -42.5520660877 0 -0 0
3.8499996662 -42.5520660877 0 -0 0
7.0920636654 -42.5520660877 0 -0 0
10.3341276646 -42.5520660877 0 -0 0
13.5761916637 -42.5520660877 0 -0 0
16.8182556629 -42.5520660877 0 -0 0
20.0603196621 -42.5520660877 0 -0 0
23.3023836613 -42.5520660877 0 -0 0
26.5444476604 -42.5520660877 0 -0 0
29.7865116596 -42.5520660877 0 -0 0
33.0285756588 -42.5520660877 0 -0 0
36.270639658 -42.5520660877 0 -0 0
39.5127036572 -42.5520660877 0 -0 0
42.7547676563 -42.5520660877 0 -0 0
