TITLE = "B00070"
VARIABLES = "x", "y", "Vx", "Vy", "isValid"
ZONE T="Frame 0", I=25, J=25, F=POINT
-35.0547683239 35.2574698925 0 -0 0
-31.8127043247 35.2574698925 0 -0 0
-28.5706403255 35.2574698925 0 -0 0
-25.3285763264 35.2574698925 0 -0 0
-22.0865123272 35.2574698925 0 -0 0
-18.844448328 35.2574698925 0 -0 0
-15.6023843288 35.2574698925 0 -0 0
-12.3603203297 35.2574698925 0 -0 0
-9.1182563305 35.2574698925 0 -0 0
-5.8761923313 35.2574698925 0 -0 0
-2.6341283321 35.2574698925 0 -0 0
0.607935667 35.2574698925 0 -0 0
3.8499996662 35.2574698925 0 -0 0
7.0920636654 35.2574698925 0 -0 0
10.3341276646 35.2574698925 0 -0 0
13.5761916637 35.2574698925 0 -0 0
16.8182556629 35.2574698925 0 -0 0
20.0603196621 35.2574698925 0 -0 0
23.3023836613 35.2574698925 0 -0 0
26.5444476604 35.2574698925 0 -0 0
29.7865116596 35.2574698925 0 -0 0
33.0285756588 35.2574698925 0 -0 0
36.270639658 35.2574698925 0 -0 0
39.5127036572 35.2574698925 0 -0 0
42.7547676563 35.2574698925 0 -0 0
-35.0547683239 32.0154058933 0 -0 0
-31.8127043247 32.0154058933 0 -0 0
-28.5706403255 32.0154058933 0 -0 0
-25.3285763264 32.0154058933 0 -0 0
-22.0865123272 32.0154058933 0 -0 0
-18.844448328 32.0154058933 0 -0 0
-15.6023843288 32.0154058933 0 -0 0
-12.3603203297 32.0154058933 0 -0 0
-9.1182563305 32.0154058933 0 -0 0
-5.8761923313 32.0154058933 0 -0 0
-2.6341283321 32.0154058933 0 -0 0
0.607935667 32.0154058933 0 -0 0
3.8499996662 32.0154058933 0 -0 0
7.0920636654 32.0154058933 0 -0 0
10.3341276646 32.0154058933 0 -0 0
13.5761916637 32.0154058933 0 -0 0
16.8182556629 32.0154058933 0 -0 0
20.0603196621 32.0154058933 0 -0 0
23.3023836613 32.0154058933 0 -0 0
26.5444476604 32.0154058933 0 -0 0
29.7865116596 32.0154058933 0 -0 0
33.0285756588 32.0154058933 0 -0 0
36.270639658 32.0154058933 0 -0 0
39.5127036572 32.0154058933 0 -0 0
42.7547676563 32.0154058933 0 -0 0
-35.0547683239 28.7733418941 0 -0 0
-31.8127043247 28.7733418941 0 -0 0
-28.5706403255 28.7733418941 0 -0 0
-25.3285763264 28.7733418941 0 -0 0
-22.0865123272 28.7733418941 0 -0 0
-18.844448328 28.7733418941 0 -0 0
-15.6023843288 28.7733418941 0 -0 0
-12.3603203297 28.7733418941 0 -0 0
-9.1182563305 28.7733418941 0 -0 0
-5.8761923313 28.7733418941 0 -0 0
-2.6341283321 28.7733418941 0 -0 0
0.607935667 28.7733418941 0 -0 0
3.8499996662 28.7733418941 0 -0 0
7.0920636654 28.7733418941 0 -0 0
10.3341276646 28.7733418941 0 -0 0
13.5761916637 28.7733418941 0 -0 0
16.8182556629 28.7733418941 0 -0 0
20.0603196621 28.7733418941 0 -0 0
23.3023836613 28.7733418941 0 -0 0
26.5444476604 28.7733418941 0 -0 0
29.7865116596 28.7733418941 0 -0 0
33.0285756588 28.7733418941 0 -0 0
36.270639658 28.7733418941 0 -0 0
39.5127036572 28.7733418941 0 -0 0
42.7547676563 28.7733418941 0 -0 0
-35.0547683239 25.531277895 0 -0 0
-31.8127043247 25.531277895 0 -0 0
-28.5706403255 25.531277895 0 -0 0
-25.3285763264 25.531277895 0 -0 0
-22.0865123272 25.531277895 0 -0 0
-18.844448328 25.531277895 0 -0 0
-15.6023843288 25.531277895 0 -0 0
-12.3603203297 25.531277895 0 -0 0
-9.1182563305 25.531277895 1.7401029975 -8.6749818224 1
-5.8761923313 25.531277895 4.4818889324 -7.8327598234 1
-2.6341283321 25.531277895 6.6292150146 -4.5826411192 1
0.607935667 25.531277895 5.0660286021 -0.5957336275 1
3.8499996662 25.531277895 1.8931238421 2.4624385238 1
7.0920636654 25.531277895 0.7146505309 3.9811951127 1
10.3341276646 25.531277895 1.6822457186 3.5708347129 1
13.5761916637 25.531277895 1.9163059455 3.0056134416 1
16.8182556629 25.531277895 0 -0 0
20.0603196621 25.531277895 0 -0 0
23.3023836613 25.531277895 0 -0 0
26.5444476604 25.531277895 0 -0 0
29.7865116596 25.531277895 0 -0 0
33.0285756588 25.531277895 0 -0 0
36.270639658 25.531277895 0 -0 0
39.5127036572 25.531277895 0 -0 0
42.7547676563 25.531277895 0 -0 0
-35.0547683239 22.2892138958 0 -0 0
-31.8127043247 22.2892138958 0 -0 0
-28.5706403255 22.2892138958 0 -0 0
-25.3285763264 22.2892138958 0 -0 0
-22.0865123272 22.2892138958 0 -0 0
-18.844448328 22.2892138958 0 -0 0
-15.6023843288 22.2892138958 1.7556574742 2.0599166563 1
-12.3603203297 22.2892138958 2.7008057842 -2.7458731557 1
-9.1182563305 22.2892138958 4.9121469245 -6.223000261 1
-5.8761923313 22.2892138958 7.8966849031 -6.3901117736 1
-2.6341283321 22.2892138958 9.690490626 -3.4786941777 1
0.607935667 22.2892138958 8.3803160522 0.9295845486 1
3.8499996662 22.2892138958 5.046033483 4.502890118 1
7.0920636654 22.2892138958 2.6241886259 5.5594390075 1
10.3341276646 22.2892138958 1.5863949358 3.7411899748 1
13.5761916637 22.2892138958 0.8502607936 1.5895663702 1
16.8182556629 22.2892138958 -0.1810477946 0.3574363041 1
20.0603196621 22.2892138958 -0.9932012714 -0.3228409166 1
23.3023836613 22.2892138958 0 -0 0
26.5444476604 22.2892138958 0 -0 0
29.7865116596 22.2892138958 0 -0 0
33.0285756588 22.2892138958 0 -0 0
36.270639658 22.2892138958 0 -0 0
39.5127036572 22.2892138958 0 -0 0
42.7547676563 22.2892138958 0 -0 0
-35.0547683239 19.0471498966 0 -0 0
-31.8127043247 19.0471498966 0 -0 0
-28.5706403255 19.0471498966 0 -0 0
-25.3285763264 19.0471498966 0 -0 0
-22.0865123272 19.0471498966 0 -0 0
-18.844448328 19.0471498966 4.5007514718 5.1354248479 1
-15.6023843288 19.0471498966 2.7162754156 2.415273872 1
-12.3603203297 19.0471498966 3.6706007612 -0.7784863871 1
-9.1182563305 19.0471498966 7.146085007 -2.4060977423 1
-5.8761923313 19.0471498966 10.6708414509 -2.4704796583 1
-2.6341283321 19.0471498966 11.6968565841 -1.1387132275 1
0.607935667 19.0471498966 10.054165554 1.7979779398 1
3.8499996662 19.0471498966 6.4261465881 5.0914966988 1
7.0920636654 19.0471498966 3.0820068619 6.414002532 1
10.3341276646 19.0471498966 0.5932402765 4.2873974344 1
13.5761916637 19.0471498966 -0.3897520769 1.0130371922 1
16.8182556629 19.0471498966 -0.758262548 -0.8687261299 1
20.0603196621 19.0471498966 -1.0758579992 -1.5445331181 1
23.3023836613 19.0471498966 -1.3130333486 -1.8883036603 1
26.5444476604 19.0471498966 0 -0 0
29.7865116596 19.0471498966 0 -0 0
33.0285756588 19.0471498966 0 -0 0
36.270639658 19.0471498966 0 -0 0
39.5127036572 19.0471498966 0 -0 0
42.7547676563 19.0471498966 0 -0 0
-35.0547683239 15.8050858974 0 -0 0
-31.8127043247 15.8050858974 0 -0 0
-28.5706403255 15.8050858974 0 -0 0
-25.3285763264 15.8050858974 0 -0 0
-22.0865123272 15.8050858974 11.4001563372 3.370417326 1
-18.844448328 15.8050858974 8.0229885222 2.2434058871 1
-15.6023843288 15.8050858974 3.7804181145 0.4875454332 1
-12.3603203297 15.8050858974 2.4463286271 0.2742298177 1
-9.1182563305 15.8050858974 5.2556860291 1.7200434141 1
-5.8761923313 15.8050858974 9.4151937497 2.0696118222 1
-2.6341283321 15.8050858974 10.7372309709 1.5167569864 1
0.607935667 15.8050858974 9.2055816637 2.2051925702 1
3.8499996662 15.8050858974 5.6676436953 5.0708197976 1
7.0920636654 15.8050858974 2.4562205074 7.3088165674 1
10.3341276646 15.8050858974 0.1320337182 5.8850778579 1
13.5761916637 15.8050858974 -0.646839172 2.1584624111 1
16.8182556629 15.8050858974 -0.7526219932 -0.2989175675 1
20.0603196621 15.8050858974 -1.0517456919 -0.446777811 1
23.3023836613 15.8050858974 -0.8566449529 -0.5206599525 1
26.5444476604 15.8050858974 -0.0769411077 -1.5816605051 1
29.7865116596 15.8050858974 0 -0 0
33.0285756588 15.8050858974 0 -0 0
36.270639658 15.8050858974 0 -0 0
39.5127036572 15.8050858974 0 -0 0
42.7547676563 15.8050858974 0 -0 0
-35.0547683239 12.5630218983 0 -0 0
-31.8127043247 12.5630218983 0 -0 0
-28.5706403255 12.5630218983 0 -0 0
-25.3285763264 12.5630218983 0 -0 0
-22.0865123272 12.5630218983 12.2180135309 1.7103576084 1
-18.844448328 12.5630218983 9.9662597376 -0.333009752 1
-15.6023843288 12.5630218983 4.6337771974 -2.8129088288 1
-12.3603203297 12.5630218983 0.4173942601 -1.9464435556 1
-9.1182563305 12.5630218983 1.4288490564 1.7430562798 1
-5.8761923313 12.5630218983 5.8732019251 3.1527914312 1
-2.6341283321 12.5630218983 8.2729761226 2.237521968 1
0.607935667 12.5630218983 6.924196011 1.3654849826 1
3.8499996662 12.5630218983 3.8428117508 3.7004158986 1
7.0920636654 12.5630218983 1.9711484971 6.2238505261 1
10.3341276646 12.5630218983 1.1642748503 5.5802789567 1
13.5761916637 12.5630218983 0.715676299 2.299713757 1
16.8182556629 12.5630218983 -0.2522496082 -0.0322220414 1
20.0603196621 12.5630218983 -0.8717836572 0.0848053569 1
23.3023836613 12.5630218983 -0.5682948769 0.1147578773 1
26.5444476604 12.5630218983 0.512456487 -1.1397232192 1
29.7865116596 12.5630218983 0.8928005437 -3.0275488318 1
33.0285756588 12.5630218983 0 -0 0
36.270639658 12.5630218983 0 -0 0
39.5127036572 12.5630218983 0 -0 0
42.7547676563 12.5630218983 0 -0 0
-35.0547683239 9.3209578991 0 -0 0
-31.8127043247 9.3209578991 0 -0 0
-28.5706403255 9.3209578991 0 -0 0
-25.3285763264 9.3209578991 8.1408764493 0.8160722712 1
-22.0865123272 9.3209578991 8.8145092377 -0.4239924199 1
-18.844448328 9.3209578991 7.7491101635 -3.0438910719 1
-15.6023843288 9.3209578991 3.573294926 -5.7080614815 1
-12.3603203297 9.3209578991 -0.5691945093 -5.3884626535 1
-9.1182563305 9.3209578991 -0.5043102771 -2.1887842051 1
-5.8761923313 9.3209578991 2.9918552103 0.1573376912 1
-2.6341283321 9.3209578991 5.3975860946 0.5202677692 1
0.607935667 9.3209578991 4.229048898 0.2021011404 1
3.8499996662 9.3209578991 2.249865909 2.1805327688 1
7.0920636654 9.3209578991 1.699136736 4.3732633392 1
10.3341276646 9.3209578991 1.8614449755 3.5882455212 1
13.5761916637 9.3209578991 1.5293005102 0.5910759653 1
16.8182556629 9.3209578991 0.1658961635 -1.5393663083 1
20.0603196621 9.3209578991 -0.5716229054 -1.4906779127 1
23.3023836613 9.3209578991 -0.4087349019 -1.4470953348 1
26.5444476604 9.3209578991 0.6052964301 -2.4751452465 1
29.7865116596 9.3209578991 0.8256854601 -3.9045556108 1
33.0285756588 9.3209578991 0 -0 0
36.270639658 9.3209578991 0 -0 0
39.5127036572 9.3209578991 0 -0 0
42.7547676563 9.3209578991 0 -0 0
-35.0547683239 6.0788938999 0 -0 0
-31.8127043247 6.0788938999 0 -0 0
-28.5706403255 6.0788938999 0 -0 0
-25.3285763264 6.0788938999 2.6054435415 0.1659404544 1
-22.0865123272 6.0788938999 2.2871980118 -3.0192333841 1
-18.844448328 6.0788938999 2.384407377 -6.8388585024 1
-15.6023843288 6.0788938999 1.7741833496 -9.506528405 1
-12.3603203297 6.0788938999 0.6531238418 -9.2357020632 1
-9.1182563305 6.0788938999 0.8073439195 -6.5231178731 1
-5.8761923313 6.0788938999 2.2281045876 -3.7523487984 1
-2.6341283321 6.0788938999 3.281903099 -2.1805262771 1
0.607935667 6.0788938999 2.386144442 -1.2096846226 1
3.8499996662 6.0788938999 1.5349238544 0.2483203592 1
7.0920636654 6.0788938999 1.7034546394 1.3212067332 1
10.3341276646 6.0788938999 1.9925834205 0.7468183149 1
13.5761916637 6.0788938999 1.8396151136 -1.0149782182 1
16.8182556629 6.0788938999 0.6978894235 -2.3925987271 1
20.0603196621 6.0788938999 -0.144542915 -3.4747843472 1
23.3023836613 6.0788938999 -0.2568530532 -4.0572289216 1
26.5444476604 6.0788938999 0.3416433697 -4.625016991 1
29.7865116596 6.0788938999 0.4949874041 -4.9807218915 1
33.0285756588 6.0788938999 0.1239859032 -5.1954953523 1
36.270639658 6.0788938999 0 -0 0
39.5127036572 6.0788938999 0 -0 0
42.7547676563 6.0788938999 0 -0 0
-35.0547683239 2.8368299007 0 -0 0
-31.8127043247 2.8368299007 0 -0 0
-28.5706403255 2.8368299007 -1.6826885147 2.3415023541 1
-25.3285763264 2.8368299007 -2.6703139976 0.0308199631 1
-22.0865123272 2.8368299007 -4.1977310016 -4.3183913484 1
-18.844448328 2.8368299007 -3.0125321115 -8.8919757554 1
-15.6023843288 2.8368299007 -0.6893545404 -11.198212338 1
-12.3603203297 2.8368299007 1.2016028015 -10.9983589764 1
-9.1182563305 2.8368299007 1.4014301207 -8.823937639 1
-5.8761923313 2.8368299007 0.9181596398 -6.2568840497 1
-2.6341283321 2.8368299007 0.8941417644 -3.7760743951 1
0.607935667 2.8368299007 0.9498363173 -2.0336215439 1
3.8499996662 2.8368299007 1.6220180541 -0.9811995048 1
7.0920636654 2.8368299007 2.2031162748 -0.2962529783 1
10.3341276646 2.8368299007 2.2131068896 -0.3666832767 1
13.5761916637 2.8368299007 2.0297609297 -1.4253749264 1
16.8182556629 2.8368299007 1.3763559056 -2.8883034291 1
20.0603196621 2.8368299007 0.4256328262 -4.5365785511 1
23.3023836613 2.8368299007 -0.1458312018 -5.3716397238 1
26.5444476604 2.8368299007 -0.2482516488 -5.4408439353 1
29.7865116596 2.8368299007 -0.2947972088 -5.2710747403 1
33.0285756588 2.8368299007 -0.7815418009 -5.1650766353 1
36.270639658 2.8368299007 0 -0 0
39.5127036572 2.8368299007 0 -0 0
42.7547676563 2.8368299007 0 -0 0
-35.0547683239 -0.4052340984 0 -0 0
-31.8127043247 -0.4052340984 0 -0 0
-28.5706403255 -0.4052340984 -4.0074186651 2.2738362287 1
-25.3285763264 -0.4052340984 -6.3931601673 1.4179565446 1
-22.0865123272 -0.4052340984 -9.3563364432 -2.1731272195 1
-18.844448328 -0.4052340984 -8.1672751273 -6.107760958 1
-15.6023843288 -0.4052340984 -4.1498175368 -8.1634422917 1
-12.3603203297 -0.4052340984 -0.0127861838 -8.4268916176 1
-9.1182563305 -0.4052340984 0.5123920604 -7.6909738914 1
-5.8761923313 -0.4052340984 -1.2072368645 -6.2438317558 1
-2.6341283321 -0.4052340984 -1.6324123637 -3.6340052428 1
0.607935667 -0.4052340984 -0.1807350029 -2.0410012773 1
3.8499996662 -0.4052340984 2.2175707814 -2.7385320707 1
7.0920636654 -0.4052340984 3.170438961 -3.5927737263 1
10.3341276646 -0.4052340984 2.769096625 -3.080738107 1
13.5761916637 -0.4052340984 2.3090236465 -2.4389789368 1
16.8182556629 -0.4052340984 1.9089459892 -2.6949795359 1
20.0603196621 -0.4052340984 0.7798627085 -3.6318065104 1
23.3023836613 -0.4052340984 -0.2145051298 -4.4494565728 1
26.5444476604 -0.4052340984 -1.1310823549 -4.638226294 1
29.7865116596 -0.4052340984 -1.5889994765 -4.6621988783 1
33.0285756588 -0.4052340984 -2.2010971971 -4.7665945838 1
36.270639658 -0.4052340984 0 -0 0
39.5127036572 -0.4052340984 0 -0 0
42.7547676563 -0.4052340984 0 -0 0
-35.0547683239 -3.6472980976 0 -0 0
-31.8127043247 -3.6472980976 0 -0 0
-28.5706403255 -3.6472980976 -5.1567503178 2.80631082 1
-25.3285763264 -3.6472980976 -7.5315044986 3.6428684109 1
-22.0865123272 -3.6472980976 -11.2259727687 2.4050456298 1
-18.844448328 -3.6472980976 -10.7758346971 0.0663185309 1
-15.6023843288 -3.6472980976 -6.5233002453 -2.1010587982 1
-12.3603203297 -3.6472980976 -1.1493995138 -4.0768493322 1
-9.1182563305 -3.6472980976 -0.3804829117 -5.7038789985 1
-5.8761923313 -3.6472980976 -2.8906778911 -5.7516158279 1
-2.6341283321 -3.6472980976 -3.4262700204 -3.5586064153 1
0.607935667 -3.6472980976 -0.8458720851 -2.7729463693 1
3.8499996662 -3.6472980976 2.4126036592 -4.9911442816 1
7.0920636654 -3.6472980976 3.2189747256 -7.330337091 1
10.3341276646 -3.6472980976 2.4831370138 -6.6963913921 1
13.5761916637 -3.6472980976 1.4414656498 -4.5364025196 1
16.8182556629 -3.6472980976 0.904123774 -3.1093143815 1
20.0603196621 -3.6472980976 0.0548077435 -2.7617190052 1
23.3023836613 -3.6472980976 -0.5547528729 -3.2806083772 1
26.5444476604 -3.6472980976 -1.7112486355 -3.9697138165 1
29.7865116596 -3.6472980976 -2.7329002722 -4.45397421 1
33.0285756588 -3.6472980976 -3.4272120755 -4.835749579 1
36.270639658 -3.6472980976 0 -0 0
39.5127036572 -3.6472980976 0 -0 0
42.7547676563 -3.6472980976 0 -0 0
-35.0547683239 -6.8893620968 0 -0 0
-31.8127043247 -6.8893620968 0 -0 0
-28.5706403255 -6.8893620968 -5.5625979114 3.5460945953 1
-25.3285763264 -6.8893620968 -7.0529900372 4.6061094624 1
-22.0865123272 -6.8893620968 -9.8766962665 4.526364802 1
-18.844448328 -6.8893620968 -9.4191763479 3.5012929317 1
-15.6023843288 -6.8893620968 -5.7464393561 1.7870488932 1
-12.3603203297 -6.8893620968 -0.8774735793 -0.7835343077 1
-9.1182563305 -6.8893620968 -0.8124905747 -3.5046103545 1
-5.8761923313 -6.8893620968 -3.6534043308 -4.3602475802 1
-2.6341283321 -6.8893620968 -4.0787431044 -3.0985722362 1
0.607935667 -6.8893620968 -1.1180342127 -3.2270051413 1
3.8499996662 -6.8893620968 1.6079113832 -6.1855885968 1
7.0920636654 -6.8893620968 1.6888712041 -8.8461411525 1
10.3341276646 -6.8893620968 0.8719618777 -8.1383787956 1
13.5761916637 -6.8893620968 -0.3516060928 -5.1759887733 1
16.8182556629 -6.8893620968 -1.1381743388 -3.0284102687 1
20.0603196621 -6.8893620968 -1.6048839745 -2.2618124959 1
23.3023836613 -6.8893620968 -1.2059614669 -3.0260783805 1
26.5444476604 -6.8893620968 -1.5491937242 -4.3637407325 1
29.7865116596 -6.8893620968 -2.6495570821 -5.0133885571 1
33.0285756588 -6.8893620968 -3.4560419803 -5.3333476004 1
36.270639658 -6.8893620968 0 -0 0
39.5127036572 -6.8893620968 0 -0 0
42.7547676563 -6.8893620968 0 -0 0
-35.0547683239 -10.131426096 0 -0 0
-31.8127043247 -10.131426096 0 -0 0
-28.5706403255 -10.131426096 -4.9366316002 3.3043843981 1
-25.3285763264 -10.131426096 -5.2718344232 3.3049161157 1
-22.0865123272 -10.131426096 -6.1445802145 3.4264007607 1
-18.844448328 -10.131426096 -5.3882482756 3.4577811589 1
-15.6023843288 -10.131426096 -2.9615808211 2.1104224332 1
-12.3603203297 -10.131426096 -0.2442279111 -0.5736519471 1
-9.1182563305 -10.131426096 -1.095538647 -3.2351771672 1
-5.8761923313 -10.131426096 -3.3695942356 -4.4060329667 1
-2.6341283321 -10.131426096 -3.5854821596 -3.9950928406 1
0.607935667 -10.131426096 -1.3203930029 -4.1566045605 1
3.8499996662 -10.131426096 -0.0580821256 -5.3318258191 1
7.0920636654 -10.131426096 -0.531239616 -6.4260801612 1
10.3341276646 -10.131426096 -0.8305651243 -5.885489705 1
13.5761916637 -10.131426096 -1.2263764345 -4.1295594274 1
16.8182556629 -10.131426096 -1.9960897073 -2.8621103727 1
20.0603196621 -10.131426096 -2.5754831706 -2.259107107 1
23.3023836613 -10.131426096 -1.7731076858 -2.8571162731 1
26.5444476604 -10.131426096 -1.1420971527 -4.3446034271 1
29.7865116596 -10.131426096 -1.5825300944 -5.5192084246 1
33.0285756588 -10.131426096 -2.3568454723 -6.0022990998 1
36.270639658 -10.131426096 0 -0 0
39.5127036572 -10.131426096 0 -0 0
42.7547676563 -10.131426096 0 -0 0
-35.0547683239 -13.3734900951 0 -0 0
-31.8127043247 -13.3734900951 0 -0 0
-28.5706403255 -13.3734900951 0 -0 0
-25.3285763264 -13.3734900951 -2.6946458914 0.2325067041 1
-22.0865123272 -13.3734900951 -1.7318847747 1.0633938859 1
-18.844448328 -13.3734900951 -0.9836815331 2.2872088817 1
-15.6023843288 -13.3734900951 -0.7500647817 1.5590061941 1
-12.3603203297 -13.3734900951 -0.9123623778 -1.134818343 1
-9.1182563305 -13.3734900951 -2.336311691 -3.457469858 1
-5.8761923313 -13.3734900951 -3.4369176583 -4.8558102191 1
-2.6341283321 -13.3734900951 -3.6721210328 -5.6128124665 1
0.607935667 -13.3734900951 -2.6725293368 -5.6891068502 1
3.8499996662 -13.3734900951 -1.8930358264 -4.6415476421 1
7.0920636654 -13.3734900951 -1.7347126006 -3.1145147067 1
10.3341276646 -13.3734900951 -1.2167636985 -2.2894504897 1
13.5761916637 -13.3734900951 -1.0638061859 -2.0521792741 1
16.8182556629 -13.3734900951 -1.6286012678 -2.5101413849 1
20.0603196621 -13.3734900951 -2.2769347445 -2.73711929 1
23.3023836613 -13.3734900951 -1.8495885179 -3.0839803465 1
26.5444476604 -13.3734900951 -0.7103191911 -4.1172456805 1
29.7865116596 -13.3734900951 -0.5277097401 -5.3866830148 1
33.0285756588 -13.3734900951 -0.9405045371 -6.3098710246 1
36.270639658 -13.3734900951 0 -0 0
39.5127036572 -13.3734900951 0 -0 0
42.7547676563 -13.3734900951 0 -0 0
-35.0547683239 -16.6155540943 0 -0 0
-31.8127043247 -16.6155540943 0 -0 0
-28.5706403255 -16.6155540943 0 -0 0
-25.3285763264 -16.6155540943 -1.0167538561 -3.2974633126 1
-22.0865123272 -16.6155540943 -0.2262585502 -1.2507613944 1
-18.844448328 -16.6155540943 0.2215713544 1.1330769753 1
-15.6023843288 -16.6155540943 -0.7412336192 0.9276005716 1
-12.3603203297 -16.6155540943 -1.9766302311 -1.4525812959 1
-9.1182563305 -16.6155540943 -3.5441561358 -4.1194099917 1
-5.8761923313 -16.6155540943 -4.1740244271 -6.5460708035 1
-2.6341283321 -16.6155540943 -4.9737331713 -8.5997810681 1
0.607935667 -16.6155540943 -5.0488825958 -7.9528193082 1
3.8499996662 -16.6155540943 -3.5131492383 -4.7190208024 1
7.0920636654 -16.6155540943 -1.8257231226 -1.5590662803 1
10.3341276646 -16.6155540943 -0.7469879301 -0.2769845929 1
13.5761916637 -16.6155540943 -0.9665925181 -0.4485406165 1
16.8182556629 -16.6155540943 -1.369583828 -1.2555387761 1
20.0603196621 -16.6155540943 -1.3676341967 -1.8883249471 1
23.3023836613 -16.6155540943 -1.0150662339 -2.4763391202 1
26.5444476604 -16.6155540943 -0.2362298409 -3.3352228126 1
29.7865116596 -16.6155540943 -0.0498170878 -4.7679629792 1
33.0285756588 -16.6155540943 0 -0 0
36.270639658 -16.6155540943 0 -0 0
39.5127036572 -16.6155540943 0 -0 0
42.7547676563 -16.6155540943 0 -0 0
-35.0547683239 -19.8576180935 0 -0 0
-31.8127043247 -19.8576180935 0 -0 0
-28.5706403255 -19.8576180935 0 -0 0
-25.3285763264 -19.8576180935 0 -0 0
-22.0865123272 -19.8576180935 -1.7284923196 -1.3402834995 1
-18.844448328 -19.8576180935 -1.598966389 0.5363218823 1
-15.6023843288 -19.8576180935 -2.3656372315 -0.70032216 1
-12.3603203297 -19.8576180935 -3.3646837735 -3.1877875696 1
-9.1182563305 -19.8576180935 -5.2313936895 -5.7045764816 1
-5.8761923313 -19.8576180935 -6.3136326022 -7.8655662876 1
-2.6341283321 -19.8576180935 -7.1758273767 -9.6865509033 1
0.607935667 -19.8576180935 -7.0769387681 -8.3394942694 1
3.8499996662 -19.8576180935 -4.3678247828 -4.5119102954 1
7.0920636654 -19.8576180935 -1.5237201926 -1.3384504173 1
10.3341276646 -19.8576180935 -0.1560902042 0.2276692173 1
13.5761916637 -19.8576180935 -1.0060976129 0.6512043291 1
16.8182556629 -19.8576180935 -1.2274972385 0.3698910951 1
20.0603196621 -19.8576180935 -0.3746770443 -0.5732869385 1
23.3023836613 -19.8576180935 0.1125549178 -1.6359121587 1
26.5444476604 -19.8576180935 0.2721669587 -2.4570959845 1
29.7865116596 -19.8576180935 -0.1122315864 -3.744382998 1
33.0285756588 -19.8576180935 0 -0 0
36.270639658 -19.8576180935 0 -0 0
39.5127036572 -19.8576180935 0 -0 0
42.7547676563 -19.8576180935 0 -0 0
-35.0547683239 -23.0996820927 0 -0 0
-31.8127043247 -23.0996820927 0 -0 0
-28.5706403255 -23.0996820927 0 -0 0
-25.3285763264 -23.0996820927 0 -0 0
-22.0865123272 -23.0996820927 -4.9539666214 -1.642441627 1
-18.844448328 -23.0996820927 -5.0817101958 -2.0275822764 1
-15.6023843288 -23.0996820927 -5.4989113649 -4.2000885548 1
-12.3603203297 -23.0996820927 -6.159015397 -6.2493325121 1
-9.1182563305 -23.0996820927 -7.8192805853 -7.7326350695 1
-5.8761923313 -23.0996820927 -8.5538365588 -8.2154974775 1
-2.6341283321 -23.0996820927 -8.3641350485 -8.0207354405 1
0.607935667 -23.0996820927 -7.2536846056 -6.0597209801 1
3.8499996662 -23.0996820927 -4.217306423 -3.2519548058 1
7.0920636654 -23.0996820927 -1.4355524426 -1.5179550873 1
10.3341276646 -23.0996820927 -0.1587247314 -0.3224437135 1
13.5761916637 -23.0996820927 -0.7646802982 0.3431742847 1
16.8182556629 -23.0996820927 -0.6982629997 0.5461729251 1
20.0603196621 -23.0996820927 0.1487920986 -0.0198846087 1
23.3023836613 -23.0996820927 0.3143683465 -0.9456193376 1
26.5444476604 -23.0996820927 -0.0046018451 -1.4855370698 1
29.7865116596 -23.0996820927 0 -0 0
33.0285756588 -23.0996820927 0 -0 0
36.270639658 -23.0996820927 0 -0 0
39.5127036572 -23.0996820927 0 -0 0
42.7547676563 -23.0996820927 0 -0 0
-35.0547683239 -26.3417460918 0 -0 0
-31.8127043247 -26.3417460918 0 -0 0
-28.5706403255 -26.3417460918 0 -0 0
-25.3285763264 -26.3417460918 0 -0 0
-22.0865123272 -26.3417460918 0 -0 0
-18.844448328 -26.3417460918 -8.2338506428 -4.6897784465 1
-15.6023843288 -26.3417460918 -8.4974322187 -6.8899909573 1
-12.3603203297 -26.3417460918 -8.5658284368 -7.9456047364 1
-9.1182563305 -26.3417460918 -9.3608969559 -7.7610374262 1
-5.8761923313 -26.3417460918 -8.975718413 -6.4813606778 1
-2.6341283321 -26.3417460918 -7.5704101656 -4.8075619021 1
0.607935667 -26.3417460918 -5.6220856702 -3.3297283971 1
3.8499996662 -26.3417460918 -3.3616839924 -2.2567195106 1
7.0920636654 -26.3417460918 -1.7258942706 -2.0506503972 1
10.3341276646 -26.3417460918 -0.8903542199 -1.8243790334 1
13.5761916637 -26.3417460918 -0.900776459 -1.2477661423 1
16.8182556629 -26.3417460918 -0.770827585 -0.5051047209 1
20.0603196621 -26.3417460918 -0.4037326121 -0.1958492312 1
23.3023836613 -26.3417460918 -0.437450107 -0.4126088392 1
26.5444476604 -26.3417460918 0 -0 0
29.7865116596 -26.3417460918 0 -0 0
33.0285756588 -26.3417460918 0 -0 0
36.270639658 -26.3417460918 0 -0 0
39.5127036572 -26.3417460918 0 -0 0
42.7547676563 -26.3417460918 0 -0 0
-35.0547683239 -29.583810091 0 -0 0
-31.8127043247 -29.583810091 0 -0 0
-28.5706403255 -29.583810091 0 -0 0
-25.3285763264 -29.583810091 0 -0 0
-22.0865123272 -29.583810091 0 -0 0
-18.844448328 -29.583810091 0 -0 0
-15.6023843288 -29.583810091 -9.4464234794 -7.9837126759 1
-12.3603203297 -29.583810091 -9.5574543325 -7.2395429096 1
-9.1182563305 -29.583810091 -9.3472069632 -5.5777215187 1
-5.8761923313 -29.583810091 -8.0185107412 -3.8809127458 1
-2.6341283321 -29.583810091 -6.3077326803 -2.665029129 1
0.607935667 -29.583810091 -4.531082022 -2.283839978 1
3.8499996662 -29.583810091 -3.3375245068 -2.4516900377 1
7.0920636654 -29.583810091 -2.7126077415 -2.9237524786 1
10.3341276646 -29.583810091 -2.2549072624 -3.1631709457 1
13.5761916637 -29.583810091 -2.1938385419 -2.5967847871 1
16.8182556629 -29.583810091 -2.2055677315 -1.5220066789 1
20.0603196621 -29.583810091 -2.1105789895 -0.433663657 1
23.3023836613 -29.583810091 0 -0 0
26.5444476604 -29.583810091 0 -0 0
29.7865116596 -29.583810091 0 -0 0
33.0285756588 -29.583810091 0 -0 0
36.270639658 -29.583810091 0 -0 0
39.5127036572 -29.583810091 0 -0 0
42.7547676563 -29.583810091 0 -0 0
-35.0547683239 -32.8258740902 0 -0 0
-31.8127043247 -32.8258740902 0 -0 0
-28.5706403255 -32.8258740902 0 -0 0
-25.3285763264 -32.8258740902 0 -0 0
-22.0865123272 -32.8258740902 0 -0 0
-18.844448328 -32.8258740902 0 -0 0
-15.6023843288 -32.8258740902 0 -0 0
-12.3603203297 -32.8258740902 0 -0 0
-9.1182563305 -32.8258740902 -7.7839758635 -3.1604966567 1
-5.8761923313 -32.8258740902 -6.6853542507 -2.2874745895 1
-2.6341283321 -32.8258740902 -5.7189633535 -2.1983631238 1
0.607935667 -32.8258740902 -5.0354136237 -2.4755339952 1
3.8499996662 -32.8258740902 -4.8608773885 -2.949492322 1
7.0920636654 -32.8258740902 -4.5049399936 -3.5674526748 1
10.3341276646 -32.8258740902 -3.8656469244 -4.0189195875 1
13.5761916637 -32.8258740902 -3.762121412 -3.393917977 1
16.8182556629 -32.8258740902 -4.0420431145 -2.0577005623 1
20.0603196621 -32.8258740902 0 -0 0
23.3023836613 -32.8258740902 0 -0 0
26.5444476604 -32.8258740902 0 -0 0
29.7865116596 -32.8258740902 0 -0 0
33.0285756588 -32.8258740902 0 -0 0
36.270639658 -32.8258740902 0 -0 0
39.5127036572 -32.8258740902 0 -0 0
42.7547676563 -32.8258740902 0 -0 0
-35.0547683239 -36.0679380894 0 -0 0
-31.8127043247 -36.0679380894 0 -0 0
-28.5706403255 -36.0679380894 0 -0 0
-25.3285763264 -36.0679380894 0 -0 0
-22.0865123272 -36.0679380894 0 -0 0
-18.844448328 -36.0679380894 0 -0 0
-15.6023843288 -36.0679380894 0 -0 0
-12.3603203297 -36.0679380894 0 -0 0
-9.1182563305 -36.0679380894 0 -0 0
-5.8761923313 -36.0679380894 0 -0 0
-2.6341283321 -36.0679380894 0 -0 0
0.607935667 -36.0679380894 0 -0 0
3.8499996662 -36.0679380894 0 -0 0
7.0920636654 -36.0679380894 0 -0 0
10.3341276646 -36.0679380894 0 -0 0
13.5761916637 -36.0679380894 0 -0 0
16.8182556629 -36.0679380894 0 -0 0
20.0603196621 -36.0679380894 0 -0 0
23.3023836613 -36.0679380894 0 -0 0
26.5444476604 -36.0679380894 0 -0 0
29.7865116596 -36.0679380894 0 -0 0
33.0285756588 -36.0679380894 0 -0 0
36.270639658 -36.0679380894 0 -0 0
39.5127036572 -36.0679380894 0 -0 0
42.7547676563 -36.0679380894 0 -0 0
-35.0547683239 -39.3100020885 0 -0 0
-31.8127043247 -39.3100020885 0 -0 0
-28.5706403255 -39.3100020885 0 -0 0
-25.3285763264 -39.3100020885 0 -0 0
-22.0865123272 -39.3100020885 0 -0 0
-18.844448328 -39.3100020885 0 -0 0
-15.6023843288 -39.3100020885 0 -0 0
-12.3603203297 -39.3100020885 0 -0 0
-9.1182563305 -39.3100020885 0 -0 0
-5.8761923313 -39.3100020885 0 -0 0
-2.6341283321 -39.3100020885 0 -0 0
0.607935667 -39.3100020885 0 -0 0
3.8499996662 -39.3100020885 0 -0 0
7.0920636654 -39.3100020885 0 -0 0
10.3341276646 -39.3100020885 0 -0 0
13.5761916637 -39.3100020885 0 -0 0
16.8182556629 -39.3100020885 0 -0 0
20.0603196621 -39.3100020885 0 -0 0
23.3023836613 -39.3100020885 0 -0 0
26.5444476604 -39.3100020885 0 -0 0
29.7865116596 -39.3100020885 0 -0 0
33.0285756588 -39.3100020885 0 -0 0
36.270639658 -39.3100020885 0 -0 0
39.5127036572 -39.3100020885 0 -0 0
42.7547676563 -39.3100020885 0 -0 0
-35.0547683239 -42.5520660877 0 -0 0
-31.8127043247 -42.5520660877 0 -0 0
-28.5706403255 -42.5520660877 0 -0 0
-25.3285763264 -42.5520660877 0 -0 0
-22.0865123272 -42.5520660877 0 -0 0
-18.844448328 -42.5520660877 0 -0 0
-15.6023843288 -42.5520660877 0 -0 0
-12.3603203297 -42.5520660877 0 -0 0
-9.1182563305 -42.5520660877 0 -0 0
-5.8761923313 -42.5520660877 0 -0 0
-2.6341283321 -42.5520660877 0 -0 0
0.607935667 -42.5520660877 0 -0 0
3.8499996662 -42.5520660877 0 -0 0
7.0920636654 -42.5520660877 0 -0 0
10.3341276646 -42.5520660877 0 -0 0
13.5761916637 -42.5520660877 0 -0 0
16.8182556629 -42.5520660877 0 -0 0
20.0603196621 -42.5520660877 0 -0 0
23.3023836613 -42.5520660877 0 -0 0
26.5444476604 -42.5520660877 0 -0 0
29.7865116596 -42.5520660877 0 -0 0
33.0285756588 -42.5520660877 0 -0 0
36.270639658 -42.5520660877 0 -0 0
39.5127036572 -42.5520660877 0 -0 0
42.7547676563 -42.5520660877 0 -0 0
