TITLE = "B00070"
VARIABLES = "x", "y", "Vx", "Vy", "isValid"
ZONE T="Frame 0", I=25, J=25, F=POINT
-35.0547683239 35.2574698925 0 -0 0
-31.8127043247 35.2574698925 0 -0 0
-28.5706403255 35.2574698925 0 -0 0
-25.3285763264 35.2574698925 0 -0 0
-22.0865123272 35.2574698925 0 -0 0
-18.844448328 35.2574698925 0 -0 0
-15.6023843288 35.2574698925 0 -0 0
-12.3603203297 35.2574698925 0 -0 0
-9.1182563305 35.2574698925 0 -0 0
-5.8761923313 35.2574698925 0 -0 0
-2.6341283321 35.2574698925 0 -0 0
0.607935667 35.2574698925 0 -0 0
3.8499996662 35.2574698925 0 -0 0
7.0920636654 35.2574698925 0 -0 0
10.3341276646 35.2574698925 0 -0 0
13.5761916637 35.2574698925 0 -0 0
16.8182556629 35.2574698925 0 -0 0
20.0603196621 35.2574698925 0 -0 0
23.3023836613 35.2574698925 0 -0 0
26.5444476604 35.2574698925 0 -0 0
29.7865116596 35.2574698925 0 -0 0
33.0285756588 35.2574698925 0 -0 0
36.270639658 35.2574698925 0 -0 0
39.5127036572 35.2574698925 0 -0 0
42.7547676563 35.2574698925 0 -0 0
-35.0547683239 32.0154058933 0 -0 0
-31.8127043247 32.0154058933 0 -0 0
-28.5706403255 32.0154058933 0 -0 0
-25.3285763264 32.0154058933 0 -0 0
-22.0865123272 32.0154058933 0 -0 0
-18.844448328 32.0154058933 0 -0 0
-15.6023843288 32.0154058933 0 -0 0
-12.3603203297 32.0154058933 0 -0 0
-9.1182563305 32.0154058933 0 -0 0
-5.8761923313 32.0154058933 0 -0 0
-2.6341283321 32.0154058933 0 -0 0
0.607935667 32.0154058933 0 -0 0
3.8499996662 32.0154058933 0 -0 0
7.0920636654 32.0154058933 0 -0 0
10.3341276646 32.0154058933 0 -0 0
13.5761916637 32.0154058933 0 -0 0
16.8182556629 32.0154058933 0 -0 0
20.0603196621 32.0154058933 0 -0 0
23.3023836613 32.0154058933 0 -0 0
26.5444476604 32.0154058933 0 -0 0
29.7865116596 32.0154058933 0 -0 0
33.0285756588 32.0154058933 0 -0 0
36.270639658 32.0154058933 0 -0 0
39.5127036572 32.0154058933 0 -0 0
42.7547676563 32.0154058933 0 -0 0
-35.0547683239 28.7733418941 0 -0 0
-31.8127043247 28.7733418941 0 -0 0
-28.5706403255 28.7733418941 0 -0 0
-25.3285763264 28.7733418941 0 -0 0
-22.0865123272 28.7733418941 0 -0 0
-18.844448328 28.7733418941 0 -0 0
-15.6023843288 28.7733418941 0 -0 0
-12.3603203297 28.7733418941 0 -0 0
-9.1182563305 28.7733418941 0 -0 0
-5.8761923313 28.7733418941 0 -0 0
-2.6341283321 28.7733418941 0 -0 0
0.607935667 28.7733418941 0 -0 0
3.8499996662 28.7733418941 0 -0 0
7.0920636654 28.7733418941 0 -0 0
10.3341276646 28.7733418941 0 -0 0
13.5761916637 28.7733418941 0 -0 0
16.8182556629 28.7733418941 0 -0 0
20.0603196621 28.7733418941 0 -0 0
23.3023836613 28.7733418941 0 -0 0
26.5444476604 28.7733418941 0 -0 0
29.7865116596 28.7733418941 0 -0 0
33.0285756588 28.7733418941 0 -0 0
36.270639658 28.7733418941 0 -0 0
39.5127036572 28.7733418941 0 -0 0
42.7547676563 28.7733418941 0 -0 0
-35.0547683239 25.531277895 0 -0 0
-31.8127043247 25.531277895 0 -0 0
-28.5706403255 25.531277895 0 -0 0
-25.3285763264 25.531277895 0 -0 0
-22.0865123272 25.531277895 0 -0 0
-18.844448328 25.531277895 0 -0 0
-15.6023843288 25.531277895 0 -0 0
-12.3603203297 25.531277895 0 -0 0
-9.1182563305 25.531277895 6.1394188397 0.2012862968 1
-5.8761923313 25.531277895 3.8732827035 1.7429510534 1
-2.6341283321 25.531277895 1.439055408 1.0653714467 1
0.607935667 25.531277895 -0.2402041923 0.4397309295 1
3.8499996662 25.531277895 -1.1114596797 1.1898364732 1
7.0920636654 25.531277895 -0.9589943306 2.3919100003 1
10.3341276646 25.531277895 -1.1706996207 2.1544305966 1
13.5761916637 25.531277895 -1.3896944393 1.3585276642 1
16.8182556629 25.531277895 -1.6196354398 0.8538941219 1
20.0603196621 25.531277895 0 -0 0
23.3023836613 25.531277895 0 -0 0
26.5444476604 25.531277895 0 -0 0
29.7865116596 25.531277895 0 -0 0
33.0285756588 25.531277895 0 -0 0
36.270639658 25.531277895 0 -0 0
39.5127036572 25.531277895 0 -0 0
42.7547676563 25.531277895 0 -0 0
-35.0547683239 22.2892138958 0 -0 0
-31.8127043247 22.2892138958 0 -0 0
-28.5706403255 22.2892138958 0 -0 0
-25.3285763264 22.2892138958 0 -0 0
-22.0865123272 22.2892138958 0 -0 0
-18.844448328 22.2892138958 0 -0 0
-15.6023843288 22.2892138958 9.8003420986 -5.1411484363 1
-12.3603203297 22.2892138958 8.5620632359 -4.8253993527 1
-9.1182563305 22.2892138958 5.8748776961 -2.0178519344 1
-5.8761923313 22.2892138958 3.7051204371 0.9972020616 1
-2.6341283321 22.2892138958 1.8456356608 1.5903091444 1
0.607935667 22.2892138958 0.2428301331 1.5991102638 1
3.8499996662 22.2892138958 -1.0202601429 2.3199054395 1
7.0920636654 22.2892138958 -1.4701728157 2.8291348217 1
10.3341276646 22.2892138958 -1.4366237283 1.4582947693 1
13.5761916637 22.2892138958 -0.7626534456 -0.3182288851 1
16.8182556629 22.2892138958 -0.3817697831 -0.8057299708 1
20.0603196621 22.2892138958 0.140364612 -0.936561946 1
23.3023836613 22.2892138958 0 -0 0
26.5444476604 22.2892138958 0 -0 0
29.7865116596 22.2892138958 0 -0 0
33.0285756588 22.2892138958 0 -0 0
36.270639658 22.2892138958 0 -0 0
39.5127036572 22.2892138958 0 -0 0
42.7547676563 22.2892138958 0 -0 0
-35.0547683239 19.0471498966 0 -0 0
-31.8127043247 19.0471498966 0 -0 0
-28.5706403255 19.0471498966 0 -0 0
-25.3285763264 19.0471498966 0 -0 0
-22.0865123272 19.0471498966 0 -0 0
-18.844448328 19.0471498966 6.3666014606 -0.2623583197 1
-15.6023843288 19.0471498966 7.9945608025 -3.185640469 1
-12.3603203297 19.0471498966 7.1817683625 -3.8833174017 1
-9.1182563305 19.0471498966 4.2181071698 -1.9925662099 1
-5.8761923313 19.0471498966 2.6500099932 0.9367602456 1
-2.6341283321 19.0471498966 2.9216718051 1.9802953386 1
0.607935667 19.0471498966 2.5273550259 2.2682989376 1
3.8499996662 19.0471498966 0.708457651 3.1624900694 1
7.0920636654 19.0471498966 -1.0036176982 3.8135506747 1
10.3341276646 19.0471498966 -1.1702095709 2.3760313902 1
13.5761916637 19.0471498966 0.1717406603 0.0930503486 1
16.8182556629 19.0471498966 0.8912109767 -1.0619317379 1
20.0603196621 19.0471498966 0.8518268092 -1.6426828777 1
23.3023836613 19.0471498966 -0.4377441218 -2.0840877666 1
26.5444476604 19.0471498966 0 -0 0
29.7865116596 19.0471498966 0 -0 0
33.0285756588 19.0471498966 0 -0 0
36.270639658 19.0471498966 0 -0 0
39.5127036572 19.0471498966 0 -0 0
42.7547676563 19.0471498966 0 -0 0
-35.0547683239 15.8050858974 0 -0 0
-31.8127043247 15.8050858974 0 -0 0
-28.5706403255 15.8050858974 0 -0 0
-25.3285763264 15.8050858974 0 -0 0
-22.0865123272 15.8050858974 5.0267886867 5.4369374261 1
-18.844448328 15.8050858974 5.3821907407 4.8817756122 1
-15.6023843288 15.8050858974 6.0914603858 1.9100411283 1
-12.3603203297 15.8050858974 4.631170543 -0.5312031189 1
-9.1182563305 15.8050858974 2.2528181345 -0.630394272 1
-5.8761923313 15.8050858974 2.0151347698 1.5824937106 1
-2.6341283321 15.8050858974 4.5465199496 2.3386455419 1
0.607935667 15.8050858974 5.1489028782 2.3232827975 1
3.8499996662 15.8050858974 2.9851992289 3.8707008083 1
7.0920636654 15.8050858974 0.0972587325 5.626457772 1
10.3341276646 15.8050858974 -0.4412789796 5.2374934962 1
13.5761916637 15.8050858974 0.8272049014 2.5228438805 1
16.8182556629 15.8050858974 1.9748501395 0.0538179158 1
20.0603196621 15.8050858974 1.5121492199 -1.3567181334 1
23.3023836613 15.8050858974 -0.2998794752 -1.9614084931 1
26.5444476604 15.8050858974 -1.7099610092 -2.5011127532 1
29.7865116596 15.8050858974 0 -0 0
33.0285756588 15.8050858974 0 -0 0
36.270639658 15.8050858974 0 -0 0
39.5127036572 15.8050858974 0 -0 0
42.7547676563 15.8050858974 0 -0 0
-35.0547683239 12.5630218983 0 -0 0
-31.8127043247 12.5630218983 0 -0 0
-28.5706403255 12.5630218983 0 -0 0
-25.3285763264 12.5630218983 0 -0 0
-22.0865123272 12.5630218983 6.7520795288 7.819648953 1
-18.844448328 12.5630218983 5.1673870858 9.5030778264 1
-15.6023843288 12.5630218983 3.7198581642 6.9526346006 1
-12.3603203297 12.5630218983 1.6363931503 2.7009721536 1
-9.1182563305 12.5630218983 -0.1431107818 0.8153892057 1
-5.8761923313 12.5630218983 1.1009473113 2.3880812408 1
-2.6341283321 12.5630218983 4.3517790485 3.0595008038 1
0.607935667 12.5630218983 5.0795718516 2.5821349248 1
3.8499996662 12.5630218983 2.8265625886 4.0177903292 1
7.0920636654 12.5630218983 0.2021548293 6.2128073458 1
10.3341276646 12.5630218983 -0.2006539763 6.6010741385 1
13.5761916637 12.5630218983 0.8506752072 4.0129013049 1
16.8182556629 12.5630218983 1.8634397469 0.7730090313 1
20.0603196621 12.5630218983 1.4954165705 -1.1661751143 1
23.3023836613 12.5630218983 0.0940938558 -2.0661506756 1
26.5444476604 12.5630218983 -0.8324810892 -2.5703390063 1
29.7865116596 12.5630218983 -0.815245331 -3.4443309071 1
33.0285756588 12.5630218983 0 -0 0
36.270639658 12.5630218983 0 -0 0
39.5127036572 12.5630218983 0 -0 0
42.7547676563 12.5630218983 0 -0 0
-35.0547683239 9.3209578991 0 -0 0
-31.8127043247 9.3209578991 0 -0 0
-28.5706403255 9.3209578991 0 -0 0
-25.3285763264 9.3209578991 9.3282088525 3.4164699301 1
-22.0865123272 9.3209578991 8.2256064531 6.3626756273 1
-18.844448328 9.3209578991 6.0242761578 8.7974308662 1
-15.6023843288 9.3209578991 2.4399430336 7.0882929474 1
-12.3603203297 9.3209578991 -0.4109056293 2.4827719674 1
-9.1182563305 9.3209578991 -1.6894660273 0.0485402607 1
-5.8761923313 9.3209578991 -0.0842621278 1.8700679499 1
-2.6341283321 9.3209578991 2.113205119 3.2204134732 1
0.607935667 9.3209578991 2.6288822945 2.9792343898 1
3.8499996662 9.3209578991 1.6422504985 3.9022252322 1
7.0920636654 9.3209578991 0.4258088954 5.2126787992 1
10.3341276646 9.3209578991 0.3130049142 4.7035913291 1
13.5761916637 9.3209578991 0.8352029339 1.7728392605 1
16.8182556629 9.3209578991 1.4764981721 -0.8455843355 1
20.0603196621 9.3209578991 1.3833834252 -1.710415581 1
23.3023836613 9.3209578991 0.7868730928 -1.9687909439 1
26.5444476604 9.3209578991 0.7071993885 -2.9105304941 1
29.7865116596 9.3209578991 0.7459859398 -4.476073252 1
33.0285756588 9.3209578991 0 -0 0
36.270639658 9.3209578991 0 -0 0
39.5127036572 9.3209578991 0 -0 0
42.7547676563 9.3209578991 0 -0 0
-35.0547683239 6.0788938999 0 -0 0
-31.8127043247 6.0788938999 0 -0 0
-28.5706403255 6.0788938999 0 -0 0
-25.3285763264 6.0788938999 7.1952017056 2.6684277739 1
-22.0865123272 6.0788938999 7.3719402965 3.9266745809 1
-18.844448328 6.0788938999 5.7325688028 4.7675825339 1
-15.6023843288 6.0788938999 2.0335786683 3.3991515156 1
-12.3603203297 6.0788938999 -0.3335680026 0.3324321771 1
-9.1182563305 6.0788938999 -1.6228447678 -0.4013573199 1
-5.8761923313 6.0788938999 -1.5801597087 1.8826715598 1
-2.6341283321 6.0788938999 -1.4481432201 4.2511237848 1
0.607935667 6.0788938999 -0.5114044123 5.059513325 1
3.8499996662 6.0788938999 0.9172449104 4.8549729375 1
7.0920636654 6.0788938999 1.8028518671 3.8590999435 1
10.3341276646 6.0788938999 1.9345505632 1.2576343957 1
13.5761916637 6.0788938999 1.8001036026 -1.9138715484 1
16.8182556629 6.0788938999 1.8820296338 -3.4761092631 1
20.0603196621 6.0788938999 1.917704233 -2.9877005059 1
23.3023836613 6.0788938999 1.9178630539 -2.1841528872 1
26.5444476604 6.0788938999 2.3565097142 -2.9595665745 1
29.7865116596 6.0788938999 1.9195700758 -4.7189797384 1
33.0285756588 6.0788938999 1.2961557676 -5.9042148613 1
36.270639658 6.0788938999 0 -0 0
39.5127036572 6.0788938999 0 -0 0
42.7547676563 6.0788938999 0 -0 0
-35.0547683239 2.8368299007 0 -0 0
-31.8127043247 2.8368299007 0 -0 0
-28.5706403255 2.8368299007 0.8706898769 2.979197251 1
-25.3285763264 2.8368299007 3.2754418694 2.2832655358 1
-22.0865123272 2.8368299007 3.6092744853 2.0834200247 1
-18.844448328 2.8368299007 2.8983239362 1.5423057013 1
-15.6023843288 2.8368299007 1.3080341159 0.8365105637 1
-12.3603203297 2.8368299007 0.9453638202 -0.0784305153 1
-9.1182563305 2.8368299007 0.0869052509 0.0367997318 1
-5.8761923313 2.8368299007 -1.6702491605 1.4107958692 1
-2.6341283321 2.8368299007 -3.0926502726 3.1886378347 1
0.607935667 2.8368299007 -1.8927159201 4.435175984 1
3.8499996662 2.8368299007 0.9102238071 4.310710882 1
7.0920636654 2.8368299007 3.0449475625 2.8853616206 1
10.3341276646 2.8368299007 3.2498505808 -0.0201701786 1
13.5761916637 2.8368299007 2.7364450564 -3.093835692 1
16.8182556629 2.8368299007 2.6827279888 -4.4659144562 1
20.0603196621 2.8368299007 2.8080025939 -3.5187212526 1
23.3023836613 2.8368299007 3.0470279341 -2.2098561957 1
26.5444476604 2.8368299007 2.9674167315 -2.4471831194 1
29.7865116596 2.8368299007 1.977735938 -3.9604146458 1
33.0285756588 2.8368299007 0.8583784701 -5.2119420638 1
36.270639658 2.8368299007 0 -0 0
39.5127036572 2.8368299007 0 -0 0
42.7547676563 2.8368299007 0 -0 0
-35.0547683239 -0.4052340984 0 -0 0
-31.8127043247 -0.4052340984 0 -0 0
-28.5706403255 -0.4052340984 -1.8709549008 2.908080245 1
-25.3285763264 -0.4052340984 -0.9974812058 2.2754253428 1
-22.0865123272 -0.4052340984 -1.6213524258 1.5111336423 1
-18.844448328 -0.4052340984 -1.7139004299 0.8539839492 1
-15.6023843288 -0.4052340984 -0.4477289998 1.1905793983 1
-12.3603203297 -0.4052340984 2.0477603715 1.5742851499 1
-9.1182563305 -0.4052340984 1.9242337013 0.6987139481 1
-5.8761923313 -0.4052340984 -0.9848238504 0.0302445301 1
-2.6341283321 -0.4052340984 -3.0143507006 0.5221400659 1
0.607935667 -0.4052340984 -1.4554606027 1.92150461 1
3.8499996662 -0.4052340984 1.537524017 2.2288046372 1
7.0920636654 -0.4052340984 3.6560411792 1.0736679476 1
10.3341276646 -0.4052340984 3.7634043582 -0.9062795553 1
13.5761916637 -0.4052340984 3.381100593 -3.0583048165 1
16.8182556629 -0.4052340984 3.7246720052 -4.5669649603 1
20.0603196621 -0.4052340984 4.0515648154 -4.5559716003 1
23.3023836613 -0.4052340984 4.0733066616 -3.5231078475 1
26.5444476604 -0.4052340984 2.7069197821 -2.9151855143 1
29.7865116596 -0.4052340984 0.8596780985 -3.5907338148 1
33.0285756588 -0.4052340984 -0.4359849018 -4.6627318037 1
36.270639658 -0.4052340984 0 -0 0
39.5127036572 -0.4052340984 0 -0 0
42.7547676563 -0.4052340984 0 -0 0
-35.0547683239 -3.6472980976 0 -0 0
-31.8127043247 -3.6472980976 0 -0 0
-28.5706403255 -3.6472980976 -3.8761825423 3.7795557717 1
-25.3285763264 -3.6472980976 -4.0974812442 2.4955366628 1
-22.0865123272 -3.6472980976 -5.700692316 0.7192383693 1
-18.844448328 -3.6472980976 -4.9724233524 -0.5185887145 1
-15.6023843288 -3.6472980976 -1.5162610488 0.633039537 1
-12.3603203297 -3.6472980976 2.4210826078 1.8495735718 1
-9.1182563305 -3.6472980976 1.9001685722 0.2974081281 1
-5.8761923313 -3.6472980976 -1.5213174992 -1.6383770519 1
-2.6341283321 -3.6472980976 -2.6397769199 -2.1197022796 1
0.607935667 -3.6472980976 0.0250484651 -0.8492924697 1
3.8499996662 -3.6472980976 2.8215038736 -0.191715455 1
7.0920636654 -3.6472980976 3.940581367 -1.0037293408 1
10.3341276646 -3.6472980976 3.7419952507 -2.1302125345 1
13.5761916637 -3.6472980976 3.6039086966 -3.4018635473 1
16.8182556629 -3.6472980976 4.3076039119 -4.5491308311 1
20.0603196621 -3.6472980976 4.5811531553 -5.2636989322 1
23.3023836613 -3.6472980976 4.1079914991 -5.2685668206 1
26.5444476604 -3.6472980976 1.8075669736 -4.7595672153 1
29.7865116596 -3.6472980976 -0.4869592908 -4.6787080916 1
33.0285756588 -3.6472980976 -1.7415261951 -5.1243581162 1
36.270639658 -3.6472980976 0 -0 0
39.5127036572 -3.6472980976 0 -0 0
42.7547676563 -3.6472980976 0 -0 0
-35.0547683239 -6.8893620968 0 -0 0
-31.8127043247 -6.8893620968 0 -0 0
-28.5706403255 -6.8893620968 -5.9145351955 5.6249474645 1
-25.3285763264 -6.8893620968 -5.8173507404 3.9533268891 1
-22.0865123272 -6.8893620968 -6.7781267478 0.8960097962 1
-18.844448328 -6.8893620968 -4.3642712423 -1.2176912604 1
-15.6023843288 -6.8893620968 -0.3184972727 -0.1147621706 1
-12.3603203297 -6.8893620968 2.861161373 1.7352450731 1
-9.1182563305 -6.8893620968 0.5144812261 0.6743181939 1
-5.8761923313 -6.8893620968 -3.3170387341 -1.3519901945 1
-2.6341283321 -6.8893620968 -2.9228055925 -2.3039071099 1
0.607935667 -6.8893620968 1.4217226513 -1.6105781237 1
3.8499996662 -6.8893620968 4.4829369687 -1.6193727514 1
7.0920636654 -6.8893620968 4.7430320351 -3.098277844 1
10.3341276646 -6.8893620968 3.9588279473 -4.4936208395 1
13.5761916637 -6.8893620968 3.6114345693 -4.6850014422 1
16.8182556629 -6.8893620968 4.3025430833 -4.3479809361 1
20.0603196621 -6.8893620968 4.2483344563 -4.7606019661 1
23.3023836613 -6.8893620968 3.0666465331 -5.8712737316 1
26.5444476604 -6.8893620968 0.617178666 -6.6223283504 1
29.7865116596 -6.8893620968 -1.4878135519 -6.6367466242 1
33.0285756588 -6.8893620968 -2.138055294 -6.485980371 1
36.270639658 -6.8893620968 0 -0 0
39.5127036572 -6.8893620968 0 -0 0
42.7547676563 -6.8893620968 0 -0 0
-35.0547683239 -10.131426096 0 -0 0
-31.8127043247 -10.131426096 0 -0 0
-28.5706403255 -10.131426096 -7.4957462618 7.0637004788 1
-25.3285763264 -10.131426096 -7.2564908428 6.0453184073 1
-22.0865123272 -10.131426096 -6.9266417309 3.2519397087 1
-18.844448328 -10.131426096 -3.4014190905 1.0505669153 1
-15.6023843288 -10.131426096 0.5546713112 1.352797584 1
-12.3603203297 -10.131426096 2.4969559352 2.7909930648 1
-9.1182563305 -10.131426096 -0.5041535321 2.247542626 1
-5.8761923313 -10.131426096 -3.8418564104 0.3024259867 1
-2.6341283321 -10.131426096 -2.9987388551 -0.7945663162 1
0.607935667 -10.131426096 1.1442442533 -0.5021588362 1
3.8499996662 -10.131426096 4.4843065719 -1.1609769027 1
7.0920636654 -10.131426096 5.1677306943 -3.3403029654 1
10.3341276646 -10.131426096 4.4751321028 -5.2333925372 1
13.5761916637 -10.131426096 3.7418020087 -4.525778735 1
16.8182556629 -10.131426096 3.8134305023 -2.6285643509 1
20.0603196621 -10.131426096 3.2685370887 -2.4864156372 1
23.3023836613 -10.131426096 1.604132444 -4.6006428255 1
26.5444476604 -10.131426096 -0.3848072313 -6.9107850115 1
29.7865116596 -10.131426096 -1.6329834846 -7.6363938773 1
33.0285756588 -10.131426096 -1.5588200476 -7.2206214918 1
36.270639658 -10.131426096 0 -0 0
39.5127036572 -10.131426096 0 -0 0
42.7547676563 -10.131426096 0 -0 0
-35.0547683239 -13.3734900951 0 -0 0
-31.8127043247 -13.3734900951 0 -0 0
-28.5706403255 -13.3734900951 0 -0 0
-25.3285763264 -13.3734900951 -7.0293607595 6.7274792097 1
-22.0865123272 -13.3734900951 -6.0500486107 4.884339391 1
-18.844448328 -13.3734900951 -3.336438124 3.6183375383 1
-15.6023843288 -13.3734900951 -0.6316589508 3.6483543721 1
-12.3603203297 -13.3734900951 0.4464321266 4.2547824006 1
-9.1182563305 -13.3734900951 -1.042014897 2.8760947577 1
-5.8761923313 -13.3734900951 -2.3196906087 0.4427068573 1
-2.6341283321 -13.3734900951 -1.8321817858 -0.6266861757 1
0.607935667 -13.3734900951 0.1020189319 -0.4338778085 1
3.8499996662 -13.3734900951 2.5409764781 -1.2090469237 1
7.0920636654 -13.3734900951 4.0173286618 -3.4982502749 1
10.3341276646 -13.3734900951 4.0702576641 -4.8173423662 1
13.5761916637 -13.3734900951 3.0916390731 -2.8361193147 1
16.8182556629 -13.3734900951 1.9192050294 0.2639987259 1
20.0603196621 -13.3734900951 0.8016733216 0.658446604 1
23.3023836613 -13.3734900951 -0.46911014 -2.1144118251 1
26.5444476604 -13.3734900951 -1.008231881 -5.5398249377 1
29.7865116596 -13.3734900951 -0.803584229 -6.8698261476 1
33.0285756588 -13.3734900951 -0.2690076207 -6.7077715383 1
36.270639658 -13.3734900951 0 -0 0
39.5127036572 -13.3734900951 0 -0 0
42.7547676563 -13.3734900951 0 -0 0
-35.0547683239 -16.6155540943 0 -0 0
-31.8127043247 -16.6155540943 0 -0 0
-28.5706403255 -16.6155540943 0 -0 0
-25.3285763264 -16.6155540943 -4.2806864997 5.9347223488 1
-22.0865123272 -16.6155540943 -3.8282047641 4.8968892555 1
-18.844448328 -16.6155540943 -3.4147482641 3.6007802887 1
-15.6023843288 -16.6155540943 -2.5365470076 2.6798338869 1
-12.3603203297 -16.6155540943 -2.4716777592 2.1663552928 1
-9.1182563305 -16.6155540943 -2.411504293 0.9840529957 1
-5.8761923313 -16.6155540943 -1.1032790486 -0.6806264906 1
-2.6341283321 -16.6155540943 -0.1334722959 -1.2698580887 1
0.607935667 -16.6155540943 -0.2991301338 -0.9277917001 1
3.8499996662 -16.6155540943 0.607608881 -1.4821172891 1
7.0920636654 -16.6155540943 2.1690304877 -3.1378797863 1
10.3341276646 -16.6155540943 3.051562782 -3.582046678 1
13.5761916637 -16.6155540943 1.8427177056 -1.2518199986 1
16.8182556629 -16.6155540943 -0.5005269975 1.6847830776 1
20.0603196621 -16.6155540943 -1.8147234218 2.1382772204 1
23.3023836613 -16.6155540943 -2.0434447327 -0.0673384206 1
26.5444476604 -16.6155540943 -1.1998378824 -2.9116404282 1
29.7865116596 -16.6155540943 -0.0307899035 -4.4672919098 1
33.0285756588 -16.6155540943 0 -0 0
36.270639658 -16.6155540943 0 -0 0
39.5127036572 -16.6155540943 0 -0 0
42.7547676563 -16.6155540943 0 -0 0
-35.0547683239 -19.8576180935 0 -0 0
-31.8127043247 -19.8576180935 0 -0 0
-28.5706403255 -19.8576180935 0 -0 0
-25.3285763264 -19.8576180935 0 -0 0
-22.0865123272 -19.8576180935 -1.1350051689 5.2743115449 1
-18.844448328 -19.8576180935 -1.7611523426 2.2102792147 1
-15.6023843288 -19.8576180935 -3.2272370318 -0.659651121 1
-12.3603203297 -19.8576180935 -4.8645489877 -1.4222465185 1
-9.1182563305 -19.8576180935 -5.156703215 -0.6264521339 1
-5.8761923313 -19.8576180935 -2.1797940708 -0.8615783625 1
-2.6341283321 -19.8576180935 -0.1202781559 -1.5527751942 1
0.607935667 -19.8576180935 -0.5098498704 -1.8239797168 1
3.8499996662 -19.8576180935 -0.5391775623 -2.0473975897 1
7.0920636654 -19.8576180935 0.6178163648 -2.5975363176 1
10.3341276646 -19.8576180935 1.6020754727 -2.3022065797 1
13.5761916637 -19.8576180935 0.4137806335 -0.7871264966 1
16.8182556629 -19.8576180935 -1.9650592584 0.9605934087 1
20.0603196621 -19.8576180935 -2.7989096488 1.4802256304 1
23.3023836613 -19.8576180935 -2.3431846169 0.6661247303 1
26.5444476604 -19.8576180935 -1.089333463 -1.0052022832 1
29.7865116596 -19.8576180935 0.1525646122 -2.2831737458 1
33.0285756588 -19.8576180935 0 -0 0
36.270639658 -19.8576180935 0 -0 0
39.5127036572 -19.8576180935 0 -0 0
42.7547676563 -19.8576180935 0 -0 0
-35.0547683239 -23.0996820927 0 -0 0
-31.8127043247 -23.0996820927 0 -0 0
-28.5706403255 -23.0996820927 0 -0 0
-25.3285763264 -23.0996820927 0 -0 0
-22.0865123272 -23.0996820927 0.2729801794 5.1053606094 1
-18.844448328 -23.0996820927 0.3279962149 0.4682088846 1
-15.6023843288 -23.0996820927 -1.5314584806 -3.093056081 1
-12.3603203297 -23.0996820927 -4.1807836722 -3.0199462662 1
-9.1182563305 -23.0996820927 -5.8749109096 -0.4484611683 1
-5.8761923313 -23.0996820927 -3.4653583615 0.2646815083 1
-2.6341283321 -23.0996820927 -1.0734274518 -0.993837536 1
0.607935667 -23.0996820927 -0.860129047 -1.93706271 1
3.8499996662 -23.0996820927 -1.0385387288 -1.8181480335 1
7.0920636654 -23.0996820927 -0.5899036049 -1.3063485318 1
10.3341276646 -23.0996820927 -0.1748733332 -0.8496767647 1
13.5761916637 -23.0996820927 -1.1043011179 -0.7581058407 1
16.8182556629 -23.0996820927 -2.1273868222 -0.8691448462 1
20.0603196621 -23.0996820927 -1.924143421 -0.8553709895 1
23.3023836613 -23.0996820927 -1.6369621576 -0.6127362497 1
26.5444476604 -23.0996820927 -1.2102589893 -0.8074512594 1
29.7865116596 -23.0996820927 0 -0 0
33.0285756588 -23.0996820927 0 -0 0
36.270639658 -23.0996820927 0 -0 0
39.5127036572 -23.0996820927 0 -0 0
42.7547676563 -23.0996820927 0 -0 0
-35.0547683239 -26.3417460918 0 -0 0
-31.8127043247 -26.3417460918 0 -0 0
-28.5706403255 -26.3417460918 0 -0 0
-25.3285763264 -26.3417460918 0 -0 0
-22.0865123272 -26.3417460918 0 -0 0
-18.844448328 -26.3417460918 1.645951537 -1.2989310558 1
-15.6023843288 -26.3417460918 0.3263808697 -3.83522549 1
-12.3603203297 -26.3417460918 -2.2689216904 -2.4703958698 1
-9.1182563305 -26.3417460918 -4.0103375262 0.3542062554 1
-5.8761923313 -26.3417460918 -3.0348624402 0.6722741307 1
-2.6341283321 -26.3417460918 -1.7367824043 -0.9938503685 1
0.607935667 -26.3417460918 -1.4555443912 -1.6112458656 1
3.8499996662 -26.3417460918 -1.3015239719 -0.5343014459 1
7.0920636654 -26.3417460918 -1.2233596692 0.5788931098 1
10.3341276646 -26.3417460918 -1.7517351131 0.5853538488 1
13.5761916637 -26.3417460918 -2.3708054 -0.6043323711 1
16.8182556629 -26.3417460918 -1.7226091555 -1.9988787338 1
20.0603196621 -26.3417460918 -0.4695540683 -2.6351031794 1
23.3023836613 -26.3417460918 -0.3564709619 -2.2910290358 1
26.5444476604 -26.3417460918 0 -0 0
29.7865116596 -26.3417460918 0 -0 0
33.0285756588 -26.3417460918 0 -0 0
36.270639658 -26.3417460918 0 -0 0
39.5127036572 -26.3417460918 0 -0 0
42.7547676563 -26.3417460918 0 -0 0
-35.0547683239 -29.583810091 0 -0 0
-31.8127043247 -29.583810091 0 -0 0
-28.5706403255 -29.583810091 0 -0 0
-25.3285763264 -29.583810091 0 -0 0
-22.0865123272 -29.583810091 0 -0 0
-18.844448328 -29.583810091 0 -0 0
-15.6023843288 -29.583810091 1.3464273895 -4.0108641108 1
-12.3603203297 -29.583810091 -0.4873146373 -2.3356320224 1
-9.1182563305 -29.583810091 -1.6726861241 -0.5763154795 1
-5.8761923313 -29.583810091 -1.9851049525 -0.4590958982 1
-2.6341283321 -29.583810091 -1.5933560283 -1.3299305557 1
0.607935667 -29.583810091 -1.3656265928 -1.1834123067 1
3.8499996662 -29.583810091 -1.1100747531 -0.0605491795 1
7.0920636654 -29.583810091 -1.3739661957 0.7469600006 1
10.3341276646 -29.583810091 -2.580060592 0.4605624244 1
13.5761916637 -29.583810091 -3.1920153437 -0.8519419996 1
16.8182556629 -29.583810091 -2.090479097 -2.2591664383 1
20.0603196621 -29.583810091 -0.3884990229 -3.1278849442 1
23.3023836613 -29.583810091 0 -0 0
26.5444476604 -29.583810091 0 -0 0
29.7865116596 -29.583810091 0 -0 0
33.0285756588 -29.583810091 0 -0 0
36.270639658 -29.583810091 0 -0 0
39.5127036572 -29.583810091 0 -0 0
42.7547676563 -29.583810091 0 -0 0
-35.0547683239 -32.8258740902 0 -0 0
-31.8127043247 -32.8258740902 0 -0 0
-28.5706403255 -32.8258740902 0 -0 0
-25.3285763264 -32.8258740902 0 -0 0
-22.0865123272 -32.8258740902 0 -0 0
-18.844448328 -32.8258740902 0 -0 0
-15.6023843288 -32.8258740902 0 -0 0
-12.3603203297 -32.8258740902 0 -0 0
-9.1182563305 -32.8258740902 -1.2500378689 -1.6456773749 1
-5.8761923313 -32.8258740902 -1.5065817348 -1.5402583922 1
-2.6341283321 -32.8258740902 -1.1632613863 -1.5544488517 1
0.607935667 -32.8258740902 -0.81504137 -1.0487912773 1
3.8499996662 -32.8258740902 -0.7006613904 -0.4008355663 1
7.0920636654 -32.8258740902 -1.2882837199 -0.2290723736 1
10.3341276646 -32.8258740902 -2.6373689426 -0.6281830468 1
13.5761916637 -32.8258740902 -3.2989114204 -1.3455694249 1
16.8182556629 -32.8258740902 -2.7638310806 -2.0938697404 1
20.0603196621 -32.8258740902 0 -0 0
23.3023836613 -32.8258740902 0 -0 0
26.5444476604 -32.8258740902 0 -0 0
29.7865116596 -32.8258740902 0 -0 0
33.0285756588 -32.8258740902 0 -0 0
36.270639658 -32.8258740902 0 -0 0
39.5127036572 -32.8258740902 0 -0 0
42.7547676563 -32.8258740902 0 -0 0
-35.0547683239 -36.0679380894 0 -0 0
-31.8127043247 -36.0679380894 0 -0 0
-28.5706403255 -36.0679380894 0 -0 0
-25.3285763264 -36.0679380894 0 -0 0
-22.0865123272 -36.0679380894 0 -0 0
-18.844448328 -36.0679380894 0 -0 0
-15.6023843288 -36.0679380894 0 -0 0
-12.3603203297 -36.0679380894 0 -0 0
-9.1182563305 -36.0679380894 0 -0 0
-5.8761923313 -36.0679380894 0 -0 0
-2.6341283321 -36.0679380894 0 -0 0
0.607935667 -36.0679380894 0 -0 0
3.8499996662 -36.0679380894 0 -0 0
7.0920636654 -36.0679380894 0 -0 0
10.3341276646 -36.0679380894 0 -0 0
13.5761916637 -36.0679380894 0 -0 0
16.8182556629 -36.0679380894 0 -0 0
20.0603196621 -36.0679380894 0 -0 0
23.3023836613 -36.0679380894 0 -0 0
26.5444476604 -36.0679380894 0 -0 0
29.7865116596 -36.0679380894 0 -0 0
33.0285756588 -36.0679380894 0 -0 0
36.270639658 -36.0679380894 0 -0 0
39.5127036572 -36.0679380894 0 -0 0
42.7547676563 -36.0679380894 0 -0 0
-35.0547683239 -39.3100020885 0 -0 0
-31.8127043247 -39.3100020885 0 -0 0
-28.5706403255 -39.3100020885 0 -0 0
-25.3285763264 -39.3100020885 0 -0 0
-22.0865123272 -39.3100020885 0 -0 0
-18.844448328 -39.3100020885 0 -0 0
-15.6023843288 -39.3100020885 0 -0 0
-12.3603203297 -39.3100020885 0 -0 0
-9.1182563305 -39.3100020885 0 -0 0
-5.8761923313 -39.3100020885 0 -0 0
-2.6341283321 -39.3100020885 0 -0 0
0.607935667 -39.3100020885 0 -0 0
3.8499996662 -39.3100020885 0 -0 0
7.0920636654 -39.3100020885 0 -0 0
10.3341276646 -39.3100020885 0 -0 0
13.5761916637 -39.3100020885 0 -0 0
16.8182556629 -39.3100020885 0 -0 0
20.0603196621 -39.3100020885 0 -0 0
23.3023836613 -39.3100020885 0 -0 0
26.5444476604 -39.3100020885 0 -0 0
29.7865116596 -39.3100020885 0 -0 0
33.0285756588 -39.3100020885 0 -0 0
36.270639658 -39.3100020885 0 -0 0
39.5127036572 -39.3100020885 0 -0 0
42.7547676563 -39.3100020885 0 -0 0
-35.0547683239 -42.5520660877 0 -0 0
-31.8127043247 -42.5520660877 0 -0 0
-28.5706403255 -42.5520660877 0 -0 0
-25.3285763264 -42.5520660877 0 -0 0
-22.0865123272 -42.5520660877 0 -0 0
-18.844448328 -42.5520660877 0 -0 0
-15.6023843288 -42.5520660877 0 -0 0
-12.3603203297 -42.5520660877 0 -0 0
-9.1182563305 -42.5520660877 0 -0 0
-5.8761923313 -42.5520660877 0 -0 0
-2.6341283321 -42.5520660877 0 -0 0
0.607935667 -42.5520660877 0 -0 0
3.8499996662 -42.5520660877 0 -0 0
7.0920636654 -42.5520660877 0 -0 0
10.3341276646 -42.5520660877 0 -0 0
13.5761916637 -42.5520660877 0 -0 0
16.8182556629 -42.5520660877 0 -0 0
20.0603196621 -42.5520660877 0 -0 0
23.3023836613 -42.5520660877 0 -0 0
26.5444476604 -42.5520660877 0 -0 0
29.7865116596 -42.5520660877 0 -0 0
33.0285756588 -42.5520660877 0 -0 0
36.270639658 -42.5520660877 0 -0 0
39.5127036572 -42.5520660877 0 -0 0
42.7547676563 -42.5520660877 0 -0 0
