TITLE = "B00070"
VARIABLES = "x", "y", "Vx", "Vy", "isValid"
ZONE T="Frame 0", I=25, J=25, F=POINT
-35.0547683239 35.2574698925 0 -0 0
-31.8127043247 35.2574698925 0 -0 0
-28.5706403255 35.2574698925 0 -0 0
-25.3285763264 35.2574698925 0 -0 0
-22.0865123272 35.2574698925 0 -0 0
-18.844448328 35.2574698925 0 -0 0
-15.6023843288 35.2574698925 0 -0 0
-12.3603203297 35.2574698925 0 -0 0
-9.1182563305 35.2574698925 0 -0 0
-5.8761923313 35.2574698925 0 -0 0
-2.6341283321 35.2574698925 0 -0 0
0.607935667 35.2574698925 0 -0 0
3.8499996662 35.2574698925 0 -0 0
7.0920636654 35.2574698925 0 -0 0
10.3341276646 35.2574698925 0 -0 0
13.5761916637 35.2574698925 0 -0 0
16.8182556629 35.2574698925 0 -0 0
20.0603196621 35.2574698925 0 -0 0
23.3023836613 35.2574698925 0 -0 0
26.5444476604 35.2574698925 0 -0 0
29.7865116596 35.2574698925 0 -0 0
33.0285756588 35.2574698925 0 -0 0
36.270639658 35.2574698925 0 -0 0
39.5127036572 35.2574698925 0 -0 0
42.7547676563 35.2574698925 0 -0 0
-35.0547683239 32.0154058933 0 -0 0
-31.8127043247 32.0154058933 0 -0 0
-28.5706403255 32.0154058933 0 -0 0
-25.3285763264 32.0154058933 0 -0 0
-22.0865123272 32.0154058933 0 -0 0
-18.844448328 32.0154058933 0 -0 0
-15.6023843288 32.0154058933 0 -0 0
-12.3603203297 32.0154058933 0 -0 0
-9.1182563305 32.0154058933 0 -0 0
-5.8761923313 32.0154058933 0 -0 0
-2.6341283321 32.0154058933 0 -0 0
0.607935667 32.0154058933 0 -0 0
3.8499996662 32.0154058933 0 -0 0
7.0920636654 32.0154058933 0 -0 0
10.3341276646 32.0154058933 0 -0 0
13.5761916637 32.0154058933 0 -0 0
16.8182556629 32.0154058933 0 -0 0
20.0603196621 32.0154058933 0 -0 0
23.3023836613 32.0154058933 0 -0 0
26.5444476604 32.0154058933 0 -0 0
29.7865116596 32.0154058933 0 -0 0
33.0285756588 32.0154058933 0 -0 0
36.270639658 32.0154058933 0 -0 0
39.5127036572 32.0154058933 0 -0 0
42.7547676563 32.0154058933 0 -0 0
-35.0547683239 28.7733418941 0 -0 0
-31.8127043247 28.7733418941 0 -0 0
-28.5706403255 28.7733418941 0 -0 0
-25.3285763264 28.7733418941 0 -0 0
-22.0865123272 28.7733418941 0 -0 0
-18.844448328 28.7733418941 0 -0 0
-15.6023843288 28.7733418941 0 -0 0
-12.3603203297 28.7733418941 0 -0 0
-9.1182563305 28.7733418941 0 -0 0
-5.8761923313 28.7733418941 0 -0 0
-2.6341283321 28.7733418941 0 -0 0
0.607935667 28.7733418941 0 -0 0
3.8499996662 28.7733418941 0 -0 0
7.0920636654 28.7733418941 0 -0 0
10.3341276646 28.7733418941 0 -0 0
13.5761916637 28.7733418941 0 -0 0
16.8182556629 28.7733418941 0 -0 0
20.0603196621 28.7733418941 0 -0 0
23.3023836613 28.7733418941 0 -0 0
26.5444476604 28.7733418941 0 -0 0
29.7865116596 28.7733418941 0 -0 0
33.0285756588 28.7733418941 0 -0 0
36.270639658 28.7733418941 0 -0 0
39.5127036572 28.7733418941 0 -0 0
42.7547676563 28.7733418941 0 -0 0
-35.0547683239 25.531277895 0 -0 0
-31.8127043247 25.531277895 0 -0 0
-28.5706403255 25.531277895 0 -0 0
-25.3285763264 25.531277895 0 -0 0
-22.0865123272 25.531277895 0 -0 0
-18.844448328 25.531277895 0 -0 0
-15.6023843288 25.531277895 0 -0 0
-12.3603203297 25.531277895 0 -0 0
-9.1182563305 25.531277895 5.3564351964 -5.3968421127 1
-5.8761923313 25.531277895 3.6675013396 -3.576926971 1
-2.6341283321 25.531277895 2.2905299278 -2.0727074695 1
0.607935667 25.531277895 1.8223531621 -1.261211563 1
3.8499996662 25.531277895 2.2323861072 -0.5862019626 1
7.0920636654 25.531277895 2.4486636857 1.4315372347 1
10.3341276646 25.531277895 2.4877624438 3.274562618 1
13.5761916637 25.531277895 2.4211464683 3.8205765335 1
16.8182556629 25.531277895 0 -0 0
20.0603196621 25.531277895 0 -0 0
23.3023836613 25.531277895 0 -0 0
26.5444476604 25.531277895 0 -0 0
29.7865116596 25.531277895 0 -0 0
33.0285756588 25.531277895 0 -0 0
36.270639658 25.531277895 0 -0 0
39.5127036572 25.531277895 0 -0 0
42.7547676563 25.531277895 0 -0 0
-35.0547683239 22.2892138958 0 -0 0
-31.8127043247 22.2892138958 0 -0 0
-28.5706403255 22.2892138958 0 -0 0
-25.3285763264 22.2892138958 0 -0 0
-22.0865123272 22.2892138958 0 -0 0
-18.844448328 22.2892138958 0 -0 0
-15.6023843288 22.2892138958 6.593909085 -5.1466437576 1
-12.3603203297 22.2892138958 6.2639011523 -7.4743205476 1
-9.1182563305 22.2892138958 4.6617196984 -7.4595556459 1
-5.8761923313 22.2892138958 2.6690144447 -5.1890905855 1
-2.6341283321 22.2892138958 1.462524657 -1.9094763481 1
0.607935667 22.2892138958 1.2214358538 0.8021284973 1
3.8499996662 22.2892138958 0.7724765588 2.7861985479 1
7.0920636654 22.2892138958 0.5030284255 4.2750471527 1
10.3341276646 22.2892138958 1.0594109857 4.867563564 1
13.5761916637 22.2892138958 1.7033235971 4.2171494138 1
16.8182556629 22.2892138958 1.3064874245 2.629078556 1
20.0603196621 22.2892138958 0.2238573099 0.7781485154 1
23.3023836613 22.2892138958 0 -0 0
26.5444476604 22.2892138958 0 -0 0
29.7865116596 22.2892138958 0 -0 0
33.0285756588 22.2892138958 0 -0 0
36.270639658 22.2892138958 0 -0 0
39.5127036572 22.2892138958 0 -0 0
42.7547676563 22.2892138958 0 -0 0
-35.0547683239 19.0471498966 0 -0 0
-31.8127043247 19.0471498966 0 -0 0
-28.5706403255 19.0471498966 0 -0 0
-25.3285763264 19.0471498966 0 -0 0
-22.0865123272 19.0471498966 0 -0 0
-18.844448328 19.0471498966 7.1704455851 1.2095852841 1
-15.6023843288 19.0471498966 8.2605023472 -4.3839146004 1
-12.3603203297 19.0471498966 7.4587506719 -8.3392068218 1
-9.1182563305 19.0471498966 4.1398743266 -8.5765231775 1
-5.8761923313 19.0471498966 1.6101788071 -6.2084424906 1
-2.6341283321 19.0471498966 0.7607703922 -2.396287537 1
0.607935667 19.0471498966 0.6479922081 1.2173691651 1
3.8499996662 19.0471498966 -0.3829177617 4.3526981561 1
7.0920636654 19.0471498966 -0.7433013093 6.0295691788 1
10.3341276646 19.0471498966 0.346231812 5.9509450204 1
13.5761916637 19.0471498966 1.1643435418 4.654411223 1
16.8182556629 19.0471498966 0.3788489217 2.4375102971 1
20.0603196621 19.0471498966 -0.7019732474 -0.1644914031 1
23.3023836613 19.0471498966 -0.5127087962 -2.4631036992 1
26.5444476604 19.0471498966 0 -0 0
29.7865116596 19.0471498966 0 -0 0
33.0285756588 19.0471498966 0 -0 0
36.270639658 19.0471498966 0 -0 0
39.5127036572 19.0471498966 0 -0 0
42.7547676563 19.0471498966 0 -0 0
-35.0547683239 15.8050858974 0 -0 0
-31.8127043247 15.8050858974 0 -0 0
-28.5706403255 15.8050858974 0 -0 0
-25.3285763264 15.8050858974 0 -0 0
-22.0865123272 15.8050858974 8.2546428854 7.078697271 1
-18.844448328 15.8050858974 10.2732809225 2.8956514588 1
-15.6023843288 15.8050858974 11.1940540103 -3.9560709265 1
-12.3603203297 15.8050858974 8.9155772545 -9.4757189768 1
-9.1182563305 15.8050858974 4.0044566266 -9.2995595082 1
-5.8761923313 15.8050858974 1.2657312383 -5.9444394054 1
-2.6341283321 15.8050858974 0.9541305938 -1.6461497611 1
0.607935667 15.8050858974 0.9193341138 1.3347851588 1
3.8499996662 15.8050858974 -0.0949312412 4.91571526 1
7.0920636654 15.8050858974 -0.5212833468 7.6310241633 1
10.3341276646 15.8050858974 0.9166953027 7.6117579292 1
13.5761916637 15.8050858974 1.4537235377 5.3596116129 1
16.8182556629 15.8050858974 0.4208662011 2.0748314716 1
20.0603196621 15.8050858974 -0.950785317 -0.7332570245 1
23.3023836613 15.8050858974 -0.5857124034 -3.3011113605 1
26.5444476604 15.8050858974 0.5841106456 -4.7044962455 1
29.7865116596 15.8050858974 0 -0 0
33.0285756588 15.8050858974 0 -0 0
36.270639658 15.8050858974 0 -0 0
39.5127036572 15.8050858974 0 -0 0
42.7547676563 15.8050858974 0 -0 0
-35.0547683239 12.5630218983 0 -0 0
-31.8127043247 12.5630218983 0 -0 0
-28.5706403255 12.5630218983 0 -0 0
-25.3285763264 12.5630218983 0 -0 0
-22.0865123272 12.5630218983 9.8739860465 6.6446164074 1
-18.844448328 12.5630218983 12.6062452985 2.7773480613 1
-15.6023843288 12.5630218983 13.5777722076 -3.9889649535 1
-12.3603203297 12.5630218983 10.2357037947 -8.7608054556 1
-9.1182563305 12.5630218983 4.5359647056 -7.6284818224 1
-5.8761923313 12.5630218983 1.7419033191 -3.8044145521 1
-2.6341283321 12.5630218983 1.8444503925 -0.1705060624 1
0.607935667 12.5630218983 1.9266083142 1.6668352676 1
3.8499996662 12.5630218983 1.161640342 4.6064141206 1
7.0920636654 12.5630218983 0.41309787 7.9328531754 1
10.3341276646 12.5630218983 1.4431704072 8.5231515301 1
13.5761916637 12.5630218983 1.7190856581 5.8695043589 1
16.8182556629 12.5630218983 0.7544728899 1.8653163086 1
20.0603196621 12.5630218983 -0.7566586388 -1.2758442147 1
23.3023836613 12.5630218983 -0.7404520456 -3.3287319927 1
26.5444476604 12.5630218983 0.5485830915 -3.9874223383 1
29.7865116596 12.5630218983 1.7684064686 -3.8340310125 1
33.0285756588 12.5630218983 0 -0 0
36.270639658 12.5630218983 0 -0 0
39.5127036572 12.5630218983 0 -0 0
42.7547676563 12.5630218983 0 -0 0
-35.0547683239 9.3209578991 0 -0 0
-31.8127043247 9.3209578991 0 -0 0
-28.5706403255 9.3209578991 0 -0 0
-25.3285763264 9.3209578991 7.2463734128 6.2543084953 1
-22.0865123272 9.3209578991 9.3575689652 4.1432128853 1
-18.844448328 9.3209578991 11.5802796836 0.3551767684 1
-15.6023843288 9.3209578991 11.8992003527 -3.9174418372 1
-12.3603203297 9.3209578991 8.6925970446 -6.159524469 1
-9.1182563305 9.3209578991 4.9127073265 -4.6356667425 1
-5.8761923313 9.3209578991 3.2814628695 -2.0611950733 1
-2.6341283321 9.3209578991 3.6747104765 0.2594382132 1
0.607935667 9.3209578991 3.1799830056 1.382722175 1
3.8499996662 9.3209578991 1.4987361069 3.4391979147 1
7.0920636654 9.3209578991 -0.6011073799 6.461649987 1
10.3341276646 9.3209578991 -0.209420731 7.1678054154 1
13.5761916637 9.3209578991 0.8424967651 4.3414212737 1
16.8182556629 9.3209578991 1.0390003207 0.3893161877 1
20.0603196621 9.3209578991 -0.2807098621 -2.1811597487 1
23.3023836613 9.3209578991 -0.7201917471 -3.0043108693 1
26.5444476604 9.3209578991 0.6475691892 -2.8656941073 1
29.7865116596 9.3209578991 2.3172622503 -2.6045959938 1
33.0285756588 9.3209578991 0 -0 0
36.270639658 9.3209578991 0 -0 0
39.5127036572 9.3209578991 0 -0 0
42.7547676563 9.3209578991 0 -0 0
-35.0547683239 6.0788938999 0 -0 0
-31.8127043247 6.0788938999 0 -0 0
-28.5706403255 6.0788938999 0 -0 0
-25.3285763264 6.0788938999 4.5303338129 4.3349684984 1
-22.0865123272 6.0788938999 6.0682151767 1.2603505035 1
-18.844448328 6.0788938999 7.6322778212 -3.085934205 1
-15.6023843288 6.0788938999 7.820173726 -4.8622237422 1
-12.3603203297 6.0788938999 6.328733262 -3.2294614291 1
-9.1182563305 6.0788938999 5.5161032662 -1.3555244108 1
-5.8761923313 6.0788938999 5.313226874 -1.3455186989 1
-2.6341283321 6.0788938999 5.1098184623 -1.3483851732 1
0.607935667 6.0788938999 3.4381544075 -0.1312478608 1
3.8499996662 6.0788938999 1.0892862093 1.7894601918 1
7.0920636654 6.0788938999 -1.2405604023 3.3389246059 1
10.3341276646 6.0788938999 -0.9419734787 3.1840386735 1
13.5761916637 6.0788938999 0.8286069631 0.8799363589 1
16.8182556629 6.0788938999 2.0665392733 -1.7008500987 1
20.0603196621 6.0788938999 0.9318239675 -3.1944308695 1
23.3023836613 6.0788938999 -0.1031354427 -2.9351881819 1
26.5444476604 6.0788938999 0.8883101566 -2.2725695873 1
29.7865116596 6.0788938999 2.3766541429 -2.027772801 1
33.0285756588 6.0788938999 3.2329494485 -1.919604799 1
36.270639658 6.0788938999 0 -0 0
39.5127036572 6.0788938999 0 -0 0
42.7547676563 6.0788938999 0 -0 0
-35.0547683239 2.8368299007 0 -0 0
-31.8127043247 2.8368299007 0 -0 0
-28.5706403255 2.8368299007 0.9266499112 2.0954879918 1
-25.3285763264 2.8368299007 0.903096949 1.8279325739 1
-22.0865123272 2.8368299007 1.9588733987 -1.889568188 1
-18.844448328 2.8368299007 3.2973666916 -6.5608816002 1
-15.6023843288 2.8368299007 4.4024471186 -6.651780857 1
-12.3603203297 2.8368299007 5.0258312327 -2.5955930271 1
-9.1182563305 2.8368299007 5.868184274 0.4133598036 1
-5.8761923313 2.8368299007 5.8222264793 -0.5785044743 1
-2.6341283321 2.8368299007 4.0847293813 -2.495051444 1
0.607935667 2.8368299007 2.0328443485 -2.3381945934 1
3.8499996662 2.8368299007 0.6565571344 -0.5729369514 1
7.0920636654 2.8368299007 -0.5058476083 0.4709953447 1
10.3341276646 2.8368299007 0.120119269 -0.4846017375 1
13.5761916637 2.8368299007 2.034008028 -2.6835610433 1
16.8182556629 2.8368299007 3.4530231768 -4.0662361155 1
20.0603196621 2.8368299007 2.4001544919 -4.2983542596 1
23.3023836613 2.8368299007 0.875386565 -3.6080377361 1
26.5444476604 2.8368299007 1.1237283619 -3.0055131973 1
29.7865116596 2.8368299007 1.8943133376 -2.4788834237 1
33.0285756588 2.8368299007 2.4199673897 -2.0852407273 1
36.270639658 2.8368299007 0 -0 0
39.5127036572 2.8368299007 0 -0 0
42.7547676563 2.8368299007 0 -0 0
-35.0547683239 -0.4052340984 0 -0 0
-31.8127043247 -0.4052340984 0 -0 0
-28.5706403255 -0.4052340984 -0.5681327347 1.9787290211 1
-25.3285763264 -0.4052340984 -1.8064396778 0.2656885184 1
-22.0865123272 -0.4052340984 -1.2113099695 -3.7784751259 1
-18.844448328 -0.4052340984 0.0301779687 -7.7693057712 1
-15.6023843288 -0.4052340984 2.3757780619 -7.4345078507 1
-12.3603203297 -0.4052340984 4.4112997188 -3.2766061528 1
-9.1182563305 -0.4052340984 5.0243387396 -0.4032596974 1
-5.8761923313 -0.4052340984 3.4740029246 -0.9277036089 1
-2.6341283321 -0.4052340984 0.6824171501 -2.9573488198 1
0.607935667 -0.4052340984 -0.3689635331 -3.2777634916 1
3.8499996662 -0.4052340984 0.5065776255 -1.8836228241 1
7.0920636654 -0.4052340984 0.9748439544 -1.3006308312 1
10.3341276646 -0.4052340984 1.9056759711 -2.5987688397 1
13.5761916637 -0.4052340984 3.2800093268 -4.1402155196 1
16.8182556629 -0.4052340984 4.0465619595 -4.3413161983 1
20.0603196621 -0.4052340984 3.1228561214 -3.85421726 1
23.3023836613 -0.4052340984 1.5716184094 -3.9296825144 1
26.5444476604 -0.4052340984 1.1770051999 -4.3320254821 1
29.7865116596 -0.4052340984 1.0406578999 -3.614187061 1
33.0285756588 -0.4052340984 1.1801724072 -2.7223211748 1
36.270639658 -0.4052340984 0 -0 0
39.5127036572 -0.4052340984 0 -0 0
42.7547676563 -0.4052340984 0 -0 0
-35.0547683239 -3.6472980976 0 -0 0
-31.8127043247 -3.6472980976 0 -0 0
-28.5706403255 -3.6472980976 -1.6225153505 2.9165665912 1
-25.3285763264 -3.6472980976 -3.1250569673 0.2399143292 1
-22.0865123272 -3.6472980976 -2.6853754051 -3.8684247791 1
-18.844448328 -3.6472980976 -1.0472925945 -6.8085708277 1
-15.6023843288 -3.6472980976 2.1698572014 -6.28441259 1
-12.3603203297 -3.6472980976 3.8691098826 -3.6257365959 1
-9.1182563305 -3.6472980976 2.428443017 -2.2326737057 1
-5.8761923313 -3.6472980976 -0.8613292614 -2.2839172748 1
-2.6341283321 -3.6472980976 -2.9852593151 -3.3505897841 1
0.607935667 -3.6472980976 -1.9087613525 -3.1982271703 1
3.8499996662 -3.6472980976 0.3922062512 -2.244068647 1
7.0920636654 -3.6472980976 1.2960852644 -1.9624269391 1
10.3341276646 -3.6472980976 2.0716001019 -2.8476537525 1
13.5761916637 -3.6472980976 3.0796967134 -3.6711741466 1
16.8182556629 -3.6472980976 3.5011319973 -3.127070912 1
20.0603196621 -3.6472980976 3.0474575958 -2.4538499707 1
23.3023836613 -3.6472980976 1.8098600624 -3.0965902972 1
26.5444476604 -3.6472980976 0.9202380488 -4.4017602034 1
29.7865116596 -3.6472980976 0.1499451065 -4.3261143884 1
33.0285756588 -3.6472980976 0.0003743226 -3.5828296103 1
36.270639658 -3.6472980976 0 -0 0
39.5127036572 -3.6472980976 0 -0 0
42.7547676563 -3.6472980976 0 -0 0
-35.0547683239 -6.8893620968 0 -0 0
-31.8127043247 -6.8893620968 0 -0 0
-28.5706403255 -6.8893620968 -3.1269456066 3.5365602128 1
-25.3285763264 -6.8893620968 -4.1914246675 0.8379319497 1
-22.0865123272 -6.8893620968 -3.3299666284 -1.4444672426 1
-18.844448328 -6.8893620968 -0.6868466961 -2.5675514895 1
-15.6023843288 -6.8893620968 2.882104586 -2.0049530264 1
-12.3603203297 -6.8893620968 3.225233655 -1.8636909616 1
-9.1182563305 -6.8893620968 -0.3601924946 -2.6863953609 1
-5.8761923313 -6.8893620968 -4.2972032615 -3.237373484 1
-2.6341283321 -6.8893620968 -4.3671291114 -3.3916410419 1
0.607935667 -6.8893620968 -1.4330251987 -2.1573479479 1
3.8499996662 -6.8893620968 0.7611032064 -1.0173014256 1
7.0920636654 -6.8893620968 1.00305088 -1.2913014665 1
10.3341276646 -6.8893620968 1.5991039231 -2.1688265267 1
13.5761916637 -6.8893620968 2.7921630851 -2.5258284136 1
16.8182556629 -6.8893620968 3.3331101333 -1.5440728094 1
20.0603196621 -6.8893620968 3.1998051126 -0.7170354097 1
23.3023836613 -6.8893620968 2.0527117466 -1.640841945 1
26.5444476604 -6.8893620968 0.5252727387 -3.5970313926 1
29.7865116596 -6.8893620968 -0.5315788841 -4.5911975156 1
33.0285756588 -6.8893620968 -0.7364061908 -4.6712776322 1
36.270639658 -6.8893620968 0 -0 0
39.5127036572 -6.8893620968 0 -0 0
42.7547676563 -6.8893620968 0 -0 0
-35.0547683239 -10.131426096 0 -0 0
-31.8127043247 -10.131426096 0 -0 0
-28.5706403255 -10.131426096 -4.8034844945 4.3159483459 1
-25.3285763264 -10.131426096 -5.9132096757 2.1440679907 1
-22.0865123272 -10.131426096 -4.994407657 1.1723759956 1
-18.844448328 -10.131426096 -1.9359376789 1.2234928251 1
-15.6023843288 -10.131426096 1.8144119699 2.0886417877 1
-12.3603203297 -10.131426096 1.6108830838 1.2045078487 1
-9.1182563305 -10.131426096 -2.3284230365 -0.6642674928 1
-5.8761923313 -10.131426096 -5.5019150712 -1.9224342855 1
-2.6341283321 -10.131426096 -4.1504724462 -2.1145964618 1
0.607935667 -10.131426096 -0.4855335644 -0.56552291 1
3.8499996662 -10.131426096 1.2032646833 0.6170047481 1
7.0920636654 -10.131426096 0.9718186592 0.128203232 1
10.3341276646 -10.131426096 1.545975187 -0.9826852797 1
13.5761916637 -10.131426096 2.7511121293 -1.5514052891 1
16.8182556629 -10.131426096 3.354660851 -0.8509671839 1
20.0603196621 -10.131426096 3.1847729933 -0.4402955964 1
23.3023836613 -10.131426096 1.7391441847 -1.2941335196 1
26.5444476604 -10.131426096 -0.1704738491 -3.2095445128 1
29.7865116596 -10.131426096 -1.1811792286 -4.9078868427 1
33.0285756588 -10.131426096 -0.9737010332 -5.7521478475 1
36.270639658 -10.131426096 0 -0 0
39.5127036572 -10.131426096 0 -0 0
42.7547676563 -10.131426096 0 -0 0
-35.0547683239 -13.3734900951 0 -0 0
-31.8127043247 -13.3734900951 0 -0 0
-28.5706403255 -13.3734900951 0 -0 0
-25.3285763264 -13.3734900951 -7.2549847624 3.60386099 1
-22.0865123272 -13.3734900951 -6.3792062783 2.576397749 1
-18.844448328 -13.3734900951 -4.1543288332 2.3086092329 1
-15.6023843288 -13.3734900951 -1.1167115613 3.3061142165 1
-12.3603203297 -13.3734900951 -0.9357510842 3.4293875584 1
-9.1182563305 -13.3734900951 -3.2345373548 2.369806882 1
-5.8761923313 -13.3734900951 -4.6709913924 0.5232222215 1
-2.6341283321 -13.3734900951 -3.3997572087 -0.5129374409 1
0.607935667 -13.3734900951 -0.687527346 0.574025561 1
3.8499996662 -13.3734900951 0.4938666001 1.64398545 1
7.0920636654 -13.3734900951 0.4615951749 1.2626350626 1
10.3341276646 -13.3734900951 0.9027539444 -0.016043386 1
13.5761916637 -13.3734900951 1.5023024798 -0.7094968555 1
16.8182556629 -13.3734900951 1.9329102702 -0.7630184164 1
20.0603196621 -13.3734900951 1.9779356718 -1.25199603 1
23.3023836613 -13.3734900951 0.743239034 -2.3737941603 1
26.5444476604 -13.3734900951 -0.8244157239 -3.8500281343 1
29.7865116596 -13.3734900951 -1.3764890615 -5.4157357519 1
33.0285756588 -13.3734900951 -0.6741306887 -6.5352613253 1
36.270639658 -13.3734900951 0 -0 0
39.5127036572 -13.3734900951 0 -0 0
42.7547676563 -13.3734900951 0 -0 0
-35.0547683239 -16.6155540943 0 -0 0
-31.8127043247 -16.6155540943 0 -0 0
-28.5706403255 -16.6155540943 0 -0 0
-25.3285763264 -16.6155540943 -6.6051352414 5.0689495767 1
-22.0865123272 -16.6155540943 -5.9203874107 2.7464549955 1
-18.844448328 -16.6155540943 -5.0730402697 0.7931298332 1
-15.6023843288 -16.6155540943 -3.847054622 1.3435606132 1
-12.3603203297 -16.6155540943 -3.5972804937 2.7900096438 1
-9.1182563305 -16.6155540943 -3.8614982587 3.0653493957 1
-5.8761923313 -16.6155540943 -3.3359055006 1.355599594 1
-2.6341283321 -16.6155540943 -2.5669889739 0.2921025576 1
0.607935667 -16.6155540943 -1.5608869829 1.2787642835 1
3.8499996662 -16.6155540943 -0.7917686089 2.0550092136 1
7.0920636654 -16.6155540943 -0.3175847323 1.4351508614 1
10.3341276646 -16.6155540943 0.0126294424 0.3042746566 1
13.5761916637 -16.6155540943 -0.1633153062 -0.0367739654 1
16.8182556629 -16.6155540943 0.2505168648 -0.5251374693 1
20.0603196621 -16.6155540943 0.6977090894 -1.8611208421 1
23.3023836613 -16.6155540943 0.0296175667 -3.3557430066 1
26.5444476604 -16.6155540943 -1.1274042639 -4.4271500975 1
29.7865116596 -16.6155540943 -1.2521199012 -5.6901902136 1
33.0285756588 -16.6155540943 0 -0 0
36.270639658 -16.6155540943 0 -0 0
39.5127036572 -16.6155540943 0 -0 0
42.7547676563 -16.6155540943 0 -0 0
-35.0547683239 -19.8576180935 0 -0 0
-31.8127043247 -19.8576180935 0 -0 0
-28.5706403255 -19.8576180935 0 -0 0
-25.3285763264 -19.8576180935 0 -0 0
-22.0865123272 -19.8576180935 -4.4475138861 1.9862562525 1
-18.844448328 -19.8576180935 -5.2165140504 -1.1041121785 1
-15.6023843288 -19.8576180935 -6.1309264547 -2.1438833539 1
-12.3603203297 -19.8576180935 -6.0123295708 -0.8693595261 1
-9.1182563305 -19.8576180935 -4.5961188476 0.1857657506 1
-5.8761923313 -19.8576180935 -2.58261803 -0.0819861646 1
-2.6341283321 -19.8576180935 -2.2860901913 -0.3782005039 1
0.607935667 -19.8576180935 -2.3379605893 0.4886812587 1
3.8499996662 -19.8576180935 -1.5682345596 0.9980179809 1
7.0920636654 -19.8576180935 -0.4807562204 0.2280986336 1
10.3341276646 -19.8576180935 0.037364427 -0.2654845385 1
13.5761916637 -19.8576180935 -0.4935273697 0.1363601891 1
16.8182556629 -19.8576180935 -0.148397028 -0.1564852748 1
20.0603196621 -19.8576180935 0.3144155813 -1.4626943477 1
23.3023836613 -19.8576180935 -0.0217891164 -3.0489905489 1
26.5444476604 -19.8576180935 -1.0579847687 -3.7396446421 1
29.7865116596 -19.8576180935 -1.0684491285 -4.6964628104 1
33.0285756588 -19.8576180935 0 -0 0
36.270639658 -19.8576180935 0 -0 0
39.5127036572 -19.8576180935 0 -0 0
42.7547676563 -19.8576180935 0 -0 0
-35.0547683239 -23.0996820927 0 -0 0
-31.8127043247 -23.0996820927 0 -0 0
-28.5706403255 -23.0996820927 0 -0 0
-25.3285763264 -23.0996820927 0 -0 0
-22.0865123272 -23.0996820927 -4.6971865623 0.4361730487 1
-18.844448328 -23.0996820927 -6.125051292 -2.0248062333 1
-15.6023843288 -23.0996820927 -7.6552198818 -3.2520728646 1
-12.3603203297 -23.0996820927 -7.3270024576 -2.7323697623 1
-9.1182563305 -23.0996820927 -5.3457972206 -1.6534005658 1
-5.8761923313 -23.0996820927 -3.0393048941 -1.1457451251 1
-2.6341283321 -23.0996820927 -2.8331841489 -0.9890622679 1
0.607935667 -23.0996820927 -2.9768188639 -0.7412465272 1
3.8499996662 -23.0996820927 -1.8997476668 -0.6053651217 1
7.0920636654 -23.0996820927 -0.4146373525 -1.0528107123 1
10.3341276646 -23.0996820927 0.383424456 -0.730727667 1
13.5761916637 -23.0996820927 -0.2755653393 0.1642192601 1
16.8182556629 -23.0996820927 -0.3800341523 0.1310030907 1
20.0603196621 -23.0996820927 -0.2155636774 -0.7871479344 1
23.3023836613 -23.0996820927 -0.13893246 -2.0276524776 1
26.5444476604 -23.0996820927 -0.8413711301 -2.5364926582 1
29.7865116596 -23.0996820927 0 -0 0
33.0285756588 -23.0996820927 0 -0 0
36.270639658 -23.0996820927 0 -0 0
39.5127036572 -23.0996820927 0 -0 0
42.7547676563 -23.0996820927 0 -0 0
-35.0547683239 -26.3417460918 0 -0 0
-31.8127043247 -26.3417460918 0 -0 0
-28.5706403255 -26.3417460918 0 -0 0
-25.3285763264 -26.3417460918 0 -0 0
-22.0865123272 -26.3417460918 0 -0 0
-18.844448328 -26.3417460918 -8.30494138 -3.144248924 1
-15.6023843288 -26.3417460918 -9.4572933457 -3.8521474563 1
-12.3603203297 -26.3417460918 -8.5815988012 -3.3204397944 1
-9.1182563305 -26.3417460918 -6.4273362346 -2.1775074737 1
-5.8761923313 -26.3417460918 -4.4475564598 -1.1014840864 1
-2.6341283321 -26.3417460918 -3.9167999112 -0.8562105357 1
0.607935667 -26.3417460918 -3.4578025967 -1.4126854143 1
3.8499996662 -26.3417460918 -2.1873241707 -1.6754688099 1
7.0920636654 -26.3417460918 -0.9329963279 -1.4724980613 1
10.3341276646 -26.3417460918 -0.6247709279 -0.5072024541 1
13.5761916637 -26.3417460918 -1.3121480584 0.4404587954 1
16.8182556629 -26.3417460918 -1.6363372913 0.1934546336 1
20.0603196621 -26.3417460918 -1.3813398903 -0.5468127753 1
23.3023836613 -26.3417460918 -0.9156147324 -1.4708050796 1
26.5444476604 -26.3417460918 0 -0 0
29.7865116596 -26.3417460918 0 -0 0
33.0285756588 -26.3417460918 0 -0 0
36.270639658 -26.3417460918 0 -0 0
39.5127036572 -26.3417460918 0 -0 0
42.7547676563 -26.3417460918 0 -0 0
-35.0547683239 -29.583810091 0 -0 0
-31.8127043247 -29.583810091 0 -0 0
-28.5706403255 -29.583810091 0 -0 0
-25.3285763264 -29.583810091 0 -0 0
-22.0865123272 -29.583810091 0 -0 0
-18.844448328 -29.583810091 0 -0 0
-15.6023843288 -29.583810091 -8.974587343 -3.1756891064 1
-12.3603203297 -29.583810091 -8.5347218989 -2.2189369122 1
-9.1182563305 -29.583810091 -7.3827763454 -0.9304117153 1
-5.8761923313 -29.583810091 -6.1842703235 -0.3754736395 1
-2.6341283321 -29.583810091 -5.1672264533 -0.6685595803 1
0.607935667 -29.583810091 -4.0007077305 -1.6632688947 1
3.8499996662 -29.583810091 -2.7712929419 -2.1151010048 1
7.0920636654 -29.583810091 -2.1140467788 -1.6485995572 1
10.3341276646 -29.583810091 -2.4412356418 -0.6558528576 1
13.5761916637 -29.583810091 -2.9194625047 0.1990736751 1
16.8182556629 -29.583810091 -3.0280838708 0.1699821575 1
20.0603196621 -29.583810091 -2.5702617095 -0.3271910144 1
23.3023836613 -29.583810091 0 -0 0
26.5444476604 -29.583810091 0 -0 0
29.7865116596 -29.583810091 0 -0 0
33.0285756588 -29.583810091 0 -0 0
36.270639658 -29.583810091 0 -0 0
39.5127036572 -29.583810091 0 -0 0
42.7547676563 -29.583810091 0 -0 0
-35.0547683239 -32.8258740902 0 -0 0
-31.8127043247 -32.8258740902 0 -0 0
-28.5706403255 -32.8258740902 0 -0 0
-25.3285763264 -32.8258740902 0 -0 0
-22.0865123272 -32.8258740902 0 -0 0
-18.844448328 -32.8258740902 0 -0 0
-15.6023843288 -32.8258740902 0 -0 0
-12.3603203297 -32.8258740902 0 -0 0
-9.1182563305 -32.8258740902 -7.833184352 -0.7965400273 1
-5.8761923313 -32.8258740902 -7.1934764163 -0.7368169812 1
-2.6341283321 -32.8258740902 -6.0620501509 -1.5801338928 1
0.607935667 -32.8258740902 -4.4249812572 -2.5883207846 1
3.8499996662 -32.8258740902 -3.5782591335 -2.8352690496 1
7.0920636654 -32.8258740902 -3.3275544239 -2.1132582605 1
10.3341276646 -32.8258740902 -4.0837933651 -1.1171834192 1
13.5761916637 -32.8258740902 -3.7999349594 -0.2527472066 1
16.8182556629 -32.8258740902 -3.2707297823 0.0359387313 1
20.0603196621 -32.8258740902 0 -0 0
23.3023836613 -32.8258740902 0 -0 0
26.5444476604 -32.8258740902 0 -0 0
29.7865116596 -32.8258740902 0 -0 0
33.0285756588 -32.8258740902 0 -0 0
36.270639658 -32.8258740902 0 -0 0
39.5127036572 -32.8258740902 0 -0 0
42.7547676563 -32.8258740902 0 -0 0
-35.0547683239 -36.0679380894 0 -0 0
-31.8127043247 -36.0679380894 0 -0 0
-28.5706403255 -36.0679380894 0 -0 0
-25.3285763264 -36.0679380894 0 -0 0
-22.0865123272 -36.0679380894 0 -0 0
-18.844448328 -36.0679380894 0 -0 0
-15.6023843288 -36.0679380894 0 -0 0
-12.3603203297 -36.0679380894 0 -0 0
-9.1182563305 -36.0679380894 0 -0 0
-5.8761923313 -36.0679380894 0 -0 0
-2.6341283321 -36.0679380894 0 -0 0
0.607935667 -36.0679380894 0 -0 0
3.8499996662 -36.0679380894 0 -0 0
7.0920636654 -36.0679380894 0 -0 0
10.3341276646 -36.0679380894 0 -0 0
13.5761916637 -36.0679380894 0 -0 0
16.8182556629 -36.0679380894 0 -0 0
20.0603196621 -36.0679380894 0 -0 0
23.3023836613 -36.0679380894 0 -0 0
26.5444476604 -36.0679380894 0 -0 0
29.7865116596 -36.0679380894 0 -0 0
33.0285756588 -36.0679380894 0 -0 0
36.270639658 -36.0679380894 0 -0 0
39.5127036572 -36.0679380894 0 -0 0
42.7547676563 -36.0679380894 0 -0 0
-35.0547683239 -39.3100020885 0 -0 0
-31.8127043247 -39.3100020885 0 -0 0
-28.5706403255 -39.3100020885 0 -0 0
-25.3285763264 -39.3100020885 0 -0 0
-22.0865123272 -39.3100020885 0 -0 0
-18.844448328 -39.3100020885 0 -0 0
-15.6023843288 -39.3100020885 0 -0 0
-12.3603203297 -39.3100020885 0 -0 0
-9.1182563305 -39.3100020885 0 -0 0
-5.8761923313 -39.3100020885 0 -0 0
-2.6341283321 -39.3100020885 0 -0 0
0.607935667 -39.3100020885 0 -0 0
3.8499996662 -39.3100020885 0 -0 0
7.0920636654 -39.3100020885 0 -0 0
10.3341276646 -39.3100020885 0 -0 0
13.5761916637 -39.3100020885 0 -0 0
16.8182556629 -39.3100020885 0 -0 0
20.0603196621 -39.3100020885 0 -0 0
23.3023836613 -39.3100020885 0 -0 0
26.5444476604 -39.3100020885 0 -0 0
29.7865116596 -39.3100020885 0 -0 0
33.0285756588 -39.3100020885 0 -0 0
36.270639658 -39.3100020885 0 -0 0
39.5127036572 -39.3100020885 0 -0 0
42.7547676563 -39.3100020885 0 -0 0
-35.0547683239 -42.5520660877 0 -0 0
-31.8127043247 -42.5520660877 0 -0 0
-28.5706403255 -42.5520660877 0 -0 0
-25.3285763264 -42.5520660877 0 -0 0
-22.0865123272 -42.5520660877 0 -0 0
-18.844448328 -42.5520660877 0 -0 0
-15.6023843288 -42.5520660877 0 -0 0
-12.3603203297 -42.5520660877 0 -0 0
-9.1182563305 -42.5520660877 0 -0 0
-5.8761923313 -42.5520660877 0 -0 0
-2.6341283321 -42.5520660877 0 -0 0
0.607935667 -42.5520660877 0 -0 0
3.8499996662 -42.5520660877 0 -0 0
7.0920636654 -42.5520660877 0 -0 0
10.3341276646 -42.5520660877 0 -0 0
13.5761916637 -42.5520660877 0 -0 0
16.8182556629 -42.5520660877 0 -0 0
20.0603196621 -42.5520660877 0 -0 0
23.3023836613 -42.5520660877 0 -0 0
26.5444476604 -42.5520660877 0 -0 0
29.7865116596 -42.5520660877 0 -0 0
33.0285756588 -42.5520660877 0 -0 0
36.270639658 -42.5520660877 0 -0 0
39.5127036572 -42.5520660877 0 -0 0
42.7547676563 -42.5520660877 0 -0 0
