TITLE = "B00070"
VARIABLES = "x", "y", "Vx", "Vy", "isValid"
ZONE T="Frame 0", I=25, J=25, F=POINT
-35.0547683239 35.2574698925 0 -0 0
-31.8127043247 35.2574698925 0 -0 0
-28.5706403255 35.2574698925 0 -0 0
-25.3285763264 35.2574698925 0 -0 0
-22.0865123272 35.2574698925 0 -0 0
-18.844448328 35.2574698925 0 -0 0
-15.6023843288 35.2574698925 0 -0 0
-12.3603203297 35.2574698925 0 -0 0
-9.1182563305 35.2574698925 0 -0 0
-5.8761923313 35.2574698925 0 -0 0
-2.6341283321 35.2574698925 0 -0 0
0.607935667 35.2574698925 0 -0 0
3.8499996662 35.2574698925 0 -0 0
7.0920636654 35.2574698925 0 -0 0
10.3341276646 35.2574698925 0 -0 0
13.5761916637 35.2574698925 0 -0 0
16.8182556629 35.2574698925 0 -0 0
20.0603196621 35.2574698925 0 -0 0
23.3023836613 35.2574698925 0 -0 0
26.5444476604 35.2574698925 0 -0 0
29.7865116596 35.2574698925 0 -0 0
33.0285756588 35.2574698925 0 -0 0
36.270639658 35.2574698925 0 -0 0
39.5127036572 35.2574698925 0 -0 0
42.7547676563 35.2574698925 0 -0 0
-35.0547683239 32.0154058933 0 -0 0
-31.8127043247 32.0154058933 0 -0 0
-28.5706403255 32.0154058933 0 -0 0
-25.3285763264 32.0154058933 0 -0 0
-22.0865123272 32.0154058933 0 -0 0
-18.844448328 32.0154058933 0 -0 0
-15.6023843288 32.0154058933 0 -0 0
-12.3603203297 32.0154058933 0 -0 0
-9.1182563305 32.0154058933 0 -0 0
-5.8761923313 32.0154058933 0 -0 0
-2.6341283321 32.0154058933 0 -0 0
0.607935667 32.0154058933 0 -0 0
3.8499996662 32.0154058933 0 -0 0
7.0920636654 32.0154058933 0 -0 0
10.3341276646 32.0154058933 0 -0 0
13.5761916637 32.0154058933 0 -0 0
16.8182556629 32.0154058933 0 -0 0
20.0603196621 32.0154058933 0 -0 0
23.3023836613 32.0154058933 0 -0 0
26.5444476604 32.0154058933 0 -0 0
29.7865116596 32.0154058933 0 -0 0
33.0285756588 32.0154058933 0 -0 0
36.270639658 32.0154058933 0 -0 0
39.5127036572 32.0154058933 0 -0 0
42.7547676563 32.0154058933 0 -0 0
-35.0547683239 28.7733418941 0 -0 0
-31.8127043247 28.7733418941 0 -0 0
-28.5706403255 28.7733418941 0 -0 0
-25.3285763264 28.7733418941 0 -0 0
-22.0865123272 28.7733418941 0 -0 0
-18.844448328 28.7733418941 0 -0 0
-15.6023843288 28.7733418941 0 -0 0
-12.3603203297 28.7733418941 0 -0 0
-9.1182563305 28.7733418941 0 -0 0
-5.8761923313 28.7733418941 0 -0 0
-2.6341283321 28.7733418941 0 -0 0
0.607935667 28.7733418941 0 -0 0
3.8499996662 28.7733418941 0 -0 0
7.0920636654 28.7733418941 0 -0 0
10.3341276646 28.7733418941 0 -0 0
13.5761916637 28.7733418941 0 -0 0
16.8182556629 28.7733418941 0 -0 0
20.0603196621 28.7733418941 0 -0 0
23.3023836613 28.7733418941 0 -0 0
26.5444476604 28.7733418941 0 -0 0
29.7865116596 28.7733418941 0 -0 0
33.0285756588 28.7733418941 0 -0 0
36.270639658 28.7733418941 0 -0 0
39.5127036572 28.7733418941 0 -0 0
42.7547676563 28.7733418941 0 -0 0
-35.0547683239 25.531277895 0 -0 0
-31.8127043247 25.531277895 0 -0 0
-28.5706403255 25.531277895 0 -0 0
-25.3285763264 25.531277895 0 -0 0
-22.0865123272 25.531277895 0 -0 0
-18.844448328 25.531277895 0 -0 0
-15.6023843288 25.531277895 0 -0 0
-12.3603203297 25.531277895 0 -0 0
-9.1182563305 25.531277895 2.4464960532 -3.0252661599 1
-5.8761923313 25.531277895 2.7108561834 -1.7736046802 1
-2.6341283321 25.531277895 3.0062438939 -0.1185089153 1
0.607935667 25.531277895 2.416781915 -0.13560011 1
3.8499996662 25.531277895 0.4748988344 -0.6975802362 1
7.0920636654 25.531277895 -1.0175171623 -0.2288689222 1
10.3341276646 25.531277895 -1.0444873387 0.0360201374 1
13.5761916637 25.531277895 -0.5213917813 0.2707695392 1
16.8182556629 25.531277895 -0.3264108751 -0.1647792847 1
20.0603196621 25.531277895 0 -0 0
23.3023836613 25.531277895 0 -0 0
26.5444476604 25.531277895 0 -0 0
29.7865116596 25.531277895 0 -0 0
33.0285756588 25.531277895 0 -0 0
36.270639658 25.531277895 0 -0 0
39.5127036572 25.531277895 0 -0 0
42.7547676563 25.531277895 0 -0 0
-35.0547683239 22.2892138958 0 -0 0
-31.8127043247 22.2892138958 0 -0 0
-28.5706403255 22.2892138958 0 -0 0
-25.3285763264 22.2892138958 0 -0 0
-22.0865123272 22.2892138958 0 -0 0
-18.844448328 22.2892138958 0 -0 0
-15.6023843288 22.2892138958 2.2368379213 0.5450287207 1
-12.3603203297 22.2892138958 2.1393007995 -1.3622368551 1
-9.1182563305 22.2892138958 2.0115098204 -2.404616723 1
-5.8761923313 22.2892138958 2.8540416106 -1.8618658809 1
-2.6341283321 22.2892138958 3.6592553383 0.8212422513 1
0.607935667 22.2892138958 3.40294993 2.2303999411 1
3.8499996662 22.2892138958 0.5671311218 3.0581909849 1
7.0920636654 22.2892138958 -1.9253545053 3.6031227449 1
10.3341276646 22.2892138958 -2.2145240484 2.8539449896 1
13.5761916637 22.2892138958 -0.8769840579 1.5017034294 1
16.8182556629 22.2892138958 0.3155006242 -0.3140226621 1
20.0603196621 22.2892138958 -0.0321982211 -0.3020035339 1
23.3023836613 22.2892138958 0 -0 0
26.5444476604 22.2892138958 0 -0 0
29.7865116596 22.2892138958 0 -0 0
33.0285756588 22.2892138958 0 -0 0
36.270639658 22.2892138958 0 -0 0
39.5127036572 22.2892138958 0 -0 0
42.7547676563 22.2892138958 0 -0 0
-35.0547683239 19.0471498966 0 -0 0
-31.8127043247 19.0471498966 0 -0 0
-28.5706403255 19.0471498966 0 -0 0
-25.3285763264 19.0471498966 0 -0 0
-22.0865123272 19.0471498966 0 -0 0
-18.844448328 19.0471498966 1.9457136139 2.3883929946 1
-15.6023843288 19.0471498966 2.3204155684 1.485551412 1
-12.3603203297 19.0471498966 2.3504074921 -0.4058104927 1
-9.1182563305 19.0471498966 2.1774558418 -1.3685682503 1
-5.8761923313 19.0471498966 2.9032730467 -0.7127283007 1
-2.6341283321 19.0471498966 3.8514753362 2.1572985806 1
0.607935667 19.0471498966 3.9531659547 4.3326954885 1
3.8499996662 19.0471498966 0.9019981112 6.23658699 1
7.0920636654 19.0471498966 -2.4294027356 7.5986041832 1
10.3341276646 19.0471498966 -3.3269713763 6.5206594716 1
13.5761916637 19.0471498966 -1.0730645945 3.5116612744 1
16.8182556629 19.0471498966 1.3083689682 -0.3632671571 1
20.0603196621 19.0471498966 1.2897979526 -1.2296170134 1
23.3023836613 19.0471498966 -0.8646353614 -0.3189594685 1
26.5444476604 19.0471498966 0 -0 0
29.7865116596 19.0471498966 0 -0 0
33.0285756588 19.0471498966 0 -0 0
36.270639658 19.0471498966 0 -0 0
39.5127036572 19.0471498966 0 -0 0
42.7547676563 19.0471498966 0 -0 0
-35.0547683239 15.8050858974 0 -0 0
-31.8127043247 15.8050858974 0 -0 0
-28.5706403255 15.8050858974 0 -0 0
-25.3285763264 15.8050858974 0 -0 0
-22.0865123272 15.8050858974 1.0070481223 4.1006993285 1
-18.844448328 15.8050858974 1.8905544774 3.8385839767 1
-15.6023843288 15.8050858974 2.6998773165 2.7280133615 1
-12.3603203297 15.8050858974 2.8041054449 1.2169118759 1
-9.1182563305 15.8050858974 2.330692574 0.3003862072 1
-5.8761923313 15.8050858974 2.6714749597 0.6723342169 1
-2.6341283321 15.8050858974 3.2077238102 2.5633131475 1
0.607935667 15.8050858974 3.3647030977 4.3888323091 1
3.8499996662 15.8050858974 1.0709282129 6.9992192242 1
7.0920636654 15.8050858974 -1.98991668 9.0749608961 1
10.3341276646 15.8050858974 -2.6872157339 8.3272409106 1
13.5761916637 15.8050858974 -0.089690088 4.4160601164 1
16.8182556629 15.8050858974 2.7978229641 -0.7521474933 1
20.0603196621 15.8050858974 2.8557656922 -2.3186214365 1
23.3023836613 15.8050858974 0.5071036817 -1.0353909967 1
26.5444476604 15.8050858974 -1.6095915324 1.0003986326 1
29.7865116596 15.8050858974 0 -0 0
33.0285756588 15.8050858974 0 -0 0
36.270639658 15.8050858974 0 -0 0
39.5127036572 15.8050858974 0 -0 0
42.7547676563 15.8050858974 0 -0 0
-35.0547683239 12.5630218983 0 -0 0
-31.8127043247 12.5630218983 0 -0 0
-28.5706403255 12.5630218983 0 -0 0
-25.3285763264 12.5630218983 0 -0 0
-22.0865123272 12.5630218983 0.726687549 5.4841730339 1
-18.844448328 12.5630218983 1.8692906034 5.1279681196 1
-15.6023843288 12.5630218983 2.4619705157 3.7514662256 1
-12.3603203297 12.5630218983 2.6138716131 2.3456430183 1
-9.1182563305 12.5630218983 2.3319207179 1.3110959459 1
-5.8761923313 12.5630218983 2.4333771814 0.9578215173 1
-2.6341283321 12.5630218983 2.4248100661 1.4693482156 1
0.607935667 12.5630218983 2.0635847832 2.3274912474 1
3.8499996662 12.5630218983 0.6493405999 4.6505228303 1
7.0920636654 12.5630218983 -1.1659925911 7.4597108435 1
10.3341276646 12.5630218983 -0.9559599017 7.7429692929 1
13.5761916637 12.5630218983 1.5993507596 4.3720588977 1
16.8182556629 12.5630218983 4.0348708144 -0.8782765907 1
20.0603196621 12.5630218983 4.1423218582 -2.9074685131 1
23.3023836613 12.5630218983 2.2622183043 -1.6412693421 1
26.5444476604 12.5630218983 0.2884309584 0.4966240739 1
29.7865116596 12.5630218983 -0.629425231 0.9396164539 1
33.0285756588 12.5630218983 0 -0 0
36.270639658 12.5630218983 0 -0 0
39.5127036572 12.5630218983 0 -0 0
42.7547676563 12.5630218983 0 -0 0
-35.0547683239 9.3209578991 0 -0 0
-31.8127043247 9.3209578991 0 -0 0
-28.5706403255 9.3209578991 0 -0 0
-25.3285763264 9.3209578991 -0.7912319092 7.2350711674 1
-22.0865123272 9.3209578991 0.9800035176 6.6913737411 1
-18.844448328 9.3209578991 2.1800045235 6.0136478441 1
-15.6023843288 9.3209578991 2.2354200077 4.8809232335 1
-12.3603203297 9.3209578991 1.7022264955 3.8431058411 1
-9.1182563305 9.3209578991 1.895009009 2.511975071 1
-5.8761923313 9.3209578991 2.4055394539 1.3620431602 1
-2.6341283321 9.3209578991 2.1699817519 0.9293290313 1
0.607935667 9.3209578991 1.2183976507 0.7165759314 1
3.8499996662 9.3209578991 -0.0517545188 2.2877004412 1
7.0920636654 9.3209578991 -0.9799798907 5.0768018473 1
10.3341276646 9.3209578991 -0.2442987728 6.5277321313 1
13.5761916637 9.3209578991 1.8890420563 4.4053457496 1
16.8182556629 9.3209578991 3.6816049911 0.1540525761 1
20.0603196621 9.3209578991 3.8807515094 -2.0703568609 1
23.3023836613 9.3209578991 2.9124348342 -1.7557673806 1
26.5444476604 9.3209578991 1.4261029055 -0.5738301676 1
29.7865116596 9.3209578991 0.1546523342 -0.7803028626 1
33.0285756588 9.3209578991 0 -0 0
36.270639658 9.3209578991 0 -0 0
39.5127036572 9.3209578991 0 -0 0
42.7547676563 9.3209578991 0 -0 0
-35.0547683239 6.0788938999 0 -0 0
-31.8127043247 6.0788938999 0 -0 0
-28.5706403255 6.0788938999 0 -0 0
-25.3285763264 6.0788938999 -1.3813503072 7.5264469914 1
-22.0865123272 6.0788938999 0.6571690173 7.12190197 1
-18.844448328 6.0788938999 1.7138294739 6.1835722366 1
-15.6023843288 6.0788938999 1.3635288595 5.1498473488 1
-12.3603203297 6.0788938999 0.731945092 4.1375768596 1
-9.1182563305 6.0788938999 1.7926358535 2.8007517892 1
-5.8761923313 6.0788938999 2.9548043653 1.4024736278 1
-2.6341283321 6.0788938999 2.5677876072 0.3557715162 1
0.607935667 6.0788938999 1.1160158899 0.0302380903 1
3.8499996662 6.0788938999 -0.5171350964 1.4047152358 1
7.0920636654 6.0788938999 -1.1433896855 3.8888012493 1
10.3341276646 6.0788938999 -0.5712321563 5.4468519519 1
13.5761916637 6.0788938999 0.8762347165 4.0181402785 1
16.8182556629 6.0788938999 2.0564520374 0.7688479106 1
20.0603196621 6.0788938999 2.5217144712 -1.5336055811 1
23.3023836613 6.0788938999 2.3877161945 -2.0370805769 1
26.5444476604 6.0788938999 1.5155116319 -1.873337968 1
29.7865116596 6.0788938999 0.3550822987 -2.4313330427 1
33.0285756588 6.0788938999 -0.4260865676 -3.1399230192 1
36.270639658 6.0788938999 0 -0 0
39.5127036572 6.0788938999 0 -0 0
42.7547676563 6.0788938999 0 -0 0
-35.0547683239 2.8368299007 0 -0 0
-31.8127043247 2.8368299007 0 -0 0
-28.5706403255 2.8368299007 -2.8547363762 3.9455156825 1
-25.3285763264 2.8368299007 -2.1974258997 4.3780170941 1
-22.0865123272 2.8368299007 -0.2801924112 5.0418636816 1
-18.844448328 2.8368299007 0.7615906142 4.9034981342 1
-15.6023843288 2.8368299007 0.6358071635 3.9999175516 1
-12.3603203297 2.8368299007 0.2166415304 2.6452628811 1
-9.1182563305 2.8368299007 1.7537576631 1.3847491031 1
-5.8761923313 2.8368299007 3.1739967287 0.180217552 1
-2.6341283321 2.8368299007 2.4179241568 -0.9457094669 1
0.607935667 2.8368299007 0.5767545768 -0.9334601089 1
3.8499996662 2.8368299007 -1.321788573 1.1124752574 1
7.0920636654 2.8368299007 -1.7269228317 3.5498244691 1
10.3341276646 2.8368299007 -1.1221201501 4.5508099235 1
13.5761916637 2.8368299007 -0.1985154244 2.9426237743 1
16.8182556629 2.8368299007 0.6368099087 0.2781590668 1
20.0603196621 2.8368299007 1.0975913155 -1.3355581271 1
23.3023836613 2.8368299007 1.4455601171 -1.9682305419 1
26.5444476604 2.8368299007 1.04790878 -2.3527007319 1
29.7865116596 2.8368299007 0.2146189426 -3.2767284388 1
33.0285756588 2.8368299007 -0.3241914975 -3.8534929042 1
36.270639658 2.8368299007 0 -0 0
39.5127036572 2.8368299007 0 -0 0
42.7547676563 2.8368299007 0 -0 0
-35.0547683239 -0.4052340984 0 -0 0
-31.8127043247 -0.4052340984 0 -0 0
-28.5706403255 -0.4052340984 -2.6811418942 0.770208531 1
-25.3285763264 -0.4052340984 -2.6762093904 1.1982188762 1
-22.0865123272 -0.4052340984 -1.2876985587 2.9242485673 1
-18.844448328 -0.4052340984 -0.2933908444 3.9618959671 1
-15.6023843288 -0.4052340984 0.0490770453 3.3074581547 1
-12.3603203297 -0.4052340984 0.5147238732 1.3283459708 1
-9.1182563305 -0.4052340984 1.9271602619 -0.1232111421 1
-5.8761923313 -0.4052340984 2.2737205854 -1.1895466101 1
-2.6341283321 -0.4052340984 0.3110059345 -2.0553784871 1
0.607935667 -0.4052340984 -1.7077832617 -1.6341364453 1
3.8499996662 -0.4052340984 -2.5773681865 0.4393658832 1
7.0920636654 -0.4052340984 -2.0543606449 2.4772988388 1
10.3341276646 -0.4052340984 -0.6290695071 2.8660546245 1
13.5761916637 -0.4052340984 0.3810755081 1.2956429213 1
16.8182556629 -0.4052340984 1.069481011 -0.7331647061 1
20.0603196621 -0.4052340984 1.2013086357 -1.4867507206 1
23.3023836613 -0.4052340984 1.4468377793 -1.6298014822 1
26.5444476604 -0.4052340984 1.0424700726 -2.0116864557 1
29.7865116596 -0.4052340984 0.2259880113 -2.8832426006 1
33.0285756588 -0.4052340984 -0.2331644442 -3.7326837006 1
36.270639658 -0.4052340984 0 -0 0
39.5127036572 -0.4052340984 0 -0 0
42.7547676563 -0.4052340984 0 -0 0
-35.0547683239 -3.6472980976 0 -0 0
-31.8127043247 -3.6472980976 0 -0 0
-28.5706403255 -3.6472980976 -2.4672653483 -0.0712984724 1
-25.3285763264 -3.6472980976 -2.8012240245 0.1157369673 1
-22.0865123272 -3.6472980976 -2.0073363956 1.9188206589 1
-18.844448328 -3.6472980976 -1.131563271 3.5260022513 1
-15.6023843288 -3.6472980976 -0.3858120901 3.2741667737 1
-12.3603203297 -3.6472980976 0.9547876169 1.119217292 1
-9.1182563305 -3.6472980976 1.706258763 -0.6313046611 1
-5.8761923313 -3.6472980976 0.215982356 -0.9914198211 1
-2.6341283321 -3.6472980976 -2.8901283589 -0.8704846327 1
0.607935667 -3.6472980976 -4.2625806238 -0.2720655066 1
3.8499996662 -3.6472980976 -3.3999459217 0.8137745777 1
7.0920636654 -3.6472980976 -1.8050934751 1.9389844118 1
10.3341276646 -3.6472980976 0.1330686389 2.2591757985 1
13.5761916637 -3.6472980976 1.6110397911 0.7987381558 1
16.8182556629 -3.6472980976 2.2556331279 -0.8452085703 1
20.0603196621 -3.6472980976 2.1104245468 -1.0915450279 1
23.3023836613 -3.6472980976 1.8898966995 -0.82541628 1
26.5444476604 -3.6472980976 1.2048642898 -1.2102063761 1
29.7865116596 -3.6472980976 0.4375988128 -2.6181637005 1
33.0285756588 -3.6472980976 -0.0713277937 -3.6475711378 1
36.270639658 -3.6472980976 0 -0 0
39.5127036572 -3.6472980976 0 -0 0
42.7547676563 -3.6472980976 0 -0 0
-35.0547683239 -6.8893620968 0 -0 0
-31.8127043247 -6.8893620968 0 -0 0
-28.5706403255 -6.8893620968 -2.9322321821 0.6417916288 1
-25.3285763264 -6.8893620968 -3.8495495582 0.5362402828 1
-22.0865123272 -6.8893620968 -3.2870925544 1.2879369409 1
-18.844448328 -6.8893620968 -2.44439832 2.2978027742 1
-15.6023843288 -6.8893620968 -1.1309319884 2.1182271482 1
-12.3603203297 -6.8893620968 0.1769560637 0.5206907504 1
-9.1182563305 -6.8893620968 -0.1038955218 -0.6293378946 1
-5.8761923313 -6.8893620968 -2.7256298413 -0.004277091 1
-2.6341283321 -6.8893620968 -5.2191270454 1.462249891 1
0.607935667 -6.8893620968 -4.8550266829 2.6480691182 1
3.8499996662 -6.8893620968 -2.7430820156 3.1958222124 1
7.0920636654 -6.8893620968 -1.0660391886 3.2093899191 1
10.3341276646 -6.8893620968 0.6383085915 2.9664933968 1
13.5761916637 -6.8893620968 2.1450298229 1.3617382 1
16.8182556629 -6.8893620968 2.4071519683 -0.1156747015 1
20.0603196621 -6.8893620968 1.6473392566 -0.1037108662 1
23.3023836613 -6.8893620968 1.0396036738 0.3233691241 1
26.5444476604 -6.8893620968 0.483603295 -0.234404779 1
29.7865116596 -6.8893620968 0.2628242331 -2.0628483498 1
33.0285756588 -6.8893620968 0.0441465088 -3.4092037264 1
36.270639658 -6.8893620968 0 -0 0
39.5127036572 -6.8893620968 0 -0 0
42.7547676563 -6.8893620968 0 -0 0
-35.0547683239 -10.131426096 0 -0 0
-31.8127043247 -10.131426096 0 -0 0
-28.5706403255 -10.131426096 -2.9773366923 1.1174587891 1
-25.3285763264 -10.131426096 -3.3626163853 0.9874916477 1
-22.0865123272 -10.131426096 -4.537343065 0.6350256654 1
-18.844448328 -10.131426096 -4.7875272288 0.6475112165 1
-15.6023843288 -10.131426096 -3.9921042313 -0.0451520847 1
-12.3603203297 -10.131426096 -2.1525641499 -0.7105596869 1
-9.1182563305 -10.131426096 -2.3898977163 -0.7399388973 1
-5.8761923313 -10.131426096 -4.219685414 0.5019505725 1
-2.6341283321 -10.131426096 -4.7448636075 2.5999044388 1
0.607935667 -10.131426096 -2.9898198279 4.3506153689 1
3.8499996662 -10.131426096 -1.2485670401 5.1239529118 1
7.0920636654 -10.131426096 -0.3447717776 4.5536055927 1
10.3341276646 -10.131426096 0.6327754521 3.1290613053 1
13.5761916637 -10.131426096 1.4812176567 1.0384549403 1
16.8182556629 -10.131426096 0.9487777886 -0.1248064648 1
20.0603196621 -10.131426096 -0.3741295126 0.5283152068 1
23.3023836613 -10.131426096 -1.0975269267 1.4255467307 1
26.5444476604 -10.131426096 -1.0202751644 0.8124583426 1
29.7865116596 -10.131426096 -0.4641738997 -1.4464576359 1
33.0285756588 -10.131426096 -0.0494764091 -2.9597299244 1
36.270639658 -10.131426096 0 -0 0
39.5127036572 -10.131426096 0 -0 0
42.7547676563 -10.131426096 0 -0 0
-35.0547683239 -13.3734900951 0 -0 0
-31.8127043247 -13.3734900951 0 -0 0
-28.5706403255 -13.3734900951 0 -0 0
-25.3285763264 -13.3734900951 -0.7668372873 0.6943498478 1
-22.0865123272 -13.3734900951 -3.0744018807 0.6024364475 1
-18.844448328 -13.3734900951 -4.9763827012 -0.2551138746 1
-15.6023843288 -13.3734900951 -5.4655644267 -2.1176087735 1
-12.3603203297 -13.3734900951 -4.1580366654 -2.4043371259 1
-9.1182563305 -13.3734900951 -3.5873372835 -1.2929675754 1
-5.8761923313 -13.3734900951 -3.392038094 0.5506217953 1
-2.6341283321 -13.3734900951 -1.7363444393 2.7230105055 1
0.607935667 -13.3734900951 0.0232727871 4.6078549818 1
3.8499996662 -13.3734900951 0.2087014327 5.5220919586 1
7.0920636654 -13.3734900951 -0.1183607662 4.713077401 1
10.3341276646 -13.3734900951 -0.0291280217 2.5118355743 1
13.5761916637 -13.3734900951 0.0160390916 0.4773143603 1
16.8182556629 -13.3734900951 -0.9203239509 -0.2397532816 1
20.0603196621 -13.3734900951 -2.2646810838 0.7482268684 1
23.3023836613 -13.3734900951 -2.8467563847 1.7960346493 1
26.5444476604 -13.3734900951 -2.2698685765 1.2531382718 1
29.7865116596 -13.3734900951 -1.2745473793 -0.7035836482 1
33.0285756588 -13.3734900951 -0.3557185633 -2.1648700463 1
36.270639658 -13.3734900951 0 -0 0
39.5127036572 -13.3734900951 0 -0 0
42.7547676563 -13.3734900951 0 -0 0
-35.0547683239 -16.6155540943 0 -0 0
-31.8127043247 -16.6155540943 0 -0 0
-28.5706403255 -16.6155540943 0 -0 0
-25.3285763264 -16.6155540943 2.3921145651 0.1101050367 1
-22.0865123272 -16.6155540943 -0.5182065331 1.1961705103 1
-18.844448328 -16.6155540943 -2.8830321479 0.9209380229 1
-15.6023843288 -16.6155540943 -4.3287533504 -1.8445276893 1
-12.3603203297 -16.6155540943 -3.0884720168 -2.4130758945 1
-9.1182563305 -16.6155540943 -2.0272659935 -0.622252327 1
-5.8761923313 -16.6155540943 -0.7381138166 1.6465383589 1
-2.6341283321 -16.6155540943 0.9810384194 3.1642745391 1
0.607935667 -16.6155540943 1.7133056067 4.2991613472 1
3.8499996662 -16.6155540943 0.8724729124 5.0114624772 1
7.0920636654 -16.6155540943 -0.2949561051 4.5190967867 1
10.3341276646 -16.6155540943 -0.897261567 2.5451782853 1
13.5761916637 -16.6155540943 -1.1359907034 0.3884444848 1
16.8182556629 -16.6155540943 -1.5708540464 -0.8373307857 1
20.0603196621 -16.6155540943 -2.4578479679 -0.3295185245 1
23.3023836613 -16.6155540943 -3.0983358166 0.6213591486 1
26.5444476604 -16.6155540943 -2.6915183893 0.3650922378 1
29.7865116596 -16.6155540943 -1.8056244379 -0.9080981443 1
33.0285756588 -16.6155540943 0 -0 0
36.270639658 -16.6155540943 0 -0 0
39.5127036572 -16.6155540943 0 -0 0
42.7547676563 -16.6155540943 0 -0 0
-35.0547683239 -19.8576180935 0 -0 0
-31.8127043247 -19.8576180935 0 -0 0
-28.5706403255 -19.8576180935 0 -0 0
-25.3285763264 -19.8576180935 0 -0 0
-22.0865123272 -19.8576180935 0.8148502415 1.0964297496 1
-18.844448328 -19.8576180935 -0.9548304924 1.2168710384 1
-15.6023843288 -19.8576180935 -1.8161275971 -0.7746924264 1
-12.3603203297 -19.8576180935 -1.1201426648 -0.8709806459 1
-9.1182563305 -19.8576180935 -0.3505561317 1.0589665289 1
-5.8761923313 -19.8576180935 0.2894937897 3.4502770259 1
-2.6341283321 -19.8576180935 0.6774272776 4.5323208848 1
0.607935667 -19.8576180935 0.5111682191 4.9272047087 1
3.8499996662 -19.8576180935 -0.2454109904 4.9348483383 1
7.0920636654 -19.8576180935 -1.3681023558 4.2670725961 1
10.3341276646 -19.8576180935 -1.9764454434 3.0494048116 1
13.5761916637 -19.8576180935 -1.8114490255 0.9575037247 1
16.8182556629 -19.8576180935 -1.3622364022 -1.2647736333 1
20.0603196621 -19.8576180935 -1.9215733016 -1.8406457883 1
23.3023836613 -19.8576180935 -2.7271588692 -1.3483143681 1
26.5444476604 -19.8576180935 -2.9101198547 -1.0304670983 1
29.7865116596 -19.8576180935 -2.1319991178 -1.6935858576 1
33.0285756588 -19.8576180935 0 -0 0
36.270639658 -19.8576180935 0 -0 0
39.5127036572 -19.8576180935 0 -0 0
42.7547676563 -19.8576180935 0 -0 0
-35.0547683239 -23.0996820927 0 -0 0
-31.8127043247 -23.0996820927 0 -0 0
-28.5706403255 -23.0996820927 0 -0 0
-25.3285763264 -23.0996820927 0 -0 0
-22.0865123272 -23.0996820927 -1.1027659003 -0.462264351 1
-18.844448328 -23.0996820927 -1.8013746221 -0.2538120572 1
-15.6023843288 -23.0996820927 -1.7244728846 -1.0018935412 1
-12.3603203297 -23.0996820927 -1.0904263375 0.0566435432 1
-9.1182563305 -23.0996820927 -1.1847907416 2.1566415576 1
-5.8761923313 -23.0996820927 -1.8946804975 4.0816568325 1
-2.6341283321 -23.0996820927 -2.7342291133 4.9386917418 1
0.607935667 -23.0996820927 -3.2149426091 5.1072912184 1
3.8499996662 -23.0996820927 -3.1918522957 4.8313415462 1
7.0920636654 -23.0996820927 -3.5119749908 3.8143556487 1
10.3341276646 -23.0996820927 -3.2338887861 3.2147170594 1
13.5761916637 -23.0996820927 -2.5691575123 1.4865768027 1
16.8182556629 -23.0996820927 -1.6208329367 -0.8932936884 1
20.0603196621 -23.0996820927 -1.9583859154 -2.0887535057 1
23.3023836613 -23.0996820927 -2.7025205056 -2.1176345895 1
26.5444476604 -23.0996820927 -3.1738448525 -1.7603799782 1
29.7865116596 -23.0996820927 0 -0 0
33.0285756588 -23.0996820927 0 -0 0
36.270639658 -23.0996820927 0 -0 0
39.5127036572 -23.0996820927 0 -0 0
42.7547676563 -23.0996820927 0 -0 0
-35.0547683239 -26.3417460918 0 -0 0
-31.8127043247 -26.3417460918 0 -0 0
-28.5706403255 -26.3417460918 0 -0 0
-25.3285763264 -26.3417460918 0 -0 0
-22.0865123272 -26.3417460918 0 -0 0
-18.844448328 -26.3417460918 -4.5302015629 -2.2767608266 1
-15.6023843288 -26.3417460918 -3.8983667316 -2.1686726879 1
-12.3603203297 -26.3417460918 -2.7054103804 -0.3454330656 1
-9.1182563305 -26.3417460918 -2.5997930226 1.9251140095 1
-5.8761923313 -26.3417460918 -4.1579273629 3.6076705761 1
-2.6341283321 -26.3417460918 -5.8082961418 4.2466746881 1
0.607935667 -26.3417460918 -6.3556392005 4.0801839656 1
3.8499996662 -26.3417460918 -5.7246030025 3.6814331868 1
7.0920636654 -26.3417460918 -5.0725740732 2.9037153898 1
10.3341276646 -26.3417460918 -4.0446059874 2.6632751553 1
13.5761916637 -26.3417460918 -3.0012790825 1.6005681846 1
16.8182556629 -26.3417460918 -2.0512967013 -0.1817999856 1
20.0603196621 -26.3417460918 -2.1447271273 -1.3871211495 1
23.3023836613 -26.3417460918 -2.7041458526 -1.8172564026 1
26.5444476604 -26.3417460918 0 -0 0
29.7865116596 -26.3417460918 0 -0 0
33.0285756588 -26.3417460918 0 -0 0
36.270639658 -26.3417460918 0 -0 0
39.5127036572 -26.3417460918 0 -0 0
42.7547676563 -26.3417460918 0 -0 0
-35.0547683239 -29.583810091 0 -0 0
-31.8127043247 -29.583810091 0 -0 0
-28.5706403255 -29.583810091 0 -0 0
-25.3285763264 -29.583810091 0 -0 0
-22.0865123272 -29.583810091 0 -0 0
-18.844448328 -29.583810091 0 -0 0
-15.6023843288 -29.583810091 -5.1929427453 -3.2285731195 1
-12.3603203297 -29.583810091 -3.7750976169 -1.2695273127 1
-9.1182563305 -29.583810091 -3.4006095874 0.9801495059 1
-5.8761923313 -29.583810091 -4.4649911214 2.6653126514 1
-2.6341283321 -29.583810091 -5.7834923147 3.0406059567 1
0.607935667 -29.583810091 -6.4012551982 2.7577037974 1
3.8499996662 -29.583810091 -5.931043503 2.4598727824 1
7.0920636654 -29.583810091 -4.9140428103 2.0173913238 1
10.3341276646 -29.583810091 -3.6770873539 1.9506755569 1
13.5761916637 -29.583810091 -2.6873014851 1.4577022107 1
16.8182556629 -29.583810091 -2.170042593 0.626175141 1
20.0603196621 -29.583810091 -1.9752781405 -0.2456058365 1
23.3023836613 -29.583810091 0 -0 0
26.5444476604 -29.583810091 0 -0 0
29.7865116596 -29.583810091 0 -0 0
33.0285756588 -29.583810091 0 -0 0
36.270639658 -29.583810091 0 -0 0
39.5127036572 -29.583810091 0 -0 0
42.7547676563 -29.583810091 0 -0 0
-35.0547683239 -32.8258740902 0 -0 0
-31.8127043247 -32.8258740902 0 -0 0
-28.5706403255 -32.8258740902 0 -0 0
-25.3285763264 -32.8258740902 0 -0 0
-22.0865123272 -32.8258740902 0 -0 0
-18.844448328 -32.8258740902 0 -0 0
-15.6023843288 -32.8258740902 0 -0 0
-12.3603203297 -32.8258740902 0 -0 0
-9.1182563305 -32.8258740902 -2.6294049539 0.8631337347 1
-5.8761923313 -32.8258740902 -3.1266343057 2.2804987019 1
-2.6341283321 -32.8258740902 -4.1649447674 2.3006268258 1
0.607935667 -32.8258740902 -4.6670278164 1.7536631557 1
3.8499996662 -32.8258740902 -4.2055871974 1.546795409 1
7.0920636654 -32.8258740902 -3.3608273865 1.6829913613 1
10.3341276646 -32.8258740902 -2.4251034015 1.6500162632 1
13.5761916637 -32.8258740902 -1.8897650534 1.3767292553 1
16.8182556629 -32.8258740902 0 -0 0
20.0603196621 -32.8258740902 0 -0 0
23.3023836613 -32.8258740902 0 -0 0
26.5444476604 -32.8258740902 0 -0 0
29.7865116596 -32.8258740902 0 -0 0
33.0285756588 -32.8258740902 0 -0 0
36.270639658 -32.8258740902 0 -0 0
39.5127036572 -32.8258740902 0 -0 0
42.7547676563 -32.8258740902 0 -0 0
-35.0547683239 -36.0679380894 0 -0 0
-31.8127043247 -36.0679380894 0 -0 0
-28.5706403255 -36.0679380894 0 -0 0
-25.3285763264 -36.0679380894 0 -0 0
-22.0865123272 -36.0679380894 0 -0 0
-18.844448328 -36.0679380894 0 -0 0
-15.6023843288 -36.0679380894 0 -0 0
-12.3603203297 -36.0679380894 0 -0 0
-9.1182563305 -36.0679380894 0 -0 0
-5.8761923313 -36.0679380894 0 -0 0
-2.6341283321 -36.0679380894 0 -0 0
0.607935667 -36.0679380894 0 -0 0
3.8499996662 -36.0679380894 0 -0 0
7.0920636654 -36.0679380894 0 -0 0
10.3341276646 -36.0679380894 0 -0 0
13.5761916637 -36.0679380894 0 -0 0
16.8182556629 -36.0679380894 0 -0 0
20.0603196621 -36.0679380894 0 -0 0
23.3023836613 -36.0679380894 0 -0 0
26.5444476604 -36.0679380894 0 -0 0
29.7865116596 -36.0679380894 0 -0 0
33.0285756588 -36.0679380894 0 -0 0
36.270639658 -36.0679380894 0 -0 0
39.5127036572 -36.0679380894 0 -0 0
42.7547676563 -36.0679380894 0 -0 0
-35.0547683239 -39.3100020885 0 -0 0
-31.8127043247 -39.3100020885 0 -0 0
-28.5706403255 -39.3100020885 0 -0 0
-25.3285763264 -39.3100020885 0 -0 0
-22.0865123272 -39.3100020885 0 -0 0
-18.844448328 -39.3100020885 0 -0 0
-15.6023843288 -39.3100020885 0 -0 0
-12.3603203297 -39.3100020885 0 -0 0
-9.1182563305 -39.3100020885 0 -0 0
-5.8761923313 -39.3100020885 0 -0 0
-2.6341283321 -39.3100020885 0 -0 0
0.607935667 -39.3100020885 0 -0 0
3.8499996662 -39.3100020885 0 -0 0
7.0920636654 -39.3100020885 0 -0 0
10.3341276646 -39.3100020885 0 -0 0
13.5761916637 -39.3100020885 0 -0 0
16.8182556629 -39.3100020885 0 -0 0
20.0603196621 -39.3100020885 0 -0 0
23.3023836613 -39.3100020885 0 -0 0
26.5444476604 -39.3100020885 0 -0 0
29.7865116596 -39.3100020885 0 -0 0
33.0285756588 -39.3100020885 0 -0 0
36.270639658 -39.3100020885 0 -0 0
39.5127036572 -39.3100020885 0 -0 0
42.7547676563 -39.3100020885 0 -0 0
-35.0547683239 -42.5520660877 0 -0 0
-31.8127043247 -42.5520660877 0 -0 0
-28.5706403255 -42.5520660877 0 -0 0
-25.3285763264 -42.5520660877 0 -0 0
-22.0865123272 -42.5520660877 0 -0 0
-18.844448328 -42.5520660877 0 -0 0
-15.6023843288 -42.5520660877 0 -0 0
-12.3603203297 -42.5520660877 0 -0 0
-9.1182563305 -42.5520660877 0 -0 0
-5.8761923313 -42.5520660877 0 -0 0
-2.6341283321 -42.5520660877 0 -0 0
0.607935667 -42.5520660877 0 -0 0
3.8499996662 -42.5520660877 0 -0 0
7.0920636654 -42.5520660877 0 -0 0
10.3341276646 -42.5520660877 0 -0 0
13.5761916637 -42.5520660877 0 -0 0
16.8182556629 -42.5520660877 0 -0 0
20.0603196621 -42.5520660877 0 -0 0
23.3023836613 -42.5520660877 0 -0 0
26.5444476604 -42.5520660877 0 -0 0
29.7865116596 -42.5520660877 0 -0 0
33.0285756588 -42.5520660877 0 -0 0
36.270639658 -42.5520660877 0 -0 0
39.5127036572 -42.5520660877 0 -0 0
42.7547676563 -42.5520660877 0 -0 0
