TITLE = "B00070"
VARIABLES = "x", "y", "Vx", "Vy", "isValid"
ZONE T="Frame 0", I=25, J=25, F=POINT
-35.0547683239 35.2574698925 0 -0 0
-31.8127043247 35.2574698925 0 -0 0
-28.5706403255 35.2574698925 0 -0 0
-25.3285763264 35.2574698925 0 -0 0
-22.0865123272 35.2574698925 0 -0 0
-18.844448328 35.2574698925 0 -0 0
-15.6023843288 35.2574698925 0 -0 0
-12.3603203297 35.2574698925 0 -0 0
-9.1182563305 35.2574698925 0 -0 0
-5.8761923313 35.2574698925 0 -0 0
-2.6341283321 35.2574698925 0 -0 0
0.607935667 35.2574698925 0 -0 0
3.8499996662 35.2574698925 0 -0 0
7.0920636654 35.2574698925 0 -0 0
10.3341276646 35.2574698925 0 -0 0
13.5761916637 35.2574698925 0 -0 0
16.8182556629 35.2574698925 0 -0 0
20.0603196621 35.2574698925 0 -0 0
23.3023836613 35.2574698925 0 -0 0
26.5444476604 35.2574698925 0 -0 0
29.7865116596 35.2574698925 0 -0 0
33.0285756588 35.2574698925 0 -0 0
36.270639658 35.2574698925 0 -0 0
39.5127036572 35.2574698925 0 -0 0
42.7547676563 35.2574698925 0 -0 0
-35.0547683239 32.0154058933 0 -0 0
-31.8127043247 32.0154058933 0 -0 0
-28.5706403255 32.0154058933 0 -0 0
-25.3285763264 32.0154058933 0 -0 0
-22.0865123272 32.0154058933 0 -0 0
-18.844448328 32.0154058933 0 -0 0
-15.6023843288 32.0154058933 0 -0 0
-12.3603203297 32.0154058933 0 -0 0
-9.1182563305 32.0154058933 0 -0 0
-5.8761923313 32.0154058933 0 -0 0
-2.6341283321 32.0154058933 0 -0 0
0.607935667 32.0154058933 0 -0 0
3.8499996662 32.0154058933 0 -0 0
7.0920636654 32.0154058933 0 -0 0
10.3341276646 32.0154058933 0 -0 0
13.5761916637 32.0154058933 0 -0 0
16.8182556629 32.0154058933 0 -0 0
20.0603196621 32.0154058933 0 -0 0
23.3023836613 32.0154058933 0 -0 0
26.5444476604 32.0154058933 0 -0 0
29.7865116596 32.0154058933 0 -0 0
33.0285756588 32.0154058933 0 -0 0
36.270639658 32.0154058933 0 -0 0
39.5127036572 32.0154058933 0 -0 0
42.7547676563 32.0154058933 0 -0 0
-35.0547683239 28.7733418941 0 -0 0
-31.8127043247 28.7733418941 0 -0 0
-28.5706403255 28.7733418941 0 -0 0
-25.3285763264 28.7733418941 0 -0 0
-22.0865123272 28.7733418941 0 -0 0
-18.844448328 28.7733418941 0 -0 0
-15.6023843288 28.7733418941 0 -0 0
-12.3603203297 28.7733418941 0 -0 0
-9.1182563305 28.7733418941 0 -0 0
-5.8761923313 28.7733418941 0 -0 0
-2.6341283321 28.7733418941 0 -0 0
0.607935667 28.7733418941 0 -0 0
3.8499996662 28.7733418941 0 -0 0
7.0920636654 28.7733418941 0 -0 0
10.3341276646 28.7733418941 0 -0 0
13.5761916637 28.7733418941 0 -0 0
16.8182556629 28.7733418941 0 -0 0
20.0603196621 28.7733418941 0 -0 0
23.3023836613 28.7733418941 0 -0 0
26.5444476604 28.7733418941 0 -0 0
29.7865116596 28.7733418941 0 -0 0
33.0285756588 28.7733418941 0 -0 0
36.270639658 28.7733418941 0 -0 0
39.5127036572 28.7733418941 0 -0 0
42.7547676563 28.7733418941 0 -0 0
-35.0547683239 25.531277895 0 -0 0
-31.8127043247 25.531277895 0 -0 0
-28.5706403255 25.531277895 0 -0 0
-25.3285763264 25.531277895 0 -0 0
-22.0865123272 25.531277895 0 -0 0
-18.844448328 25.531277895 0 -0 0
-15.6023843288 25.531277895 0 -0 0
-12.3603203297 25.531277895 0 -0 0
-9.1182563305 25.531277895 -1.0418620395 6.4544136754 1
-5.8761923313 25.531277895 -0.0733575761 6.1112187833 1
-2.6341283321 25.531277895 -0.0961171984 4.149719708 1
0.607935667 25.531277895 -0.9871084094 1.3426066315 1
3.8499996662 25.531277895 -2.7398741972 0.1031891126 1
7.0920636654 25.531277895 -4.3447691925 1.2314538698 1
10.3341276646 25.531277895 -5.9587181825 4.3725685736 1
13.5761916637 25.531277895 -6.5395211052 5.9298043382 1
16.8182556629 25.531277895 -6.2000135132 4.7402170416 1
20.0603196621 25.531277895 0 -0 0
23.3023836613 25.531277895 0 -0 0
26.5444476604 25.531277895 0 -0 0
29.7865116596 25.531277895 0 -0 0
33.0285756588 25.531277895 0 -0 0
36.270639658 25.531277895 0 -0 0
39.5127036572 25.531277895 0 -0 0
42.7547676563 25.531277895 0 -0 0
-35.0547683239 22.2892138958 0 -0 0
-31.8127043247 22.2892138958 0 -0 0
-28.5706403255 22.2892138958 0 -0 0
-25.3285763264 22.2892138958 0 -0 0
-22.0865123272 22.2892138958 0 -0 0
-18.844448328 22.2892138958 0 -0 0
-15.6023843288 22.2892138958 0.4359630489 0.6467585538 1
-12.3603203297 22.2892138958 0.1532892699 2.6158272832 1
-9.1182563305 22.2892138958 1.1120511816 4.1159557897 1
-5.8761923313 22.2892138958 1.9965405048 3.6126969835 1
-2.6341283321 22.2892138958 1.5952218711 2.3573171037 1
0.607935667 22.2892138958 0.3116393306 0.4542197819 1
3.8499996662 22.2892138958 -1.8771147936 -0.1674743133 1
7.0920636654 22.2892138958 -3.3545234679 1.2559445844 1
10.3341276646 22.2892138958 -4.2765091497 4.0680761423 1
13.5761916637 22.2892138958 -4.1762980408 4.9447103264 1
16.8182556629 22.2892138958 -4.0098058085 3.0881048569 1
20.0603196621 22.2892138958 -4.3398653731 -0.0968879964 1
23.3023836613 22.2892138958 0 -0 0
26.5444476604 22.2892138958 0 -0 0
29.7865116596 22.2892138958 0 -0 0
33.0285756588 22.2892138958 0 -0 0
36.270639658 22.2892138958 0 -0 0
39.5127036572 22.2892138958 0 -0 0
42.7547676563 22.2892138958 0 -0 0
-35.0547683239 19.0471498966 0 -0 0
-31.8127043247 19.0471498966 0 -0 0
-28.5706403255 19.0471498966 0 -0 0
-25.3285763264 19.0471498966 0 -0 0
-22.0865123272 19.0471498966 0 -0 0
-18.844448328 19.0471498966 2.0091176949 -1.089315573 1
-15.6023843288 19.0471498966 1.7607888059 0.085319996 1
-12.3603203297 19.0471498966 1.804859471 1.9010339344 1
-9.1182563305 19.0471498966 2.8486715947 2.7681195448 1
-5.8761923313 19.0471498966 3.2363837223 1.6585880585 1
-2.6341283321 19.0471498966 2.4024691695 0.8222879475 1
0.607935667 19.0471498966 0.8296654919 0.0224246686 1
3.8499996662 19.0471498966 -1.164949084 0.1589845514 1
7.0920636654 19.0471498966 -2.0469037657 1.3715076433 1
10.3341276646 19.0471498966 -1.7931790449 3.3723274031 1
13.5761916637 19.0471498966 -0.9049053476 3.6221809418 1
16.8182556629 19.0471498966 -1.9225825384 1.3947567776 1
20.0603196621 19.0471498966 -3.5496979559 -1.728536101 1
23.3023836613 19.0471498966 -4.6505593651 -3.1490371001 1
26.5444476604 19.0471498966 0 -0 0
29.7865116596 19.0471498966 0 -0 0
33.0285756588 19.0471498966 0 -0 0
36.270639658 19.0471498966 0 -0 0
39.5127036572 19.0471498966 0 -0 0
42.7547676563 19.0471498966 0 -0 0
-35.0547683239 15.8050858974 0 -0 0
-31.8127043247 15.8050858974 0 -0 0
-28.5706403255 15.8050858974 0 -0 0
-25.3285763264 15.8050858974 0 -0 0
-22.0865123272 15.8050858974 0.9383799311 1.7157763877 1
-18.844448328 15.8050858974 1.9865156196 -0.7744741232 1
-15.6023843288 15.8050858974 1.9749618576 -1.0961463027 1
-12.3603203297 15.8050858974 1.7565596731 0.3929620466 1
-9.1182563305 15.8050858974 1.9648681299 1.2952864802 1
-5.8761923313 15.8050858974 1.6247578643 0.5527882578 1
-2.6341283321 15.8050858974 1.3448746593 0.1232798525 1
0.607935667 15.8050858974 0.7857308511 0.3979949079 1
3.8499996662 15.8050858974 -0.2773796634 1.0346824173 1
7.0920636654 15.8050858974 -0.7513917357 2.0579572119 1
10.3341276646 15.8050858974 0.2156903604 2.6077781472 1
13.5761916637 15.8050858974 1.3875511131 1.9045057998 1
16.8182556629 15.8050858974 -0.1112752269 -0.5826441572 1
20.0603196621 15.8050858974 -2.6438156792 -3.3328136275 1
23.3023836613 15.8050858974 -3.7103745078 -4.6166798035 1
26.5444476604 15.8050858974 -1.8982518525 -4.6717719091 1
29.7865116596 15.8050858974 0 -0 0
33.0285756588 15.8050858974 0 -0 0
36.270639658 15.8050858974 0 -0 0
39.5127036572 15.8050858974 0 -0 0
42.7547676563 15.8050858974 0 -0 0
-35.0547683239 12.5630218983 0 -0 0
-31.8127043247 12.5630218983 0 -0 0
-28.5706403255 12.5630218983 0 -0 0
-25.3285763264 12.5630218983 0 -0 0
-22.0865123272 12.5630218983 -0.6555771857 3.0044869008 1
-18.844448328 12.5630218983 1.1272926213 -0.8360210423 1
-15.6023843288 12.5630218983 1.1162692181 -2.9756400873 1
-12.3603203297 12.5630218983 0.282884911 -2.0337654187 1
-9.1182563305 12.5630218983 -0.3675077636 0.0746429708 1
-5.8761923313 12.5630218983 -0.8642472166 0.9731691646 1
-2.6341283321 12.5630218983 0.0297098945 1.0896963203 1
0.607935667 12.5630218983 0.9160812308 1.4028579984 1
3.8499996662 12.5630218983 0.8035950234 2.205570449 1
7.0920636654 12.5630218983 0.4863280082 2.9390270563 1
10.3341276646 12.5630218983 1.0798559964 2.6738904856 1
13.5761916637 12.5630218983 1.7903856402 1.0409864114 1
16.8182556629 12.5630218983 0.4126297864 -1.7396188355 1
20.0603196621 12.5630218983 -1.4826562533 -4.2647687883 1
23.3023836613 12.5630218983 -1.7983579323 -4.8758023188 1
26.5444476604 12.5630218983 -0.1388215439 -4.0782098771 1
29.7865116596 12.5630218983 1.3080733682 -2.823759069 1
33.0285756588 12.5630218983 0 -0 0
36.270639658 12.5630218983 0 -0 0
39.5127036572 12.5630218983 0 -0 0
42.7547676563 12.5630218983 0 -0 0
-35.0547683239 9.3209578991 0 -0 0
-31.8127043247 9.3209578991 0 -0 0
-28.5706403255 9.3209578991 0 -0 0
-25.3285763264 9.3209578991 -3.5801903464 5.6791277091 1
-22.0865123272 9.3209578991 -1.5260454382 2.4827226001 1
-18.844448328 9.3209578991 0.44916971 -0.841562787 1
-15.6023843288 9.3209578991 0.6818975856 -3.3705109277 1
-12.3603203297 9.3209578991 -0.2473348246 -3.2710836569 1
-9.1182563305 9.3209578991 -1.3830763514 -1.3199893082 1
-5.8761923313 9.3209578991 -1.6570271759 0.6822625565 1
-2.6341283321 9.3209578991 -0.0295724785 1.6991796116 1
0.607935667 9.3209578991 1.5719275967 2.1521240713 1
3.8499996662 9.3209578991 1.4813529261 2.7501265947 1
7.0920636654 9.3209578991 1.0024475269 2.966156129 1
10.3341276646 9.3209578991 1.1685820348 1.9959714975 1
13.5761916637 9.3209578991 1.5009090233 0.1918979593 1
16.8182556629 9.3209578991 0.7985814485 -1.997573293 1
20.0603196621 9.3209578991 0.1698941229 -3.5706752882 1
23.3023836613 9.3209578991 0.373204102 -3.7737041604 1
26.5444476604 9.3209578991 1.356282282 -2.9106228879 1
29.7865116596 9.3209578991 1.5734126921 -2.1224627727 1
33.0285756588 9.3209578991 0 -0 0
36.270639658 9.3209578991 0 -0 0
39.5127036572 9.3209578991 0 -0 0
42.7547676563 9.3209578991 0 -0 0
-35.0547683239 6.0788938999 0 -0 0
-31.8127043247 6.0788938999 0 -0 0
-28.5706403255 6.0788938999 0 -0 0
-25.3285763264 6.0788938999 -2.8784511031 5.0904984827 1
-22.0865123272 6.0788938999 -1.4542345723 1.4243099814 1
-18.844448328 6.0788938999 -0.2981810963 -1.2331828579 1
-15.6023843288 6.0788938999 -0.0009189734 -2.5859544751 1
-12.3603203297 6.0788938999 -0.3796519708 -2.4306653008 1
-9.1182563305 6.0788938999 -1.3993023443 -1.2116298757 1
-5.8761923313 6.0788938999 -1.2223956479 0.4626859358 1
-2.6341283321 6.0788938999 0.5798356932 1.7441514188 1
0.607935667 6.0788938999 1.9816093847 2.4822330032 1
3.8499996662 6.0788938999 1.5763141916 2.9508148224 1
7.0920636654 6.0788938999 0.9589229971 3.1025657043 1
10.3341276646 6.0788938999 1.2575055425 2.1257937829 1
13.5761916637 6.0788938999 1.4974092283 0.5681402832 1
16.8182556629 6.0788938999 1.2850038887 -1.4936108139 1
20.0603196621 6.0788938999 1.5035263966 -2.6533959566 1
23.3023836613 6.0788938999 1.9364701514 -2.6625643869 1
26.5444476604 6.0788938999 2.2007093542 -2.4121161759 1
29.7865116596 6.0788938999 1.534380663 -2.3649608843 1
33.0285756588 6.0788938999 1.0645383167 -2.3684220309 1
36.270639658 6.0788938999 0 -0 0
39.5127036572 6.0788938999 0 -0 0
42.7547676563 6.0788938999 0 -0 0
-35.0547683239 2.8368299007 0 -0 0
-31.8127043247 2.8368299007 0 -0 0
-28.5706403255 2.8368299007 -3.5564855836 7.9985240765 1
-25.3285763264 2.8368299007 -2.0556994501 4.8825881347 1
-22.0865123272 2.8368299007 -0.8653186533 0.7893724072 1
-18.844448328 2.8368299007 -0.2975906324 -1.4823363471 1
-15.6023843288 2.8368299007 -0.46376594 -1.9150009577 1
-12.3603203297 2.8368299007 -0.6063549589 -1.3150251006 1
-9.1182563305 2.8368299007 -1.1067080385 -0.4680215682 1
-5.8761923313 2.8368299007 -0.5361221863 0.8095253658 1
-2.6341283321 2.8368299007 1.0727274777 2.1019884737 1
0.607935667 2.8368299007 1.7854772917 2.8141371237 1
3.8499996662 2.8368299007 0.8747531688 2.8612386699 1
7.0920636654 2.8368299007 0.1457646427 2.7053910561 1
10.3341276646 2.8368299007 0.895784322 2.2258136124 1
13.5761916637 2.8368299007 1.865314195 1.253157596 1
16.8182556629 2.8368299007 2.2381016942 -0.3105421535 1
20.0603196621 2.8368299007 2.61829897 -1.7111971546 1
23.3023836613 2.8368299007 2.7718276789 -2.3098675709 1
26.5444476604 2.8368299007 2.5513170423 -2.7084850428 1
29.7865116596 2.8368299007 1.586113678 -2.9399331804 1
33.0285756588 2.8368299007 0.970869584 -2.9892207775 1
36.270639658 2.8368299007 0 -0 0
39.5127036572 2.8368299007 0 -0 0
42.7547676563 2.8368299007 0 -0 0
-35.0547683239 -0.4052340984 0 -0 0
-31.8127043247 -0.4052340984 0 -0 0
-28.5706403255 -0.4052340984 -3.4199014865 7.0140771236 1
-25.3285763264 -0.4052340984 -1.7541763039 5.1293081325 1
-22.0865123272 -0.4052340984 -0.445753628 1.5727457051 1
-18.844448328 -0.4052340984 -0.4403728932 -0.932478877 1
-15.6023843288 -0.4052340984 -1.5197629574 -2.0627280264 1
-12.3603203297 -0.4052340984 -2.0838516489 -2.0170779094 1
-9.1182563305 -0.4052340984 -2.1614726092 -0.9798124646 1
-5.8761923313 -0.4052340984 -1.3123390359 0.802422663 1
-2.6341283321 -0.4052340984 0.155763844 2.5087672526 1
0.607935667 -0.4052340984 0.6035594029 3.1182569602 1
3.8499996662 -0.4052340984 -0.0979050177 2.5954169956 1
7.0920636654 -0.4052340984 -0.7025830921 2.1329586854 1
10.3341276646 -0.4052340984 0.3448683987 1.8165741675 1
13.5761916637 -0.4052340984 1.9313899986 1.1236253247 1
16.8182556629 -0.4052340984 2.8684423718 -0.0686009339 1
20.0603196621 -0.4052340984 3.1943300213 -1.3357664662 1
23.3023836613 -0.4052340984 2.9655163166 -2.164912318 1
26.5444476604 -0.4052340984 2.452039987 -2.9362766782 1
29.7865116596 -0.4052340984 1.6403138507 -3.1493302846 1
33.0285756588 -0.4052340984 1.1979398075 -3.0131006659 1
36.270639658 -0.4052340984 0 -0 0
39.5127036572 -0.4052340984 0 -0 0
42.7547676563 -0.4052340984 0 -0 0
-35.0547683239 -3.6472980976 0 -0 0
-31.8127043247 -3.6472980976 0 -0 0
-28.5706403255 -3.6472980976 -3.5022328732 4.2511243886 1
-25.3285763264 -3.6472980976 -1.9812915921 3.533360245 1
-22.0865123272 -3.6472980976 -1.1702482193 1.8704521694 1
-18.844448328 -3.6472980976 -1.9133476812 0.1798353705 1
-15.6023843288 -3.6472980976 -3.4669109407 -1.3095735607 1
-12.3603203297 -3.6472980976 -4.3138178522 -1.9629957955 1
-9.1182563305 -3.6472980976 -4.7668608955 -0.992059709 1
-5.8761923313 -3.6472980976 -4.1963031238 1.0874804528 1
-2.6341283321 -3.6472980976 -2.6942666538 2.8674139617 1
0.607935667 -3.6472980976 -1.6581694177 3.3989926948 1
3.8499996662 -3.6472980976 -1.5150843858 2.5798117929 1
7.0920636654 -3.6472980976 -1.4013034565 1.4273052335 1
10.3341276646 -3.6472980976 0.1505634811 0.9797158435 1
13.5761916637 -3.6472980976 2.0456004385 0.6280453241 1
16.8182556629 -3.6472980976 3.0565055517 0.4692518634 1
20.0603196621 -3.6472980976 3.1822952677 -0.0558598418 1
23.3023836613 -3.6472980976 2.6340675227 -0.9414839573 1
26.5444476604 -3.6472980976 2.1442011466 -1.7875470954 1
29.7865116596 -3.6472980976 1.8174695727 -2.1561090851 1
33.0285756588 -3.6472980976 1.8708422769 -1.9870643969 1
36.270639658 -3.6472980976 0 -0 0
39.5127036572 -3.6472980976 0 -0 0
42.7547676563 -3.6472980976 0 -0 0
-35.0547683239 -6.8893620968 0 -0 0
-31.8127043247 -6.8893620968 0 -0 0
-28.5706403255 -6.8893620968 -3.8913777095 0.4773433466 1
-25.3285763264 -6.8893620968 -2.8469215463 -0.3831818466 1
-22.0865123272 -6.8893620968 -2.716186947 0.0014171085 1
-18.844448328 -6.8893620968 -3.8076589052 0.207739525 1
-15.6023843288 -6.8893620968 -5.1443635012 0.1511389141 1
-12.3603203297 -6.8893620968 -5.8443315602 -0.3999745823 1
-9.1182563305 -6.8893620968 -6.6177183194 0.4549584044 1
-5.8761923313 -6.8893620968 -6.1336662649 2.3761409947 1
-2.6341283321 -6.8893620968 -4.4967344523 3.6466967175 1
0.607935667 -6.8893620968 -2.8979911975 4.2398296917 1
3.8499996662 -6.8893620968 -2.1113521087 3.5798823669 1
7.0920636654 -6.8893620968 -1.259064387 2.4654360404 1
10.3341276646 -6.8893620968 0.578659068 1.7288401553 1
13.5761916637 -6.8893620968 2.4459742997 1.3787607126 1
16.8182556629 -6.8893620968 3.3027022862 1.6401098897 1
20.0603196621 -6.8893620968 3.2834641326 1.4912103851 1
23.3023836613 -6.8893620968 2.5529381621 0.7514454057 1
26.5444476604 -6.8893620968 2.0590028327 -0.3321444653 1
29.7865116596 -6.8893620968 2.111483 -1.1116443165 1
33.0285756588 -6.8893620968 2.5698625439 -1.3213278114 1
36.270639658 -6.8893620968 0 -0 0
39.5127036572 -6.8893620968 0 -0 0
42.7547676563 -6.8893620968 0 -0 0
-35.0547683239 -10.131426096 0 -0 0
-31.8127043247 -10.131426096 0 -0 0
-28.5706403255 -10.131426096 -4.1542219462 -2.3793568144 1
-25.3285763264 -10.131426096 -3.5778500038 -3.9706377551 1
-22.0865123272 -10.131426096 -4.2043999665 -3.0092020072 1
-18.844448328 -10.131426096 -5.463026313 -1.5925786819 1
-15.6023843288 -10.131426096 -6.4040270141 0.9253632663 1
-12.3603203297 -10.131426096 -6.8012596349 2.2467353875 1
-9.1182563305 -10.131426096 -7.2573755291 3.7338425491 1
-5.8761923313 -10.131426096 -6.1212347612 4.8484199178 1
-2.6341283321 -10.131426096 -3.5446069333 4.6238726356 1
0.607935667 -10.131426096 -1.3244918483 4.734692734 1
3.8499996662 -10.131426096 -0.4703941429 4.8663225876 1
7.0920636654 -10.131426096 0.0559714891 4.5572856464 1
10.3341276646 -10.131426096 1.285094169 3.9023088698 1
13.5761916637 -10.131426096 2.854105924 3.2872214831 1
16.8182556629 -10.131426096 3.824196199 3.002799354 1
20.0603196621 -10.131426096 4.0743673794 2.3236478439 1
23.3023836613 -10.131426096 3.1254241273 1.5249290123 1
26.5444476604 -10.131426096 2.1377532023 0.6429227742 1
29.7865116596 -10.131426096 2.0601450744 -0.2384413869 1
33.0285756588 -10.131426096 2.7719711007 -1.0031045499 1
36.270639658 -10.131426096 0 -0 0
39.5127036572 -10.131426096 0 -0 0
42.7547676563 -10.131426096 0 -0 0
-35.0547683239 -13.3734900951 0 -0 0
-31.8127043247 -13.3734900951 0 -0 0
-28.5706403255 -13.3734900951 0 -0 0
-25.3285763264 -13.3734900951 -3.9093766984 -5.3572456053 1
-22.0865123272 -13.3734900951 -4.0143204263 -5.0787602349 1
-18.844448328 -13.3734900951 -4.3388019379 -3.3278325113 1
-15.6023843288 -13.3734900951 -4.9721120515 0.8420930704 1
-12.3603203297 -13.3734900951 -5.715226535 4.0624935601 1
-9.1182563305 -13.3734900951 -5.7859102561 6.0773965904 1
-5.8761923313 -13.3734900951 -3.8897393791 6.1620299732 1
-2.6341283321 -13.3734900951 -0.7421375543 4.3480926541 1
0.607935667 -13.3734900951 1.653226648 3.8847259552 1
3.8499996662 -13.3734900951 2.1345669727 4.8920304252 1
7.0920636654 -13.3734900951 1.5405730144 5.4242106243 1
10.3341276646 -13.3734900951 1.2821203547 4.9324953141 1
13.5761916637 -13.3734900951 2.5021669792 4.2972527798 1
16.8182556629 -13.3734900951 4.1695433247 3.7333552167 1
20.0603196621 -13.3734900951 5.0256162509 2.6260546196 1
23.3023836613 -13.3734900951 3.7112890862 1.5701262183 1
26.5444476604 -13.3734900951 1.9979726097 0.7974971039 1
29.7865116596 -13.3734900951 1.6518953913 -0.0757745078 1
33.0285756588 -13.3734900951 2.6205888885 -1.085841443 1
36.270639658 -13.3734900951 0 -0 0
39.5127036572 -13.3734900951 0 -0 0
42.7547676563 -13.3734900951 0 -0 0
-35.0547683239 -16.6155540943 0 -0 0
-31.8127043247 -16.6155540943 0 -0 0
-28.5706403255 -16.6155540943 0 -0 0
-25.3285763264 -16.6155540943 -3.2617989794 -1.9076834241 1
-22.0865123272 -16.6155540943 -2.6180779494 -2.1925202687 1
-18.844448328 -16.6155540943 -2.129516863 -1.7440547978 1
-15.6023843288 -16.6155540943 -2.7491326058 1.5683740562 1
-12.3603203297 -16.6155540943 -3.9274560035 5.029721739 1
-9.1182563305 -16.6155540943 -4.024250955 6.761355148 1
-5.8761923313 -16.6155540943 -2.2041555547 5.7221681524 1
-2.6341283321 -16.6155540943 0.6649480673 2.8979824412 1
0.607935667 -16.6155540943 2.789275324 2.2999628581 1
3.8499996662 -16.6155540943 3.1308349052 3.7505601015 1
7.0920636654 -16.6155540943 1.8355055493 4.2251239704 1
10.3341276646 -16.6155540943 0.4925074517 3.4231781473 1
13.5761916637 -16.6155540943 1.1819780128 2.9146616471 1
16.8182556629 -16.6155540943 3.3165770667 2.7506205698 1
20.0603196621 -16.6155540943 4.669943658 2.0158174578 1
23.3023836613 -16.6155540943 3.305046856 1.2572972789 1
26.5444476604 -16.6155540943 1.3295096504 0.8345416082 1
29.7865116596 -16.6155540943 0.8260625841 0.2268089315 1
33.0285756588 -16.6155540943 0 -0 0
36.270639658 -16.6155540943 0 -0 0
39.5127036572 -16.6155540943 0 -0 0
42.7547676563 -16.6155540943 0 -0 0
-35.0547683239 -19.8576180935 0 -0 0
-31.8127043247 -19.8576180935 0 -0 0
-28.5706403255 -19.8576180935 0 -0 0
-25.3285763264 -19.8576180935 0 -0 0
-22.0865123272 -19.8576180935 -0.613859205 3.2104421826 1
-18.844448328 -19.8576180935 -0.1159194716 3.626148745 1
-15.6023843288 -19.8576180935 -1.6473134407 5.3092593728 1
-12.3603203297 -19.8576180935 -3.4476767123 6.919564844 1
-9.1182563305 -19.8576180935 -3.9877131073 6.781437226 1
-5.8761923313 -19.8576180935 -2.3915659388 4.6373693862 1
-2.6341283321 -19.8576180935 -0.135039708 2.0244854213 1
0.607935667 -19.8576180935 1.5135212386 1.9129956183 1
3.8499996662 -19.8576180935 1.8790858627 2.8587114259 1
7.0920636654 -19.8576180935 0.8297191618 2.3796321844 1
10.3341276646 -19.8576180935 -0.8177167159 1.1573890165 1
13.5761916637 -19.8576180935 -0.9517880622 0.8422971068 1
16.8182556629 -19.8576180935 0.4920179303 1.2350659113 1
20.0603196621 -19.8576180935 2.0306241783 1.2583300671 1
23.3023836613 -19.8576180935 1.4660824247 1.0354962231 1
26.5444476604 -19.8576180935 0.3839424731 0.9346635691 1
29.7865116596 -19.8576180935 0.1660147884 0.5386833608 1
33.0285756588 -19.8576180935 0 -0 0
36.270639658 -19.8576180935 0 -0 0
39.5127036572 -19.8576180935 0 -0 0
42.7547676563 -19.8576180935 0 -0 0
-35.0547683239 -23.0996820927 0 -0 0
-31.8127043247 -23.0996820927 0 -0 0
-28.5706403255 -23.0996820927 0 -0 0
-25.3285763264 -23.0996820927 0 -0 0
-22.0865123272 -23.0996820927 1.3163764364 7.7706814131 1
-18.844448328 -23.0996820927 0.9622259268 8.255418873 1
-15.6023843288 -23.0996820927 -1.3741422272 8.7067447795 1
-12.3603203297 -23.0996820927 -3.799585614 8.3672697971 1
-9.1182563305 -23.0996820927 -4.5558019096 6.7887266791 1
-5.8761923313 -23.0996820927 -3.4069433981 4.6272842639 1
-2.6341283321 -23.0996820927 -2.0850776793 3.0802248077 1
0.607935667 -23.0996820927 -1.1067295517 3.1147764894 1
3.8499996662 -23.0996820927 -0.706830115 3.0922637885 1
7.0920636654 -23.0996820927 -1.2789274825 1.8972871518 1
10.3341276646 -23.0996820927 -2.8818575984 0.2949453674 1
13.5761916637 -23.0996820927 -3.9709934413 -0.5313727341 1
16.8182556629 -23.0996820927 -3.3865394513 -0.3537253016 1
20.0603196621 -23.0996820927 -1.6139405357 -0.0091231728 1
23.3023836613 -23.0996820927 -0.7155496349 0.3788983267 1
26.5444476604 -23.0996820927 -0.4724215617 0.7573575561 1
29.7865116596 -23.0996820927 0 -0 0
33.0285756588 -23.0996820927 0 -0 0
36.270639658 -23.0996820927 0 -0 0
39.5127036572 -23.0996820927 0 -0 0
42.7547676563 -23.0996820927 0 -0 0
-35.0547683239 -26.3417460918 0 -0 0
-31.8127043247 -26.3417460918 0 -0 0
-28.5706403255 -26.3417460918 0 -0 0
-25.3285763264 -26.3417460918 0 -0 0
-22.0865123272 -26.3417460918 0 -0 0
-18.844448328 -26.3417460918 0.6998311288 9.9820759969 1
-15.6023843288 -26.3417460918 -1.9780171958 9.8449574647 1
-12.3603203297 -26.3417460918 -4.2383224036 8.6949141378 1
-9.1182563305 -26.3417460918 -4.9130379516 7.2810066184 1
-5.8761923313 -26.3417460918 -4.3814996785 5.6196876569 1
-2.6341283321 -26.3417460918 -4.1884916152 4.5607833278 1
0.607935667 -26.3417460918 -3.7366508998 4.1039397564 1
3.8499996662 -26.3417460918 -3.4664211929 3.4115168944 1
7.0920636654 -26.3417460918 -3.4193495388 2.0893869774 1
10.3341276646 -26.3417460918 -4.7225097275 0.2934896167 1
13.5761916637 -26.3417460918 -5.9654430065 -0.9256230862 1
16.8182556629 -26.3417460918 -5.9513810228 -1.0715143554 1
20.0603196621 -26.3417460918 -4.3720540666 -0.6305601507 1
23.3023836613 -26.3417460918 -2.6284447824 -0.1704561479 1
26.5444476604 -26.3417460918 0 -0 0
29.7865116596 -26.3417460918 0 -0 0
33.0285756588 -26.3417460918 0 -0 0
36.270639658 -26.3417460918 0 -0 0
39.5127036572 -26.3417460918 0 -0 0
42.7547676563 -26.3417460918 0 -0 0
-35.0547683239 -29.583810091 0 -0 0
-31.8127043247 -29.583810091 0 -0 0
-28.5706403255 -29.583810091 0 -0 0
-25.3285763264 -29.583810091 0 -0 0
-22.0865123272 -29.583810091 0 -0 0
-18.844448328 -29.583810091 0 -0 0
-15.6023843288 -29.583810091 -2.5730326196 8.0850699519 1
-12.3603203297 -29.583810091 -4.1240429702 7.422921781 1
-9.1182563305 -29.583810091 -4.5136020693 6.7661584211 1
-5.8761923313 -29.583810091 -4.2445469118 5.8146966814 1
-2.6341283321 -29.583810091 -4.7858137152 4.8285353091 1
0.607935667 -29.583810091 -4.9639871284 3.7863379644 1
3.8499996662 -29.583810091 -5.0563891443 2.7819363526 1
7.0920636654 -29.583810091 -4.7828806629 1.6991002012 1
10.3341276646 -29.583810091 -5.4863162092 0.3019643571 1
13.5761916637 -29.583810091 -6.1961221011 -0.6225293199 1
16.8182556629 -29.583810091 -6.2527891295 -0.7501842747 1
20.0603196621 -29.583810091 -5.2858976146 -0.358397306 1
23.3023836613 -29.583810091 0 -0 0
26.5444476604 -29.583810091 0 -0 0
29.7865116596 -29.583810091 0 -0 0
33.0285756588 -29.583810091 0 -0 0
36.270639658 -29.583810091 0 -0 0
39.5127036572 -29.583810091 0 -0 0
42.7547676563 -29.583810091 0 -0 0
-35.0547683239 -32.8258740902 0 -0 0
-31.8127043247 -32.8258740902 0 -0 0
-28.5706403255 -32.8258740902 0 -0 0
-25.3285763264 -32.8258740902 0 -0 0
-22.0865123272 -32.8258740902 0 -0 0
-18.844448328 -32.8258740902 0 -0 0
-15.6023843288 -32.8258740902 0 -0 0
-12.3603203297 -32.8258740902 0 -0 0
-9.1182563305 -32.8258740902 -3.6754653283 6.1430807769 1
-5.8761923313 -32.8258740902 -3.1935796986 5.7148315965 1
-2.6341283321 -32.8258740902 -3.151875343 4.5701694573 1
0.607935667 -32.8258740902 -3.8143942971 3.1917212534 1
3.8499996662 -32.8258740902 -4.8927475345 2.0364363864 1
7.0920636654 -32.8258740902 -5.4183445198 1.1209070278 1
10.3341276646 -32.8258740902 -5.4607768545 0.1263473911 1
13.5761916637 -32.8258740902 -5.1868254261 -0.3030901431 1
16.8182556629 -32.8258740902 0 -0 0
20.0603196621 -32.8258740902 0 -0 0
23.3023836613 -32.8258740902 0 -0 0
26.5444476604 -32.8258740902 0 -0 0
29.7865116596 -32.8258740902 0 -0 0
33.0285756588 -32.8258740902 0 -0 0
36.270639658 -32.8258740902 0 -0 0
39.5127036572 -32.8258740902 0 -0 0
42.7547676563 -32.8258740902 0 -0 0
-35.0547683239 -36.0679380894 0 -0 0
-31.8127043247 -36.0679380894 0 -0 0
-28.5706403255 -36.0679380894 0 -0 0
-25.3285763264 -36.0679380894 0 -0 0
-22.0865123272 -36.0679380894 0 -0 0
-18.844448328 -36.0679380894 0 -0 0
-15.6023843288 -36.0679380894 0 -0 0
-12.3603203297 -36.0679380894 0 -0 0
-9.1182563305 -36.0679380894 0 -0 0
-5.8761923313 -36.0679380894 0 -0 0
-2.6341283321 -36.0679380894 0 -0 0
0.607935667 -36.0679380894 0 -0 0
3.8499996662 -36.0679380894 0 -0 0
7.0920636654 -36.0679380894 0 -0 0
10.3341276646 -36.0679380894 0 -0 0
13.5761916637 -36.0679380894 0 -0 0
16.8182556629 -36.0679380894 0 -0 0
20.0603196621 -36.0679380894 0 -0 0
23.3023836613 -36.0679380894 0 -0 0
26.5444476604 -36.0679380894 0 -0 0
29.7865116596 -36.0679380894 0 -0 0
33.0285756588 -36.0679380894 0 -0 0
36.270639658 -36.0679380894 0 -0 0
39.5127036572 -36.0679380894 0 -0 0
42.7547676563 -36.0679380894 0 -0 0
-35.0547683239 -39.3100020885 0 -0 0
-31.8127043247 -39.3100020885 0 -0 0
-28.5706403255 -39.3100020885 0 -0 0
-25.3285763264 -39.3100020885 0 -0 0
-22.0865123272 -39.3100020885 0 -0 0
-18.844448328 -39.3100020885 0 -0 0
-15.6023843288 -39.3100020885 0 -0 0
-12.3603203297 -39.3100020885 0 -0 0
-9.1182563305 -39.3100020885 0 -0 0
-5.8761923313 -39.3100020885 0 -0 0
-2.6341283321 -39.3100020885 0 -0 0
0.607935667 -39.3100020885 0 -0 0
3.8499996662 -39.3100020885 0 -0 0
7.0920636654 -39.3100020885 0 -0 0
10.3341276646 -39.3100020885 0 -0 0
13.5761916637 -39.3100020885 0 -0 0
16.8182556629 -39.3100020885 0 -0 0
20.0603196621 -39.3100020885 0 -0 0
23.3023836613 -39.3100020885 0 -0 0
26.5444476604 -39.3100020885 0 -0 0
29.7865116596 -39.3100020885 0 -0 0
33.0285756588 -39.3100020885 0 -0 0
36.270639658 -39.3100020885 0 -0 0
39.5127036572 -39.3100020885 0 -0 0
42.7547676563 -39.3100020885 0 -0 0
-35.0547683239 -42.5520660877 0 -0 0
-31.8127043247 -42.5520660877 0 -0 0
-28.5706403255 -42.5520660877 0 -0 0
-25.3285763264 -42.5520660877 0 -0 0
-22.0865123272 -42.5520660877 0 -0 0
-18.844448328 -42.5520660877 0 -0 0
-15.6023843288 -42.5520660877 0 -0 0
-12.3603203297 -42.5520660877 0 -0 0
-9.1182563305 -42.5520660877 0 -0 0
-5.8761923313 -42.5520660877 0 -0 0
-2.6341283321 -42.5520660877 0 -0 0
0.607935667 -42.5520660877 0 -0 0
3.8499996662 -42.5520660877 0 -0 0
7.0920636654 -42.5520660877 0 -0 0
10.3341276646 -42.5520660877 0 -0 0
13.5761916637 -42.5520660877 0 -0 0
16.8182556629 -42.5520660877 0 -0 0
20.0603196621 -42.5520660877 0 -0 0
23.3023836613 -42.5520660877 0 -0 0
26.5444476604 -42.5520660877 0 -0 0
29.7865116596 -42.5520660877 0 -0 0
33.0285756588 -42.5520660877 0 -0 0
36.270639658 -42.5520660877 0 -0 0
39.5127036572 -42.5520660877 0 -0 0
42.7547676563 -42.5520660877 0 -0 0
