TITLE = "B00070"
VARIABLES = "x", "y", "Vx", "Vy", "isValid"
ZONE T="Frame 0", I=25, J=25, F=POINT
-35.0547683239 35.2574698925 0 -0 0
-31.8127043247 35.2574698925 0 -0 0
-28.5706403255 35.2574698925 0 -0 0
-25.3285763264 35.2574698925 0 -0 0
-22.0865123272 35.2574698925 0 -0 0
-18.844448328 35.2574698925 0 -0 0
-15.6023843288 35.2574698925 0 -0 0
-12.3603203297 35.2574698925 0 -0 0
-9.1182563305 35.2574698925 0 -0 0
-5.8761923313 35.2574698925 0 -0 0
-2.6341283321 35.2574698925 0 -0 0
0.607935667 35.2574698925 0 -0 0
3.8499996662 35.2574698925 0 -0 0
7.0920636654 35.2574698925 0 -0 0
10.3341276646 35.2574698925 0 -0 0
13.5761916637 35.2574698925 0 -0 0
16.8182556629 35.2574698925 0 -0 0
20.0603196621 35.2574698925 0 -0 0
23.3023836613 35.2574698925 0 -0 0
26.5444476604 35.2574698925 0 -0 0
29.7865116596 35.2574698925 0 -0 0
33.0285756588 35.2574698925 0 -0 0
36.270639658 35.2574698925 0 -0 0
39.5127036572 35.2574698925 0 -0 0
42.7547676563 35.2574698925 0 -0 0
-35.0547683239 32.0154058933 0 -0 0
-31.8127043247 32.0154058933 0 -0 0
-28.5706403255 32.0154058933 0 -0 0
-25.3285763264 32.0154058933 0 -0 0
-22.0865123272 32.0154058933 0 -0 0
-18.844448328 32.0154058933 0 -0 0
-15.6023843288 32.0154058933 0 -0 0
-12.3603203297 32.0154058933 0 -0 0
-9.1182563305 32.0154058933 0 -0 0
-5.8761923313 32.0154058933 0 -0 0
-2.6341283321 32.0154058933 0 -0 0
0.607935667 32.0154058933 0 -0 0
3.8499996662 32.0154058933 0 -0 0
7.0920636654 32.0154058933 0 -0 0
10.3341276646 32.0154058933 0 -0 0
13.5761916637 32.0154058933 0 -0 0
16.8182556629 32.0154058933 0 -0 0
20.0603196621 32.0154058933 0 -0 0
23.3023836613 32.0154058933 0 -0 0
26.5444476604 32.0154058933 0 -0 0
29.7865116596 32.0154058933 0 -0 0
33.0285756588 32.0154058933 0 -0 0
36.270639658 32.0154058933 0 -0 0
39.5127036572 32.0154058933 0 -0 0
42.7547676563 32.0154058933 0 -0 0
-35.0547683239 28.7733418941 0 -0 0
-31.8127043247 28.7733418941 0 -0 0
-28.5706403255 28.7733418941 0 -0 0
-25.3285763264 28.7733418941 0 -0 0
-22.0865123272 28.7733418941 0 -0 0
-18.844448328 28.7733418941 0 -0 0
-15.6023843288 28.7733418941 0 -0 0
-12.3603203297 28.7733418941 0 -0 0
-9.1182563305 28.7733418941 0 -0 0
-5.8761923313 28.7733418941 0 -0 0
-2.6341283321 28.7733418941 0 -0 0
0.607935667 28.7733418941 0 -0 0
3.8499996662 28.7733418941 0 -0 0
7.0920636654 28.7733418941 0 -0 0
10.3341276646 28.7733418941 0 -0 0
13.5761916637 28.7733418941 0 -0 0
16.8182556629 28.7733418941 0 -0 0
20.0603196621 28.7733418941 0 -0 0
23.3023836613 28.7733418941 0 -0 0
26.5444476604 28.7733418941 0 -0 0
29.7865116596 28.7733418941 0 -0 0
33.0285756588 28.7733418941 0 -0 0
36.270639658 28.7733418941 0 -0 0
39.5127036572 28.7733418941 0 -0 0
42.7547676563 28.7733418941 0 -0 0
-35.0547683239 25.531277895 0 -0 0
-31.8127043247 25.531277895 0 -0 0
-28.5706403255 25.531277895 0 -0 0
-25.3285763264 25.531277895 0 -0 0
-22.0865123272 25.531277895 0 -0 0
-18.844448328 25.531277895 0 -0 0
-15.6023843288 25.531277895 0 -0 0
-12.3603203297 25.531277895 0 -0 0
-9.1182563305 25.531277895 3.1585216623 0.0761577744 1
-5.8761923313 25.531277895 2.7604291144 -0.4443418664 1
-2.6341283321 25.531277895 1.9279401748 -0.756937783 1
0.607935667 25.531277895 1.5569685471 -0.547974379 1
3.8499996662 25.531277895 1.2224364099 -0.5955334031 1
7.0920636654 25.531277895 0.9144031952 -0.4523082706 1
10.3341276646 25.531277895 1.6701314036 -0.0526328833 1
13.5761916637 25.531277895 3.4248789794 0.8968770455 1
16.8182556629 25.531277895 0 -0 0
20.0603196621 25.531277895 0 -0 0
23.3023836613 25.531277895 0 -0 0
26.5444476604 25.531277895 0 -0 0
29.7865116596 25.531277895 0 -0 0
33.0285756588 25.531277895 0 -0 0
36.270639658 25.531277895 0 -0 0
39.5127036572 25.531277895 0 -0 0
42.7547676563 25.531277895 0 -0 0
-35.0547683239 22.2892138958 0 -0 0
-31.8127043247 22.2892138958 0 -0 0
-28.5706403255 22.2892138958 0 -0 0
-25.3285763264 22.2892138958 0 -0 0
-22.0865123272 22.2892138958 0 -0 0
-18.844448328 22.2892138958 0 -0 0
-15.6023843288 22.2892138958 0.4530280973 -0.1712929955 1
-12.3603203297 22.2892138958 1.1992817076 0.4211549696 1
-9.1182563305 22.2892138958 1.582114624 0.4674117611 1
-5.8761923313 22.2892138958 1.9501495761 0.2535400274 1
-2.6341283321 22.2892138958 0.9949947993 0.4819929696 1
0.607935667 22.2892138958 0.4198140886 0.8209631826 1
3.8499996662 22.2892138958 0.3083155671 0.523810553 1
7.0920636654 22.2892138958 0.5990675816 -0.2571987565 1
10.3341276646 22.2892138958 1.5137703397 -0.555042736 1
13.5761916637 22.2892138958 3.1812004306 -0.041708078 1
16.8182556629 22.2892138958 3.954086874 0.2680288987 1
20.0603196621 22.2892138958 3.2470606485 0.1177703023 1
23.3023836613 22.2892138958 0 -0 0
26.5444476604 22.2892138958 0 -0 0
29.7865116596 22.2892138958 0 -0 0
33.0285756588 22.2892138958 0 -0 0
36.270639658 22.2892138958 0 -0 0
39.5127036572 22.2892138958 0 -0 0
42.7547676563 22.2892138958 0 -0 0
-35.0547683239 19.0471498966 0 -0 0
-31.8127043247 19.0471498966 0 -0 0
-28.5706403255 19.0471498966 0 -0 0
-25.3285763264 19.0471498966 0 -0 0
-22.0865123272 19.0471498966 0 -0 0
-18.844448328 19.0471498966 -1.8963115813 1.2932059576 1
-15.6023843288 19.0471498966 -1.1177550685 0.6213054409 1
-12.3603203297 19.0471498966 0.0048933187 0.638690773 1
-9.1182563305 19.0471498966 0.9857213692 0.6270748111 1
-5.8761923313 19.0471498966 2.0107996558 0.765796875 1
-2.6341283321 19.0471498966 1.5101481077 1.3314099144 1
0.607935667 19.0471498966 0.9223186469 1.6702878089 1
3.8499996662 19.0471498966 0.6023806263 0.6502187946 1
7.0920636654 19.0471498966 0.5876684509 -0.7358915328 1
10.3341276646 19.0471498966 0.8605584822 -1.229657247 1
13.5761916637 19.0471498966 1.8304253965 -0.9416535725 1
16.8182556629 19.0471498966 2.394224074 -0.9515110315 1
20.0603196621 19.0471498966 1.5217227037 -1.6071169771 1
23.3023836613 19.0471498966 -0.5736082789 -2.8608413159 1
26.5444476604 19.0471498966 0 -0 0
29.7865116596 19.0471498966 0 -0 0
33.0285756588 19.0471498966 0 -0 0
36.270639658 19.0471498966 0 -0 0
39.5127036572 19.0471498966 0 -0 0
42.7547676563 19.0471498966 0 -0 0
-35.0547683239 15.8050858974 0 -0 0
-31.8127043247 15.8050858974 0 -0 0
-28.5706403255 15.8050858974 0 -0 0
-25.3285763264 15.8050858974 0 -0 0
-22.0865123272 15.8050858974 -2.2315673949 3.4715442212 1
-18.844448328 15.8050858974 -1.0289424486 1.1956166001 1
-15.6023843288 15.8050858974 0.6173246543 -0.3084250772 1
-12.3603203297 15.8050858974 1.8992517292 -0.1682451303 1
-9.1182563305 15.8050858974 2.7732899778 0.0490555745 1
-5.8761923313 15.8050858974 3.8563815711 0.4887864851 1
-2.6341283321 15.8050858974 3.49594224 1.2490244048 1
0.607935667 15.8050858974 2.5395763789 1.2746826487 1
3.8499996662 15.8050858974 1.162147074 -0.0554110871 1
7.0920636654 15.8050858974 0.1116745907 -1.3455144717 1
10.3341276646 15.8050858974 -0.3223556978 -1.2215517991 1
13.5761916637 15.8050858974 0.1354111611 -0.9663326981 1
16.8182556629 15.8050858974 0.8902146478 -1.685998389 1
20.0603196621 15.8050858974 0.2833229327 -3.1718429854 1
23.3023836613 15.8050858974 -1.3115926384 -4.5212761949 1
26.5444476604 15.8050858974 -2.4371161135 -5.3678195697 1
29.7865116596 15.8050858974 0 -0 0
33.0285756588 15.8050858974 0 -0 0
36.270639658 15.8050858974 0 -0 0
39.5127036572 15.8050858974 0 -0 0
42.7547676563 15.8050858974 0 -0 0
-35.0547683239 12.5630218983 0 -0 0
-31.8127043247 12.5630218983 0 -0 0
-28.5706403255 12.5630218983 0 -0 0
-25.3285763264 12.5630218983 0 -0 0
-22.0865123272 12.5630218983 0.0884533388 3.4974945173 1
-18.844448328 12.5630218983 1.3825052305 1.6357962135 1
-15.6023843288 12.5630218983 3.6184468408 -0.5085057813 1
-12.3603203297 12.5630218983 5.0896288934 -0.6923992352 1
-9.1182563305 12.5630218983 5.4480089888 -0.1646873249 1
-5.8761923313 12.5630218983 5.8520376915 0.2825005782 1
-2.6341283321 12.5630218983 5.1750932171 0.6116862886 1
0.607935667 12.5630218983 3.8764165463 0.5909685876 1
3.8499996662 12.5630218983 1.7748725294 -0.216802578 1
7.0920636654 12.5630218983 0.2445435335 -1.0305899882 1
10.3341276646 12.5630218983 -0.5119648143 -0.735760566 1
13.5761916637 12.5630218983 -0.349033822 -0.7914679514 1
16.8182556629 12.5630218983 0.2610485574 -2.04592895 1
20.0603196621 12.5630218983 -0.064351755 -4.2430396236 1
23.3023836613 12.5630218983 -1.4294567121 -5.4839948889 1
26.5444476604 12.5630218983 -2.3976616692 -5.2754860944 1
29.7865116596 12.5630218983 -2.5743034881 -4.2992507216 1
33.0285756588 12.5630218983 0 -0 0
36.270639658 12.5630218983 0 -0 0
39.5127036572 12.5630218983 0 -0 0
42.7547676563 12.5630218983 0 -0 0
-35.0547683239 9.3209578991 0 -0 0
-31.8127043247 9.3209578991 0 -0 0
-28.5706403255 9.3209578991 0 -0 0
-25.3285763264 9.3209578991 0.9815596446 3.8300638132 1
-22.0865123272 9.3209578991 0.9418940683 4.2174631302 1
-18.844448328 9.3209578991 2.3484580117 2.6385486251 1
-15.6023843288 9.3209578991 4.9023516652 -0.2583732305 1
-12.3603203297 9.3209578991 6.6830190411 -1.1746262089 1
-9.1182563305 9.3209578991 6.8499826028 -0.4014603949 1
-5.8761923313 9.3209578991 6.4134850056 0.190848017 1
-2.6341283321 9.3209578991 5.2754287256 0.1752598173 1
0.607935667 9.3209578991 3.8954530036 -0.3424807646 1
3.8499996662 9.3209578991 2.3977347389 -0.9493252826 1
7.0920636654 9.3209578991 1.4705313703 -1.388820019 1
10.3341276646 9.3209578991 0.4700506099 -1.189065694 1
13.5761916637 9.3209578991 -0.0421546813 -1.421372702 1
16.8182556629 9.3209578991 0.0617880754 -2.745774421 1
20.0603196621 9.3209578991 0.2055386979 -4.7570206471 1
23.3023836613 9.3209578991 -0.7364755617 -5.811051049 1
26.5444476604 9.3209578991 -1.6998387482 -5.1111476054 1
29.7865116596 9.3209578991 -2.1965240028 -3.5919234612 1
33.0285756588 9.3209578991 0 -0 0
36.270639658 9.3209578991 0 -0 0
39.5127036572 9.3209578991 0 -0 0
42.7547676563 9.3209578991 0 -0 0
-35.0547683239 6.0788938999 0 -0 0
-31.8127043247 6.0788938999 0 -0 0
-28.5706403255 6.0788938999 0 -0 0
-25.3285763264 6.0788938999 -0.1172490865 4.4479091266 1
-22.0865123272 6.0788938999 -1.3610725717 5.9223089615 1
-18.844448328 6.0788938999 -0.4961640294 4.990800673 1
-15.6023843288 6.0788938999 2.1589948836 1.8034164963 1
-12.3603203297 6.0788938999 4.8748318813 -0.5596311783 1
-9.1182563305 6.0788938999 5.3677984338 -0.4559718307 1
-5.8761923313 6.0788938999 4.3354029911 -0.0941475352 1
-2.6341283321 6.0788938999 2.8315844669 -0.4442484912 1
0.607935667 6.0788938999 1.9902473051 -1.0947292194 1
3.8499996662 6.0788938999 2.0634409085 -1.8087436366 1
7.0920636654 6.0788938999 2.0859128473 -2.3435496632 1
10.3341276646 6.0788938999 1.0976922392 -2.8442291408 1
13.5761916637 6.0788938999 0.4253558333 -3.4675743045 1
16.8182556629 6.0788938999 0.6481381965 -4.4410463157 1
20.0603196621 6.0788938999 1.2889138702 -5.6463079595 1
23.3023836613 6.0788938999 0.6553354067 -6.14602953 1
26.5444476604 6.0788938999 -0.4303157382 -5.3287744061 1
29.7865116596 6.0788938999 -1.2092079336 -3.9057679028 1
33.0285756588 6.0788938999 -1.0652540672 -3.0478932963 1
36.270639658 6.0788938999 0 -0 0
39.5127036572 6.0788938999 0 -0 0
42.7547676563 6.0788938999 0 -0 0
-35.0547683239 2.8368299007 0 -0 0
-31.8127043247 2.8368299007 0 -0 0
-28.5706403255 2.8368299007 0.1472630047 2.3683868548 1
-25.3285763264 2.8368299007 -1.2882331448 4.6956919557 1
-22.0865123272 2.8368299007 -3.051139763 6.5484839138 1
-18.844448328 2.8368299007 -2.8904224492 5.7742317925 1
-15.6023843288 2.8368299007 -0.7318163143 2.9721789407 1
-12.3603203297 2.8368299007 2.1227275747 0.3994828718 1
-9.1182563305 2.8368299007 2.454077634 -0.3727102779 1
-5.8761923313 2.8368299007 0.6765619155 -0.6256233443 1
-2.6341283321 2.8368299007 -1.1500071695 -0.9693601823 1
0.607935667 2.8368299007 -1.0633273834 -1.4359152244 1
3.8499996662 2.8368299007 0.6447628765 -2.2641271735 1
7.0920636654 2.8368299007 1.5888791531 -2.9288670527 1
10.3341276646 2.8368299007 1.1120973786 -3.5787615629 1
13.5761916637 2.8368299007 0.8052847592 -4.1879248725 1
16.8182556629 2.8368299007 1.4489611775 -5.0030135717 1
20.0603196621 2.8368299007 2.0248462405 -5.6371374156 1
23.3023836613 2.8368299007 1.5224469085 -5.8279681843 1
26.5444476604 2.8368299007 0.5028158592 -5.2947595751 1
29.7865116596 2.8368299007 -0.052965504 -4.5384529991 1
33.0285756588 2.8368299007 -0.0383850292 -4.0488636536 1
36.270639658 2.8368299007 0 -0 0
39.5127036572 2.8368299007 0 -0 0
42.7547676563 2.8368299007 0 -0 0
-35.0547683239 -0.4052340984 0 -0 0
-31.8127043247 -0.4052340984 0 -0 0
-28.5706403255 -0.4052340984 -1.2176926191 3.5511327783 1
-25.3285763264 -0.4052340984 -1.1049774652 5.3854269414 1
-22.0865123272 -0.4052340984 -1.4152103936 6.1933696094 1
-18.844448328 -0.4052340984 -1.7095739212 4.8361318359 1
-15.6023843288 -0.4052340984 -1.3336580141 2.5191722812 1
-12.3603203297 -0.4052340984 0.230789001 0.7518705382 1
-9.1182563305 -0.4052340984 -0.0017005302 -0.1510895279 1
-5.8761923313 -0.4052340984 -2.0944197255 -0.7930289095 1
-2.6341283321 -0.4052340984 -3.8416737362 -1.1485728756 1
0.607935667 -0.4052340984 -2.8672934873 -1.3336235928 1
3.8499996662 -0.4052340984 -0.1818193098 -1.814141431 1
7.0920636654 -0.4052340984 1.194547277 -2.3266023339 1
10.3341276646 -0.4052340984 1.4567639298 -2.81735551 1
13.5761916637 -0.4052340984 1.6249338957 -3.5648288098 1
16.8182556629 -0.4052340984 2.2369573389 -4.4579248025 1
20.0603196621 -0.4052340984 2.459136349 -4.7484343586 1
23.3023836613 -0.4052340984 1.8460843447 -4.6164950158 1
26.5444476604 -0.4052340984 1.0223042061 -4.5722317125 1
29.7865116596 -0.4052340984 0.6781916406 -4.6300068635 1
33.0285756588 -0.4052340984 0.7280023499 -4.7393160505 1
36.270639658 -0.4052340984 0 -0 0
39.5127036572 -0.4052340984 0 -0 0
42.7547676563 -0.4052340984 0 -0 0
-35.0547683239 -3.6472980976 0 -0 0
-31.8127043247 -3.6472980976 0 -0 0
-28.5706403255 -3.6472980976 -2.4667494826 4.527827101 1
-25.3285763264 -3.6472980976 -0.5541581251 5.939520187 1
-22.0865123272 -3.6472980976 0.1989684676 6.100817529 1
-18.844448328 -3.6472980976 -0.8733231775 4.355088017 1
-15.6023843288 -3.6472980976 -2.8044233885 2.536682277 1
-12.3603203297 -3.6472980976 -2.5472094406 1.3987118992 1
-9.1182563305 -3.6472980976 -2.3394056777 0.3310343802 1
-5.8761923313 -3.6472980976 -3.1903685589 -0.7237731416 1
-2.6341283321 -3.6472980976 -3.6673542945 -1.3615170284 1
0.607935667 -3.6472980976 -1.9505102443 -1.5346726397 1
3.8499996662 -3.6472980976 0.6299541179 -1.4468398929 1
7.0920636654 -3.6472980976 1.4102957044 -1.0821598797 1
10.3341276646 -3.6472980976 1.454908806 -1.0048952849 1
13.5761916637 -3.6472980976 1.6056139162 -1.8037450078 1
16.8182556629 -3.6472980976 2.1451093843 -2.8522550273 1
20.0603196621 -3.6472980976 2.4133980652 -3.111456953 1
23.3023836613 -3.6472980976 1.8339359104 -3.0904539558 1
26.5444476604 -3.6472980976 1.1187427166 -3.6134720653 1
29.7865116596 -3.6472980976 0.926095397 -4.4613300901 1
33.0285756588 -3.6472980976 1.2207215376 -4.9613391082 1
36.270639658 -3.6472980976 0 -0 0
39.5127036572 -3.6472980976 0 -0 0
42.7547676563 -3.6472980976 0 -0 0
-35.0547683239 -6.8893620968 0 -0 0
-31.8127043247 -6.8893620968 0 -0 0
-28.5706403255 -6.8893620968 -4.3740088309 4.4351642083 1
-25.3285763264 -6.8893620968 -2.9816242506 5.1195645052 1
-22.0865123272 -6.8893620968 -2.800798892 5.0701845143 1
-18.844448328 -6.8893620968 -4.5009833623 4.0736309459 1
-15.6023843288 -6.8893620968 -6.5341393136 3.4559003701 1
-12.3603203297 -6.8893620968 -6.0662441076 2.4754459795 1
-9.1182563305 -6.8893620968 -4.484270339 0.707364701 1
-5.8761923313 -6.8893620968 -3.4791516179 -0.9528444018 1
-2.6341283321 -6.8893620968 -2.2766255572 -1.5378268635 1
0.607935667 -6.8893620968 -0.1161835754 -1.551212047 1
3.8499996662 -6.8893620968 1.6660816236 -1.0225597235 1
7.0920636654 -6.8893620968 1.5307348796 -0.1329741597 1
10.3341276646 -6.8893620968 0.924686919 0.2550945504 1
13.5761916637 -6.8893620968 0.8550811264 -0.6903787233 1
16.8182556629 -6.8893620968 1.5853428233 -1.9084865864 1
20.0603196621 -6.8893620968 2.4601519266 -2.241307399 1
23.3023836613 -6.8893620968 2.3896742801 -2.440761142 1
26.5444476604 -6.8893620968 1.9500937171 -3.0762868967 1
29.7865116596 -6.8893620968 1.6837481757 -4.0492758027 1
33.0285756588 -6.8893620968 1.9375079216 -4.5129468579 1
36.270639658 -6.8893620968 0 -0 0
39.5127036572 -6.8893620968 0 -0 0
42.7547676563 -6.8893620968 0 -0 0
-35.0547683239 -10.131426096 0 -0 0
-31.8127043247 -10.131426096 0 -0 0
-28.5706403255 -10.131426096 -6.7405937034 2.2439027305 1
-25.3285763264 -10.131426096 -6.4991649149 3.2481521642 1
-22.0865123272 -10.131426096 -7.3422130238 4.1842596139 1
-18.844448328 -10.131426096 -8.6618951073 5.1312296834 1
-15.6023843288 -10.131426096 -9.6339159914 5.0586651735 1
-12.3603203297 -10.131426096 -8.6846294327 3.7552579973 1
-9.1182563305 -10.131426096 -6.2961894862 1.350540879 1
-5.8761923313 -10.131426096 -4.1280370422 -0.7842772329 1
-2.6341283321 -10.131426096 -1.5391988822 -1.3569995422 1
0.607935667 -10.131426096 0.8832364956 -1.1803654983 1
3.8499996662 -10.131426096 1.8848423627 -0.6213355217 1
7.0920636654 -10.131426096 1.1093426223 0.1533998463 1
10.3341276646 -10.131426096 0.1509521166 0.5477403372 1
13.5761916637 -10.131426096 0.1933021913 -0.4502325413 1
16.8182556629 -10.131426096 1.1382666571 -1.9588475828 1
20.0603196621 -10.131426096 2.1382879393 -2.8850011034 1
23.3023836613 -10.131426096 2.2766255572 -3.2711866187 1
26.5444476604 -10.131426096 2.0354014845 -3.1084834407 1
29.7865116596 -10.131426096 1.9829706845 -3.2944982547 1
33.0285756588 -10.131426096 2.2300104375 -3.3098797193 1
36.270639658 -10.131426096 0 -0 0
39.5127036572 -10.131426096 0 -0 0
42.7547676563 -10.131426096 0 -0 0
-35.0547683239 -13.3734900951 0 -0 0
-31.8127043247 -13.3734900951 0 -0 0
-28.5706403255 -13.3734900951 0 -0 0
-25.3285763264 -13.3734900951 -8.1109082279 0.1315190791 1
-22.0865123272 -13.3734900951 -8.7504343954 3.2008465061 1
-18.844448328 -13.3734900951 -9.3263217229 6.0656366029 1
-15.6023843288 -13.3734900951 -9.3578244071 6.1803837424 1
-12.3603203297 -13.3734900951 -8.4733361407 4.3158145862 1
-9.1182563305 -13.3734900951 -6.6580370689 1.9890771338 1
-5.8761923313 -13.3734900951 -4.839208612 0.0087624544 1
-2.6341283321 -13.3734900951 -2.2979315519 -0.5945392632 1
0.607935667 -13.3734900951 0.3978467682 -0.4375816399 1
3.8499996662 -13.3734900951 1.3284339865 -0.1287829582 1
7.0920636654 -13.3734900951 0.5761576777 0.0566843382 1
10.3341276646 -13.3734900951 -0.5311193681 0.2383855656 1
13.5761916637 -13.3734900951 -0.4654149138 -0.7916784041 1
16.8182556629 -13.3734900951 0.4889861811 -2.6911554565 1
20.0603196621 -13.3734900951 0.987930745 -4.4573130706 1
23.3023836613 -13.3734900951 0.7370703094 -5.0447710688 1
26.5444476604 -13.3734900951 0.4837321482 -3.8282950444 1
29.7865116596 -13.3734900951 0.9110998126 -2.7425771707 1
33.0285756588 -13.3734900951 1.706803766 -2.0377274849 1
36.270639658 -13.3734900951 0 -0 0
39.5127036572 -13.3734900951 0 -0 0
42.7547676563 -13.3734900951 0 -0 0
-35.0547683239 -16.6155540943 0 -0 0
-31.8127043247 -16.6155540943 0 -0 0
-28.5706403255 -16.6155540943 0 -0 0
-25.3285763264 -16.6155540943 -6.4870812469 -1.1188946683 1
-22.0865123272 -16.6155540943 -6.6115218917 3.101054189 1
-18.844448328 -16.6155540943 -6.6899135557 7.0362570858 1
-15.6023843288 -16.6155540943 -6.6806379365 7.4240208453 1
-12.3603203297 -16.6155540943 -6.2339287038 5.7760826892 1
-9.1182563305 -16.6155540943 -5.4655384598 3.7200429519 1
-5.8761923313 -16.6155540943 -4.7685937334 1.5467481553 1
-2.6341283321 -16.6155540943 -3.1617859436 0.2524557394 1
0.607935667 -16.6155540943 -0.8233464763 0.1780639786 1
3.8499996662 -16.6155540943 0.3281937218 0.2231430503 1
7.0920636654 -16.6155540943 -0.1826674236 -0.1533311359 1
10.3341276646 -16.6155540943 -1.4457254297 -0.7489203508 1
13.5761916637 -16.6155540943 -1.4685968361 -2.2215280166 1
16.8182556629 -16.6155540943 -0.3102157933 -4.3340373131 1
20.0603196621 -16.6155540943 0.0556794794 -6.3152733481 1
23.3023836613 -16.6155540943 -0.5663753265 -6.7177748346 1
26.5444476604 -16.6155540943 -1.3260377849 -5.1289258756 1
29.7865116596 -16.6155540943 -0.8119380232 -3.3224966147 1
33.0285756588 -16.6155540943 0 -0 0
36.270639658 -16.6155540943 0 -0 0
39.5127036572 -16.6155540943 0 -0 0
42.7547676563 -16.6155540943 0 -0 0
-35.0547683239 -19.8576180935 0 -0 0
-31.8127043247 -19.8576180935 0 -0 0
-28.5706403255 -19.8576180935 0 -0 0
-25.3285763264 -19.8576180935 0 -0 0
-22.0865123272 -19.8576180935 -5.2351727797 2.7357602548 1
-18.844448328 -19.8576180935 -5.4164507476 6.8892687151 1
-15.6023843288 -19.8576180935 -5.3407536026 9.0628959484 1
-12.3603203297 -19.8576180935 -4.9199859097 8.3504704188 1
-9.1182563305 -19.8576180935 -4.5312021944 5.9972331382 1
-5.8761923313 -19.8576180935 -4.1907978385 2.9743541217 1
-2.6341283321 -19.8576180935 -3.3014549691 1.0475866848 1
0.607935667 -19.8576180935 -2.1715341802 0.4992666591 1
3.8499996662 -19.8576180935 -1.2972297708 -0.0655605936 1
7.0920636654 -19.8576180935 -1.7123415099 -0.9389417673 1
10.3341276646 -19.8576180935 -2.8727558971 -2.0035379812 1
13.5761916637 -19.8576180935 -2.8153781001 -3.5231271717 1
16.8182556629 -19.8576180935 -1.2795094732 -5.3161170507 1
20.0603196621 -19.8576180935 -0.3271953171 -6.766663266 1
23.3023836613 -19.8576180935 -1.1285164626 -6.7754189433 1
26.5444476604 -19.8576180935 -2.3675679915 -5.4453851238 1
29.7865116596 -19.8576180935 -2.3042570592 -4.1463237806 1
33.0285756588 -19.8576180935 0 -0 0
36.270639658 -19.8576180935 0 -0 0
39.5127036572 -19.8576180935 0 -0 0
42.7547676563 -19.8576180935 0 -0 0
-35.0547683239 -23.0996820927 0 -0 0
-31.8127043247 -23.0996820927 0 -0 0
-28.5706403255 -23.0996820927 0 -0 0
-25.3285763264 -23.0996820927 0 -0 0
-22.0865123272 -23.0996820927 -6.1209382554 3.015708528 1
-18.844448328 -23.0996820927 -6.3978680271 6.9154735471 1
-15.6023843288 -23.0996820927 -6.0298995019 9.7696685437 1
-12.3603203297 -23.0996820927 -5.0748005842 9.7694620162 1
-9.1182563305 -23.0996820927 -4.4744771933 7.2030938324 1
-5.8761923313 -23.0996820927 -3.8896494008 3.9898260885 1
-2.6341283321 -23.0996820927 -3.449980822 2.1275371886 1
0.607935667 -23.0996820927 -3.5348654195 1.2808685084 1
3.8499996662 -23.0996820927 -3.0570058675 0.1140042333 1
7.0920636654 -23.0996820927 -3.1134086979 -1.1700807177 1
10.3341276646 -23.0996820927 -3.7213633387 -2.2937833392 1
13.5761916637 -23.0996820927 -3.6757283187 -3.4924403314 1
16.8182556629 -23.0996820927 -2.0639691538 -4.623350882 1
20.0603196621 -23.0996820927 -0.5571018585 -5.1966010592 1
23.3023836613 -23.0996820927 -1.1697608115 -4.5979866529 1
26.5444476604 -23.0996820927 -2.5710195807 -3.7387472743 1
29.7865116596 -23.0996820927 0 -0 0
33.0285756588 -23.0996820927 0 -0 0
36.270639658 -23.0996820927 0 -0 0
39.5127036572 -23.0996820927 0 -0 0
42.7547676563 -23.0996820927 0 -0 0
-35.0547683239 -26.3417460918 0 -0 0
-31.8127043247 -26.3417460918 0 -0 0
-28.5706403255 -26.3417460918 0 -0 0
-25.3285763264 -26.3417460918 0 -0 0
-22.0865123272 -26.3417460918 0 -0 0
-18.844448328 -26.3417460918 -7.6682087681 7.4123514399 1
-15.6023843288 -26.3417460918 -6.7467538982 9.2404268318 1
-12.3603203297 -26.3417460918 -5.4155056731 8.6503180958 1
-9.1182563305 -26.3417460918 -4.7320259935 6.1042463679 1
-5.8761923313 -26.3417460918 -4.1736959155 3.5525923598 1
-2.6341283321 -26.3417460918 -3.9393832662 2.3613945113 1
0.607935667 -26.3417460918 -4.2240375877 1.8246602912 1
3.8499996662 -26.3417460918 -3.7338446627 0.8685565147 1
7.0920636654 -26.3417460918 -3.3302951399 -0.3195880336 1
10.3341276646 -26.3417460918 -3.4902911173 -1.3778310371 1
13.5761916637 -26.3417460918 -3.5490279495 -2.4169793842 1
16.8182556629 -26.3417460918 -2.471520901 -3.1978104921 1
20.0603196621 -26.3417460918 -1.0097085976 -3.3209147472 1
23.3023836613 -26.3417460918 -1.43978384 -2.5174368768 1
26.5444476604 -26.3417460918 0 -0 0
29.7865116596 -26.3417460918 0 -0 0
33.0285756588 -26.3417460918 0 -0 0
36.270639658 -26.3417460918 0 -0 0
39.5127036572 -26.3417460918 0 -0 0
42.7547676563 -26.3417460918 0 -0 0
-35.0547683239 -29.583810091 0 -0 0
-31.8127043247 -29.583810091 0 -0 0
-28.5706403255 -29.583810091 0 -0 0
-25.3285763264 -29.583810091 0 -0 0
-22.0865123272 -29.583810091 0 -0 0
-18.844448328 -29.583810091 0 -0 0
-15.6023843288 -29.583810091 -6.4129282269 7.2059985022 1
-12.3603203297 -29.583810091 -4.844145041 5.8741886674 1
-9.1182563305 -29.583810091 -4.2787700819 4.0743779473 1
-5.8761923313 -29.583810091 -4.1051873755 2.8082646784 1
-2.6341283321 -29.583810091 -4.3165404517 2.3302460037 1
0.607935667 -29.583810091 -4.3848321983 2.1021386893 1
3.8499996662 -29.583810091 -3.8082751662 1.4664775141 1
7.0920636654 -29.583810091 -3.0674880419 0.3521235438 1
10.3341276646 -29.583810091 -2.9460782782 -0.7146971807 1
13.5761916637 -29.583810091 -3.1949592658 -1.6125857276 1
16.8182556629 -29.583810091 -2.7612135564 -2.0608944913 1
20.0603196621 -29.583810091 -1.6246621491 -2.0780699369 1
23.3023836613 -29.583810091 0 -0 0
26.5444476604 -29.583810091 0 -0 0
29.7865116596 -29.583810091 0 -0 0
33.0285756588 -29.583810091 0 -0 0
36.270639658 -29.583810091 0 -0 0
39.5127036572 -29.583810091 0 -0 0
42.7547676563 -29.583810091 0 -0 0
-35.0547683239 -32.8258740902 0 -0 0
-31.8127043247 -32.8258740902 0 -0 0
-28.5706403255 -32.8258740902 0 -0 0
-25.3285763264 -32.8258740902 0 -0 0
-22.0865123272 -32.8258740902 0 -0 0
-18.844448328 -32.8258740902 0 -0 0
-15.6023843288 -32.8258740902 0 -0 0
-12.3603203297 -32.8258740902 0 -0 0
-9.1182563305 -32.8258740902 -3.5499404144 3.0916593032 1
-5.8761923313 -32.8258740902 -3.8938578507 2.1972696454 1
-2.6341283321 -32.8258740902 -4.2702502203 1.3930089937 1
0.607935667 -32.8258740902 -4.3786720035 0.9195487936 1
3.8499996662 -32.8258740902 -4.1227938414 0.4040176441 1
7.0920636654 -32.8258740902 -3.5408695109 -0.2118416163 1
10.3341276646 -32.8258740902 -3.0631908214 -1.0201975656 1
13.5761916637 -32.8258740902 -2.9025366132 -1.5612561054 1
16.8182556629 -32.8258740902 -2.6739043749 -1.7868565569 1
20.0603196621 -32.8258740902 0 -0 0
23.3023836613 -32.8258740902 0 -0 0
26.5444476604 -32.8258740902 0 -0 0
29.7865116596 -32.8258740902 0 -0 0
33.0285756588 -32.8258740902 0 -0 0
36.270639658 -32.8258740902 0 -0 0
39.5127036572 -32.8258740902 0 -0 0
42.7547676563 -32.8258740902 0 -0 0
-35.0547683239 -36.0679380894 0 -0 0
-31.8127043247 -36.0679380894 0 -0 0
-28.5706403255 -36.0679380894 0 -0 0
-25.3285763264 -36.0679380894 0 -0 0
-22.0865123272 -36.0679380894 0 -0 0
-18.844448328 -36.0679380894 0 -0 0
-15.6023843288 -36.0679380894 0 -0 0
-12.3603203297 -36.0679380894 0 -0 0
-9.1182563305 -36.0679380894 0 -0 0
-5.8761923313 -36.0679380894 0 -0 0
-2.6341283321 -36.0679380894 0 -0 0
0.607935667 -36.0679380894 0 -0 0
3.8499996662 -36.0679380894 0 -0 0
7.0920636654 -36.0679380894 0 -0 0
10.3341276646 -36.0679380894 0 -0 0
13.5761916637 -36.0679380894 0 -0 0
16.8182556629 -36.0679380894 0 -0 0
20.0603196621 -36.0679380894 0 -0 0
23.3023836613 -36.0679380894 0 -0 0
26.5444476604 -36.0679380894 0 -0 0
29.7865116596 -36.0679380894 0 -0 0
33.0285756588 -36.0679380894 0 -0 0
36.270639658 -36.0679380894 0 -0 0
39.5127036572 -36.0679380894 0 -0 0
42.7547676563 -36.0679380894 0 -0 0
-35.0547683239 -39.3100020885 0 -0 0
-31.8127043247 -39.3100020885 0 -0 0
-28.5706403255 -39.3100020885 0 -0 0
-25.3285763264 -39.3100020885 0 -0 0
-22.0865123272 -39.3100020885 0 -0 0
-18.844448328 -39.3100020885 0 -0 0
-15.6023843288 -39.3100020885 0 -0 0
-12.3603203297 -39.3100020885 0 -0 0
-9.1182563305 -39.3100020885 0 -0 0
-5.8761923313 -39.3100020885 0 -0 0
-2.6341283321 -39.3100020885 0 -0 0
0.607935667 -39.3100020885 0 -0 0
3.8499996662 -39.3100020885 0 -0 0
7.0920636654 -39.3100020885 0 -0 0
10.3341276646 -39.3100020885 0 -0 0
13.5761916637 -39.3100020885 0 -0 0
16.8182556629 -39.3100020885 0 -0 0
20.0603196621 -39.3100020885 0 -0 0
23.3023836613 -39.3100020885 0 -0 0
26.5444476604 -39.3100020885 0 -0 0
29.7865116596 -39.3100020885 0 -0 0
33.0285756588 -39.3100020885 0 -0 0
36.270639658 -39.3100020885 0 -0 0
39.5127036572 -39.3100020885 0 -0 0
42.7547676563 -39.3100020885 0 -0 0
-35.0547683239 -42.5520660877 0 -0 0
-31.8127043247 -42.5520660877 0 -0 0
-28.5706403255 -42.5520660877 0 -0 0
-25.3285763264 -42.5520660877 0 -0 0
-22.0865123272 -42.5520660877 0 -0 0
-18.844448328 -42.5520660877 0 -0 0
-15.6023843288 -42.5520660877 0 -0 0
-12.3603203297 -42.5520660877 0 -0 0
-9.1182563305 -42.5520660877 0 -0 0
-5.8761923313 -42.5520660877 0 -0 0
-2.6341283321 -42.5520660877 0 -0 0
0.607935667 -42.5520660877 0 -0 0
3.8499996662 -42.5520660877 0 -0 0
7.0920636654 -42.5520660877 0 -0 0
10.3341276646 -42.5520660877 0 -0 0
13.5761916637 -42.5520660877 0 -0 0
16.8182556629 -42.5520660877 0 -0 0
20.0603196621 -42.5520660877 0 -0 0
23.3023836613 -42.5520660877 0 -0 0
26.5444476604 -42.5520660877 0 -0 0
29.7865116596 -42.5520660877 0 -0 0
33.0285756588 -42.5520660877 0 -0 0
36.270639658 -42.5520660877 0 -0 0
39.5127036572 -42.5520660877 0 -0 0
42.7547676563 -42.5520660877 0 -0 0
