TITLE = "B00070"
VARIABLES = "x", "y", "Vx", "Vy", "isValid"
ZONE T="Frame 0", I=25, J=25, F=POINT
-35.0547683239 35.2574698925 0 -0 0
-31.8127043247 35.2574698925 0 -0 0
-28.5706403255 35.2574698925 0 -0 0
-25.3285763264 35.2574698925 0 -0 0
-22.0865123272 35.2574698925 0 -0 0
-18.844448328 35.2574698925 0 -0 0
-15.6023843288 35.2574698925 0 -0 0
-12.3603203297 35.2574698925 0 -0 0
-9.1182563305 35.2574698925 0 -0 0
-5.8761923313 35.2574698925 0 -0 0
-2.6341283321 35.2574698925 0 -0 0
0.607935667 35.2574698925 0 -0 0
3.8499996662 35.2574698925 0 -0 0
7.0920636654 35.2574698925 0 -0 0
10.3341276646 35.2574698925 0 -0 0
13.5761916637 35.2574698925 0 -0 0
16.8182556629 35.2574698925 0 -0 0
20.0603196621 35.2574698925 0 -0 0
23.3023836613 35.2574698925 0 -0 0
26.5444476604 35.2574698925 0 -0 0
29.7865116596 35.2574698925 0 -0 0
33.0285756588 35.2574698925 0 -0 0
36.270639658 35.2574698925 0 -0 0
39.5127036572 35.2574698925 0 -0 0
42.7547676563 35.2574698925 0 -0 0
-35.0547683239 32.0154058933 0 -0 0
-31.8127043247 32.0154058933 0 -0 0
-28.5706403255 32.0154058933 0 -0 0
-25.3285763264 32.0154058933 0 -0 0
-22.0865123272 32.0154058933 0 -0 0
-18.844448328 32.0154058933 0 -0 0
-15.6023843288 32.0154058933 0 -0 0
-12.3603203297 32.0154058933 0 -0 0
-9.1182563305 32.0154058933 0 -0 0
-5.8761923313 32.0154058933 0 -0 0
-2.6341283321 32.0154058933 0 -0 0
0.607935667 32.0154058933 0 -0 0
3.8499996662 32.0154058933 0 -0 0
7.0920636654 32.0154058933 0 -0 0
10.3341276646 32.0154058933 0 -0 0
13.5761916637 32.0154058933 0 -0 0
16.8182556629 32.0154058933 0 -0 0
20.0603196621 32.0154058933 0 -0 0
23.3023836613 32.0154058933 0 -0 0
26.5444476604 32.0154058933 0 -0 0
29.7865116596 32.0154058933 0 -0 0
33.0285756588 32.0154058933 0 -0 0
36.270639658 32.0154058933 0 -0 0
39.5127036572 32.0154058933 0 -0 0
42.7547676563 32.0154058933 0 -0 0
-35.0547683239 28.7733418941 0 -0 0
-31.8127043247 28.7733418941 0 -0 0
-28.5706403255 28.7733418941 0 -0 0
-25.3285763264 28.7733418941 0 -0 0
-22.0865123272 28.7733418941 0 -0 0
-18.844448328 28.7733418941 0 -0 0
-15.6023843288 28.7733418941 0 -0 0
-12.3603203297 28.7733418941 0 -0 0
-9.1182563305 28.7733418941 0 -0 0
-5.8761923313 28.7733418941 0 -0 0
-2.6341283321 28.7733418941 0 -0 0
0.607935667 28.7733418941 0 -0 0
3.8499996662 28.7733418941 0 -0 0
7.0920636654 28.7733418941 0 -0 0
10.3341276646 28.7733418941 0 -0 0
13.5761916637 28.7733418941 0 -0 0
16.8182556629 28.7733418941 0 -0 0
20.0603196621 28.7733418941 0 -0 0
23.3023836613 28.7733418941 0 -0 0
26.5444476604 28.7733418941 0 -0 0
29.7865116596 28.7733418941 0 -0 0
33.0285756588 28.7733418941 0 -0 0
36.270639658 28.7733418941 0 -0 0
39.5127036572 28.7733418941 0 -0 0
42.7547676563 28.7733418941 0 -0 0
-35.0547683239 25.531277895 0 -0 0
-31.8127043247 25.531277895 0 -0 0
-28.5706403255 25.531277895 0 -0 0
-25.3285763264 25.531277895 0 -0 0
-22.0865123272 25.531277895 0 -0 0
-18.844448328 25.531277895 0 -0 0
-15.6023843288 25.531277895 0 -0 0
-12.3603203297 25.531277895 0 -0 0
-9.1182563305 25.531277895 0.1318082628 2.0523966714 1
-5.8761923313 25.531277895 0.9103612656 0.0208647744 1
-2.6341283321 25.531277895 1.4800281612 -0.4572665526 1
0.607935667 25.531277895 1.420771538 0.7304099498 1
3.8499996662 25.531277895 0.7046206637 1.8911012921 1
7.0920636654 25.531277895 0.9916479373 2.0034060331 1
10.3341276646 25.531277895 2.6086531714 1.2559342429 1
13.5761916637 25.531277895 3.9084959373 -0.2261604761 1
16.8182556629 25.531277895 3.0789463907 -1.8684593606 1
20.0603196621 25.531277895 0 -0 0
23.3023836613 25.531277895 0 -0 0
26.5444476604 25.531277895 0 -0 0
29.7865116596 25.531277895 0 -0 0
33.0285756588 25.531277895 0 -0 0
36.270639658 25.531277895 0 -0 0
39.5127036572 25.531277895 0 -0 0
42.7547676563 25.531277895 0 -0 0
-35.0547683239 22.2892138958 0 -0 0
-31.8127043247 22.2892138958 0 -0 0
-28.5706403255 22.2892138958 0 -0 0
-25.3285763264 22.2892138958 0 -0 0
-22.0865123272 22.2892138958 0 -0 0
-18.844448328 22.2892138958 0 -0 0
-15.6023843288 22.2892138958 0.0552346877 6.7524340072 1
-12.3603203297 22.2892138958 0.929233467 6.9304920791 1
-9.1182563305 22.2892138958 2.0031558752 5.4344904984 1
-5.8761923313 22.2892138958 2.5599978383 3.1992039486 1
-2.6341283321 22.2892138958 2.0133546782 2.1151352751 1
0.607935667 22.2892138958 1.6224904404 2.7812557782 1
3.8499996662 22.2892138958 1.0304160703 3.1495642886 1
7.0920636654 22.2892138958 1.5578080933 2.5315634758 1
10.3341276646 22.2892138958 2.7513461333 1.3155661784 1
13.5761916637 22.2892138958 3.5820273538 -0.1525452879 1
16.8182556629 22.2892138958 1.8633545997 -1.6263252386 1
20.0603196621 22.2892138958 -0.6189450947 -2.6802732107 1
23.3023836613 22.2892138958 0 -0 0
26.5444476604 22.2892138958 0 -0 0
29.7865116596 22.2892138958 0 -0 0
33.0285756588 22.2892138958 0 -0 0
36.270639658 22.2892138958 0 -0 0
39.5127036572 22.2892138958 0 -0 0
42.7547676563 22.2892138958 0 -0 0
-35.0547683239 19.0471498966 0 -0 0
-31.8127043247 19.0471498966 0 -0 0
-28.5706403255 19.0471498966 0 -0 0
-25.3285763264 19.0471498966 0 -0 0
-22.0865123272 19.0471498966 0 -0 0
-18.844448328 19.0471498966 0.9462977984 4.7428227901 1
-15.6023843288 19.0471498966 0.5054746738 6.6914051429 1
-12.3603203297 19.0471498966 1.5859290412 7.8834176274 1
-9.1182563305 19.0471498966 3.6545897501 7.2037140187 1
-5.8761923313 19.0471498966 4.3441333053 5.3003013952 1
-2.6341283321 19.0471498966 3.6470037912 4.0794538729 1
0.607935667 19.0471498966 3.237536834 3.9875714971 1
3.8499996662 19.0471498966 2.8387389525 3.3749705923 1
7.0920636654 19.0471498966 2.6338763942 2.4767814633 1
10.3341276646 19.0471498966 2.3223766734 1.2458359107 1
13.5761916637 19.0471498966 2.2983352466 -0.1528566266 1
16.8182556629 19.0471498966 0.9260610513 -1.6268148355 1
20.0603196621 19.0471498966 -0.5611835688 -2.6864056269 1
23.3023836613 19.0471498966 -1.829944405 -3.1398946368 1
26.5444476604 19.0471498966 0 -0 0
29.7865116596 19.0471498966 0 -0 0
33.0285756588 19.0471498966 0 -0 0
36.270639658 19.0471498966 0 -0 0
39.5127036572 19.0471498966 0 -0 0
42.7547676563 19.0471498966 0 -0 0
-35.0547683239 15.8050858974 0 -0 0
-31.8127043247 15.8050858974 0 -0 0
-28.5706403255 15.8050858974 0 -0 0
-25.3285763264 15.8050858974 0 -0 0
-22.0865123272 15.8050858974 0.8626118301 4.0742133896 1
-18.844448328 15.8050858974 0.1867549085 3.402211383 1
-15.6023843288 15.8050858974 0.2429525135 5.065076281 1
-12.3603203297 15.8050858974 1.7022586522 5.861429256 1
-9.1182563305 15.8050858974 4.1974387229 5.2086980126 1
-5.8761923313 15.8050858974 4.7933438151 3.8052026174 1
-2.6341283321 15.8050858974 4.1855416543 3.3290562771 1
0.607935667 15.8050858974 4.2838502347 3.3402147987 1
3.8499996662 15.8050858974 4.2153631324 2.8543828036 1
7.0920636654 15.8050858974 3.3303253339 2.4342016306 1
10.3341276646 15.8050858974 1.758608039 1.1431943299 1
13.5761916637 15.8050858974 1.0596600868 -0.6561212074 1
16.8182556629 15.8050858974 0.3501288478 -2.1999643155 1
20.0603196621 15.8050858974 -0.5424390883 -3.0242640186 1
23.3023836613 15.8050858974 -1.2645310239 -3.0599401275 1
26.5444476604 15.8050858974 -0.8226000033 -2.7585685556 1
29.7865116596 15.8050858974 0 -0 0
33.0285756588 15.8050858974 0 -0 0
36.270639658 15.8050858974 0 -0 0
39.5127036572 15.8050858974 0 -0 0
42.7547676563 15.8050858974 0 -0 0
-35.0547683239 12.5630218983 0 -0 0
-31.8127043247 12.5630218983 0 -0 0
-28.5706403255 12.5630218983 0 -0 0
-25.3285763264 12.5630218983 0 -0 0
-22.0865123272 12.5630218983 0.6912627303 4.4617132529 1
-18.844448328 12.5630218983 0.9148723356 2.6708822501 1
-15.6023843288 12.5630218983 0.8178927473 2.2389647918 1
-12.3603203297 12.5630218983 1.3393286119 1.8895423721 1
-9.1182563305 12.5630218983 2.6421021655 1.1137206119 1
-5.8761923313 12.5630218983 2.8707525203 1.077479119 1
-2.6341283321 12.5630218983 2.9750645883 1.9895365366 1
0.607935667 12.5630218983 3.5126274847 2.3269865535 1
3.8499996662 12.5630218983 3.8642145176 1.9969870751 1
7.0920636654 12.5630218983 3.2335666153 1.7821514145 1
10.3341276646 12.5630218983 1.8391083061 0.8860835702 1
13.5761916637 12.5630218983 0.9459242222 -0.9814571357 1
16.8182556629 12.5630218983 0.2731090138 -2.7502081187 1
20.0603196621 12.5630218983 -0.5596204217 -3.5547542554 1
23.3023836613 12.5630218983 -1.1517506508 -3.0692229933 1
26.5444476604 12.5630218983 -0.7964543516 -2.3691177023 1
29.7865116596 12.5630218983 0.5885709895 -1.5561360965 1
33.0285756588 12.5630218983 0 -0 0
36.270639658 12.5630218983 0 -0 0
39.5127036572 12.5630218983 0 -0 0
42.7547676563 12.5630218983 0 -0 0
-35.0547683239 9.3209578991 0 -0 0
-31.8127043247 9.3209578991 0 -0 0
-28.5706403255 9.3209578991 0 -0 0
-25.3285763264 9.3209578991 -0.1813780801 7.8280090879 1
-22.0865123272 9.3209578991 1.446788261 5.3312998384 1
-18.844448328 9.3209578991 3.0957442593 3.1402566637 1
-15.6023843288 9.3209578991 3.3023028187 1.3365545315 1
-12.3603203297 9.3209578991 2.0612358353 -0.1640238667 1
-9.1182563305 9.3209578991 1.0402413726 -1.0035146609 1
-5.8761923313 9.3209578991 0.9015085898 0.1005094924 1
-2.6341283321 9.3209578991 1.4434903134 1.6939986106 1
0.607935667 9.3209578991 2.599404123 1.8154877847 1
3.8499996662 9.3209578991 3.1880411998 1.1300710044 1
7.0920636654 9.3209578991 3.1963418524 0.9319399128 1
10.3341276646 9.3209578991 2.4679309766 0.4946717628 1
13.5761916637 9.3209578991 1.7355091202 -1.0837852266 1
16.8182556629 9.3209578991 0.6875638809 -2.9238469861 1
20.0603196621 9.3209578991 -0.3887407642 -3.8309122667 1
23.3023836613 9.3209578991 -1.1900533421 -3.451784314 1
26.5444476604 9.3209578991 -0.7810973441 -2.5816645012 1
29.7865116596 9.3209578991 0.5450814471 -1.9997554187 1
33.0285756588 9.3209578991 0 -0 0
36.270639658 9.3209578991 0 -0 0
39.5127036572 9.3209578991 0 -0 0
42.7547676563 9.3209578991 0 -0 0
-35.0547683239 6.0788938999 0 -0 0
-31.8127043247 6.0788938999 0 -0 0
-28.5706403255 6.0788938999 0 -0 0
-25.3285763264 6.0788938999 0.3702045473 8.6206687239 1
-22.0865123272 6.0788938999 1.5507826873 7.1091993235 1
-18.844448328 6.0788938999 3.9643072657 6.1399659563 1
-15.6023843288 6.0788938999 4.7307783744 4.4184777558 1
-12.3603203297 6.0788938999 2.8528755155 2.0506955374 1
-9.1182563305 6.0788938999 0.3557779702 0.1453631276 1
-5.8761923313 6.0788938999 -0.389228172 0.6740497686 1
-2.6341283321 6.0788938999 0.0139155755 1.7323099072 1
0.607935667 6.0788938999 1.0902931816 1.198225368 1
3.8499996662 6.0788938999 1.8669502608 0.1351620883 1
7.0920636654 6.0788938999 2.2551886711 -0.1595234779 1
10.3341276646 6.0788938999 2.243289187 -0.1835348804 1
13.5761916637 6.0788938999 2.1641952088 -1.1849646595 1
16.8182556629 6.0788938999 1.5182491775 -2.7874911562 1
20.0603196621 6.0788938999 0.6273517663 -3.83881164 1
23.3023836613 6.0788938999 -0.5562945445 -4.1430519508 1
26.5444476604 6.0788938999 -0.8583490309 -3.7017601387 1
29.7865116596 6.0788938999 -0.0951566872 -3.157107372 1
33.0285756588 6.0788938999 0.8019689216 -2.6670485086 1
36.270639658 6.0788938999 0 -0 0
39.5127036572 6.0788938999 0 -0 0
42.7547676563 6.0788938999 0 -0 0
-35.0547683239 2.8368299007 0 -0 0
-31.8127043247 2.8368299007 0 -0 0
-28.5706403255 2.8368299007 1.5220832209 8.3522077857 1
-25.3285763264 2.8368299007 -0.0345688592 7.8378855692 1
-22.0865123272 2.8368299007 0.1173151077 7.6071285739 1
-18.844448328 2.8368299007 2.2984383594 8.5340377012 1
-15.6023843288 2.8368299007 3.586366544 8.266794792 1
-12.3603203297 2.8368299007 2.5559913867 5.5481796377 1
-9.1182563305 2.8368299007 0.036679491 1.8814305834 1
-5.8761923313 2.8368299007 -1.2383617454 0.5234777388 1
-2.6341283321 2.8368299007 -1.5677707786 0.5646146723 1
0.607935667 2.8368299007 -0.7483599488 0.01896993 1
3.8499996662 2.8368299007 0.1453609763 -0.6190380925 1
7.0920636654 2.8368299007 0.8352265607 -0.3433460512 1
10.3341276646 2.8368299007 1.3024171125 0.0932070936 1
13.5761916637 2.8368299007 1.9305783819 -0.6425985654 1
16.8182556629 2.8368299007 2.1181048622 -2.2314778695 1
20.0603196621 2.8368299007 1.5820835241 -3.6395706143 1
23.3023836613 2.8368299007 0.2603464509 -4.3177213419 1
26.5444476604 2.8368299007 -0.845008912 -4.0862837722 1
29.7865116596 2.8368299007 -0.8673820407 -3.4556298312 1
33.0285756588 2.8368299007 -0.2165334733 -2.702279255 1
36.270639658 2.8368299007 0 -0 0
39.5127036572 2.8368299007 0 -0 0
42.7547676563 2.8368299007 0 -0 0
-35.0547683239 -0.4052340984 0 -0 0
-31.8127043247 -0.4052340984 0 -0 0
-28.5706403255 -0.4052340984 -0.1059338293 5.7417218341 1
-25.3285763264 -0.4052340984 -0.90092675 5.8644112226 1
-22.0865123272 -0.4052340984 -1.5364719045 6.8208676659 1
-18.844448328 -0.4052340984 -0.6291618255 8.7040502604 1
-15.6023843288 -0.4052340984 0.5122224452 9.2054959126 1
-12.3603203297 -0.4052340984 1.2329444757 6.7652628649 1
-9.1182563305 -0.4052340984 -0.3089489821 2.8957046003 1
-5.8761923313 -0.4052340984 -1.9592920395 0.5005034084 1
-2.6341283321 -0.4052340984 -2.9582440741 -0.2752733249 1
0.607935667 -0.4052340984 -2.3160576578 -0.839267509 1
3.8499996662 -0.4052340984 -1.3803045355 -0.9869323025 1
7.0920636654 -0.4052340984 -0.6246442637 -0.3562331458 1
10.3341276646 -0.4052340984 0.1256352544 0.1815294467 1
13.5761916637 -0.4052340984 1.1163937687 -0.6392920124 1
16.8182556629 -0.4052340984 1.8669008935 -2.2432784681 1
20.0603196621 -0.4052340984 1.6906319714 -3.4604844342 1
23.3023836613 -0.4052340984 0.634617668 -4.1131208682 1
26.5444476604 -0.4052340984 -0.6302482837 -3.9323537841 1
29.7865116596 -0.4052340984 -0.9766003436 -3.1106238985 1
33.0285756588 -0.4052340984 -0.604524179 -2.1917106146 1
36.270639658 -0.4052340984 0 -0 0
39.5127036572 -0.4052340984 0 -0 0
42.7547676563 -0.4052340984 0 -0 0
-35.0547683239 -3.6472980976 0 -0 0
-31.8127043247 -3.6472980976 0 -0 0
-28.5706403255 -3.6472980976 -2.1856902184 2.7399098262 1
-25.3285763264 -3.6472980976 -1.8364652679 2.8534425602 1
-22.0865123272 -3.6472980976 -2.4965049867 4.1867376415 1
-18.844448328 -3.6472980976 -2.6158749898 6.0608357453 1
-15.6023843288 -3.6472980976 -1.9654092077 6.8578668791 1
-12.3603203297 -3.6472980976 -0.5094827105 5.3626328318 1
-9.1182563305 -3.6472980976 -1.0771806506 2.6917783603 1
-5.8761923313 -3.6472980976 -2.931172974 0.6333294379 1
-2.6341283321 -3.6472980976 -4.095316933 -0.5295412371 1
0.607935667 -3.6472980976 -3.5245357252 -1.2911748024 1
3.8499996662 -3.6472980976 -2.5853191918 -1.4003093167 1
7.0920636654 -3.6472980976 -1.8014454272 -0.6724566538 1
10.3341276646 -3.6472980976 -1.0539658621 -0.1790344727 1
13.5761916637 -3.6472980976 0.0834784218 -1.0259779945 1
16.8182556629 -3.6472980976 1.234743816 -2.6484254083 1
20.0603196621 -3.6472980976 1.6662555414 -3.7952657479 1
23.3023836613 -3.6472980976 1.3099922016 -4.0614349559 1
26.5444476604 -3.6472980976 0.3499871621 -3.6671997008 1
29.7865116596 -3.6472980976 -0.1711523477 -2.7829390978 1
33.0285756588 -3.6472980976 -0.3022112313 -1.9612529936 1
36.270639658 -3.6472980976 0 -0 0
39.5127036572 -3.6472980976 0 -0 0
42.7547676563 -3.6472980976 0 -0 0
-35.0547683239 -6.8893620968 0 -0 0
-31.8127043247 -6.8893620968 0 -0 0
-28.5706403255 -6.8893620968 -4.0587476834 1.7496974661 1
-25.3285763264 -6.8893620968 -3.373143247 2.0050002802 1
-22.0865123272 -6.8893620968 -3.520481869 3.4515243431 1
-18.844448328 -6.8893620968 -3.5688911204 4.777469885 1
-15.6023843288 -6.8893620968 -3.1860248396 4.9652281048 1
-12.3603203297 -6.8893620968 -2.3027390522 3.4575580247 1
-9.1182563305 -6.8893620968 -2.531730902 1.1568522414 1
-5.8761923313 -6.8893620968 -4.0754688591 -0.2379625844 1
-2.6341283321 -6.8893620968 -4.767419184 -1.0885089384 1
0.607935667 -6.8893620968 -4.176673957 -1.5888835313 1
3.8499996662 -6.8893620968 -3.3033873898 -1.3970542446 1
7.0920636654 -6.8893620968 -2.5924326135 -0.6846609472 1
10.3341276646 -6.8893620968 -1.9817940215 -0.2558160001 1
13.5761916637 -6.8893620968 -0.8754466512 -0.9537419206 1
16.8182556629 -6.8893620968 0.3607206644 -2.5050570049 1
20.0603196621 -6.8893620968 1.3260098554 -4.0701673838 1
23.3023836613 -6.8893620968 1.7532766715 -4.7868593359 1
26.5444476604 -6.8893620968 1.3745394302 -4.4819254673 1
29.7865116596 -6.8893620968 0.8412449943 -3.3131953305 1
33.0285756588 -6.8893620968 0.1694231898 -2.3823075302 1
36.270639658 -6.8893620968 0 -0 0
39.5127036572 -6.8893620968 0 -0 0
42.7547676563 -6.8893620968 0 -0 0
-35.0547683239 -10.131426096 0 -0 0
-31.8127043247 -10.131426096 0 -0 0
-28.5706403255 -10.131426096 -5.2200491724 2.3219532015 1
-25.3285763264 -10.131426096 -4.564944373 3.0630005988 1
-22.0865123272 -10.131426096 -4.0129936988 5.1433544153 1
-18.844448328 -10.131426096 -3.2092419681 6.4250861723 1
-15.6023843288 -10.131426096 -3.0265635992 5.5483813341 1
-12.3603203297 -10.131426096 -3.0936400344 2.5327185501 1
-9.1182563305 -10.131426096 -3.3306879648 -0.1376033829 1
-5.8761923313 -10.131426096 -4.0636358019 -0.7504105038 1
-2.6341283321 -10.131426096 -3.9957284259 -0.7896042977 1
0.607935667 -10.131426096 -3.4852109645 -1.0087042672 1
3.8499996662 -10.131426096 -2.8597057168 -0.6228578314 1
7.0920636654 -10.131426096 -2.2798827428 0.1536295949 1
10.3341276646 -10.131426096 -1.899135784 0.4192107355 1
13.5761916637 -10.131426096 -1.0611694885 -0.1709741461 1
16.8182556629 -10.131426096 -0.2013066966 -1.5955224531 1
20.0603196621 -10.131426096 0.749362694 -3.4779900519 1
23.3023836613 -10.131426096 1.3942801642 -4.8296346753 1
26.5444476604 -10.131426096 1.2782618541 -4.8291256032 1
29.7865116596 -10.131426096 0.8402014872 -3.7732231688 1
33.0285756588 -10.131426096 0.0568496696 -2.8318236039 1
36.270639658 -10.131426096 0 -0 0
39.5127036572 -10.131426096 0 -0 0
42.7547676563 -10.131426096 0 -0 0
-35.0547683239 -13.3734900951 0 -0 0
-31.8127043247 -13.3734900951 0 -0 0
-28.5706403255 -13.3734900951 0 -0 0
-25.3285763264 -13.3734900951 -4.7499878437 5.403045183 1
-22.0865123272 -13.3734900951 -3.4158841651 7.7930534096 1
-18.844448328 -13.3734900951 -2.2042456841 8.2836177217 1
-15.6023843288 -13.3734900951 -2.5504797606 5.6163789904 1
-12.3603203297 -13.3734900951 -3.3651816738 1.7935483184 1
-9.1182563305 -13.3734900951 -3.3830224457 -0.0527529378 1
-5.8761923313 -13.3734900951 -2.8623872524 0.4354924743 1
-2.6341283321 -13.3734900951 -2.0232316124 0.6404600702 1
0.607935667 -13.3734900951 -1.639105031 0.1415884627 1
3.8499996662 -13.3734900951 -1.4666299942 0.514494134 1
7.0920636654 -13.3734900951 -1.4859176661 1.6131633402 1
10.3341276646 -13.3734900951 -1.4595058536 1.6883559422 1
13.5761916637 -13.3734900951 -1.0107676547 0.8676096286 1
16.8182556629 -13.3734900951 -0.428404793 -0.6950294409 1
20.0603196621 -13.3734900951 0.1903498714 -2.3357126406 1
23.3023836613 -13.3734900951 0.4451588803 -3.527496556 1
26.5444476604 -13.3734900951 0.3866258581 -3.800186778 1
29.7865116596 -13.3734900951 0.1085118654 -3.5283253833 1
33.0285756588 -13.3734900951 -0.3370596075 -3.1158643818 1
36.270639658 -13.3734900951 0 -0 0
39.5127036572 -13.3734900951 0 -0 0
42.7547676563 -13.3734900951 0 -0 0
-35.0547683239 -16.6155540943 0 -0 0
-31.8127043247 -16.6155540943 0 -0 0
-28.5706403255 -16.6155540943 0 -0 0
-25.3285763264 -16.6155540943 -4.4638392175 6.8014951487 1
-22.0865123272 -16.6155540943 -3.0796837299 8.5937150788 1
-18.844448328 -16.6155540943 -2.448417755 8.1219085326 1
-15.6023843288 -16.6155540943 -3.539198269 4.5445081185 1
-12.3603203297 -16.6155540943 -4.5519757167 0.8594311865 1
-9.1182563305 -16.6155540943 -4.0549658758 0.4366819698 1
-5.8761923313 -16.6155540943 -2.4179692969 1.633526676 1
-2.6341283321 -16.6155540943 -0.8503660199 1.4956314013 1
0.607935667 -16.6155540943 -0.2268984003 0.5743454672 1
3.8499996662 -16.6155540943 -0.5872347131 0.9716984113 1
7.0920636654 -16.6155540943 -1.588767586 2.4368362144 1
10.3341276646 -16.6155540943 -2.1407034651 2.3865437586 1
13.5761916637 -16.6155540943 -1.8507694081 1.1266592251 1
16.8182556629 -16.6155540943 -1.1341183689 -0.5918854307 1
20.0603196621 -16.6155540943 -0.381189302 -1.665478195 1
23.3023836613 -16.6155540943 -0.3904155539 -2.165019658 1
26.5444476604 -16.6155540943 -0.3580088592 -2.3614029657 1
29.7865116596 -16.6155540943 -0.6621597201 -2.7697974294 1
33.0285756588 -16.6155540943 0 -0 0
36.270639658 -16.6155540943 0 -0 0
39.5127036572 -16.6155540943 0 -0 0
42.7547676563 -16.6155540943 0 -0 0
-35.0547683239 -19.8576180935 0 -0 0
-31.8127043247 -19.8576180935 0 -0 0
-28.5706403255 -19.8576180935 0 -0 0
-25.3285763264 -19.8576180935 0 -0 0
-22.0865123272 -19.8576180935 -3.9193908647 7.3942651902 1
-18.844448328 -19.8576180935 -4.3097190067 6.0468921223 1
-15.6023843288 -19.8576180935 -5.3286584608 3.0135327431 1
-12.3603203297 -19.8576180935 -5.8791127168 0.719122424 1
-9.1182563305 -19.8576180935 -5.0330841509 1.0159615637 1
-5.8761923313 -19.8576180935 -3.4409799689 2.0201740096 1
-2.6341283321 -19.8576180935 -1.7630719308 1.3756172076 1
0.607935667 -19.8576180935 -0.9128927367 0.3396036091 1
3.8499996662 -19.8576180935 -1.281512699 0.6235277247 1
7.0920636654 -19.8576180935 -2.7085689823 1.8393359694 1
10.3341276646 -19.8576180935 -3.6311751523 1.752632481 1
13.5761916637 -19.8576180935 -3.4663804309 0.4220148968 1
16.8182556629 -19.8576180935 -2.2554226752 -1.293147985 1
20.0603196621 -19.8576180935 -0.9095861082 -1.9890341073 1
23.3023836613 -19.8576180935 -0.6859406475 -1.6928584824 1
26.5444476604 -19.8576180935 -0.7009775223 -1.4316563504 1
29.7865116596 -19.8576180935 -1.1066943002 -2.0145373801 1
33.0285756588 -19.8576180935 0 -0 0
36.270639658 -19.8576180935 0 -0 0
39.5127036572 -19.8576180935 0 -0 0
42.7547676563 -19.8576180935 0 -0 0
-35.0547683239 -23.0996820927 0 -0 0
-31.8127043247 -23.0996820927 0 -0 0
-28.5706403255 -23.0996820927 0 -0 0
-25.3285763264 -23.0996820927 0 -0 0
-22.0865123272 -23.0996820927 -5.3338802238 5.3401980317 1
-18.844448328 -23.0996820927 -6.1186308243 3.8774467681 1
-15.6023843288 -23.0996820927 -6.4569155563 1.9869643036 1
-12.3603203297 -23.0996820927 -6.3655138701 0.8804452045 1
-9.1182563305 -23.0996820927 -5.7017660173 1.5737784933 1
-5.8761923313 -23.0996820927 -4.8197705736 2.4004271444 1
-2.6341283321 -23.0996820927 -3.6694521787 1.8408132144 1
0.607935667 -23.0996820927 -2.6038680147 0.8728658128 1
3.8499996662 -23.0996820927 -2.7090412176 0.6774873638 1
7.0920636654 -23.0996820927 -3.8889857351 1.0238523317 1
10.3341276646 -23.0996820927 -4.7727614213 0.5874344091 1
13.5761916637 -23.0996820927 -4.7334279043 -0.8802927999 1
16.8182556629 -23.0996820927 -3.4055263903 -2.4258964489 1
20.0603196621 -23.0996820927 -1.6433305405 -2.9456060429 1
23.3023836613 -23.0996820927 -0.9061593074 -2.3444858305 1
26.5444476604 -23.0996820927 -0.7683331772 -1.5615246817 1
29.7865116596 -23.0996820927 0 -0 0
33.0285756588 -23.0996820927 0 -0 0
36.270639658 -23.0996820927 0 -0 0
39.5127036572 -23.0996820927 0 -0 0
42.7547676563 -23.0996820927 0 -0 0
-35.0547683239 -26.3417460918 0 -0 0
-31.8127043247 -26.3417460918 0 -0 0
-28.5706403255 -26.3417460918 0 -0 0
-25.3285763264 -26.3417460918 0 -0 0
-22.0865123272 -26.3417460918 0 -0 0
-18.844448328 -26.3417460918 -7.0714114411 2.4988497074 1
-15.6023843288 -26.3417460918 -6.6954288051 1.5955275861 1
-12.3603203297 -26.3417460918 -6.2121527383 1.5200270045 1
-9.1182563305 -26.3417460918 -6.0100384446 2.6263420672 1
-5.8761923313 -26.3417460918 -5.7785990632 3.6056049996 1
-2.6341283321 -26.3417460918 -4.9155543256 3.4037313526 1
0.607935667 -26.3417460918 -3.6551027474 2.3376686126 1
3.8499996662 -26.3417460918 -3.3837609927 1.3829883357 1
7.0920636654 -26.3417460918 -4.0933929667 0.8563865671 1
10.3341276646 -26.3417460918 -4.9329461117 0.0129665427 1
13.5761916637 -26.3417460918 -5.2049195263 -1.3739210556 1
16.8182556629 -26.3417460918 -4.237362534 -2.7517111797 1
20.0603196621 -26.3417460918 -2.5915962376 -3.2502080787 1
23.3023836613 -26.3417460918 -1.3957059283 -2.8045166882 1
26.5444476604 -26.3417460918 0 -0 0
29.7865116596 -26.3417460918 0 -0 0
33.0285756588 -26.3417460918 0 -0 0
36.270639658 -26.3417460918 0 -0 0
39.5127036572 -26.3417460918 0 -0 0
42.7547676563 -26.3417460918 0 -0 0
-35.0547683239 -29.583810091 0 -0 0
-31.8127043247 -29.583810091 0 -0 0
-28.5706403255 -29.583810091 0 -0 0
-25.3285763264 -29.583810091 0 -0 0
-22.0865123272 -29.583810091 0 -0 0
-18.844448328 -29.583810091 0 -0 0
-15.6023843288 -29.583810091 -6.8782418396 1.167582762 1
-12.3603203297 -29.583810091 -6.425912886 1.896980833 1
-9.1182563305 -29.583810091 -6.3023412267 3.3972942782 1
-5.8761923313 -29.583810091 -6.2811763892 4.3369981439 1
-2.6341283321 -29.583810091 -5.6845463374 4.1004656264 1
0.607935667 -29.583810091 -4.6074642705 2.903077691 1
3.8499996662 -29.583810091 -4.198095746 1.6668888621 1
7.0920636654 -29.583810091 -4.3802674583 0.8770334252 1
10.3341276646 -29.583810091 -4.9671264062 0.0128699217 1
13.5761916637 -29.583810091 -5.0732999387 -1.1301439986 1
16.8182556629 -29.583810091 -4.5364052371 -2.2854709109 1
20.0603196621 -29.583810091 -3.3681639424 -2.9405630288 1
23.3023836613 -29.583810091 0 -0 0
26.5444476604 -29.583810091 0 -0 0
29.7865116596 -29.583810091 0 -0 0
33.0285756588 -29.583810091 0 -0 0
36.270639658 -29.583810091 0 -0 0
39.5127036572 -29.583810091 0 -0 0
42.7547676563 -29.583810091 0 -0 0
-35.0547683239 -32.8258740902 0 -0 0
-31.8127043247 -32.8258740902 0 -0 0
-28.5706403255 -32.8258740902 0 -0 0
-25.3285763264 -32.8258740902 0 -0 0
-22.0865123272 -32.8258740902 0 -0 0
-18.844448328 -32.8258740902 0 -0 0
-15.6023843288 -32.8258740902 0 -0 0
-12.3603203297 -32.8258740902 0 -0 0
-9.1182563305 -32.8258740902 -7.0158199255 3.8012538365 1
-5.8761923313 -32.8258740902 -7.1509045849 3.9490867355 1
-2.6341283321 -32.8258740902 -7.0464391311 3.0898591325 1
0.607935667 -32.8258740902 -6.3100274299 1.7853613464 1
3.8499996662 -32.8258740902 -5.8088523166 0.8376893403 1
7.0920636654 -32.8258740902 -5.2298930441 0.5240971702 1
10.3341276646 -32.8258740902 -5.3030206734 0.2078164633 1
13.5761916637 -32.8258740902 -5.0394599314 -0.428971951 1
16.8182556629 -32.8258740902 -4.7065856753 -1.2369645901 1
20.0603196621 -32.8258740902 0 -0 0
23.3023836613 -32.8258740902 0 -0 0
26.5444476604 -32.8258740902 0 -0 0
29.7865116596 -32.8258740902 0 -0 0
33.0285756588 -32.8258740902 0 -0 0
36.270639658 -32.8258740902 0 -0 0
39.5127036572 -32.8258740902 0 -0 0
42.7547676563 -32.8258740902 0 -0 0
-35.0547683239 -36.0679380894 0 -0 0
-31.8127043247 -36.0679380894 0 -0 0
-28.5706403255 -36.0679380894 0 -0 0
-25.3285763264 -36.0679380894 0 -0 0
-22.0865123272 -36.0679380894 0 -0 0
-18.844448328 -36.0679380894 0 -0 0
-15.6023843288 -36.0679380894 0 -0 0
-12.3603203297 -36.0679380894 0 -0 0
-9.1182563305 -36.0679380894 0 -0 0
-5.8761923313 -36.0679380894 0 -0 0
-2.6341283321 -36.0679380894 0 -0 0
0.607935667 -36.0679380894 0 -0 0
3.8499996662 -36.0679380894 0 -0 0
7.0920636654 -36.0679380894 0 -0 0
10.3341276646 -36.0679380894 0 -0 0
13.5761916637 -36.0679380894 0 -0 0
16.8182556629 -36.0679380894 0 -0 0
20.0603196621 -36.0679380894 0 -0 0
23.3023836613 -36.0679380894 0 -0 0
26.5444476604 -36.0679380894 0 -0 0
29.7865116596 -36.0679380894 0 -0 0
33.0285756588 -36.0679380894 0 -0 0
36.270639658 -36.0679380894 0 -0 0
39.5127036572 -36.0679380894 0 -0 0
42.7547676563 -36.0679380894 0 -0 0
-35.0547683239 -39.3100020885 0 -0 0
-31.8127043247 -39.3100020885 0 -0 0
-28.5706403255 -39.3100020885 0 -0 0
-25.3285763264 -39.3100020885 0 -0 0
-22.0865123272 -39.3100020885 0 -0 0
-18.844448328 -39.3100020885 0 -0 0
-15.6023843288 -39.3100020885 0 -0 0
-12.3603203297 -39.3100020885 0 -0 0
-9.1182563305 -39.3100020885 0 -0 0
-5.8761923313 -39.3100020885 0 -0 0
-2.6341283321 -39.3100020885 0 -0 0
0.607935667 -39.3100020885 0 -0 0
3.8499996662 -39.3100020885 0 -0 0
7.0920636654 -39.3100020885 0 -0 0
10.3341276646 -39.3100020885 0 -0 0
13.5761916637 -39.3100020885 0 -0 0
16.8182556629 -39.3100020885 0 -0 0
20.0603196621 -39.3100020885 0 -0 0
23.3023836613 -39.3100020885 0 -0 0
26.5444476604 -39.3100020885 0 -0 0
29.7865116596 -39.3100020885 0 -0 0
33.0285756588 -39.3100020885 0 -0 0
36.270639658 -39.3100020885 0 -0 0
39.5127036572 -39.3100020885 0 -0 0
42.7547676563 -39.3100020885 0 -0 0
-35.0547683239 -42.5520660877 0 -0 0
-31.8127043247 -42.5520660877 0 -0 0
-28.5706403255 -42.5520660877 0 -0 0
-25.3285763264 -42.5520660877 0 -0 0
-22.0865123272 -42.5520660877 0 -0 0
-18.844448328 -42.5520660877 0 -0 0
-15.6023843288 -42.5520660877 0 -0 0
-12.3603203297 -42.5520660877 0 -0 0
-9.1182563305 -42.5520660877 0 -0 0
-5.8761923313 -42.5520660877 0 -0 0
-2.6341283321 -42.5520660877 0 -0 0
0.607935667 -42.5520660877 0 -0 0
3.8499996662 -42.5520660877 0 -0 0
7.0920636654 -42.5520660877 0 -0 0
10.3341276646 -42.5520660877 0 -0 0
13.5761916637 -42.5520660877 0 -0 0
16.8182556629 -42.5520660877 0 -0 0
20.0603196621 -42.5520660877 0 -0 0
23.3023836613 -42.5520660877 0 -0 0
26.5444476604 -42.5520660877 0 -0 0
29.7865116596 -42.5520660877 0 -0 0
33.0285756588 -42.5520660877 0 -0 0
36.270639658 -42.5520660877 0 -0 0
39.5127036572 -42.5520660877 0 -0 0
42.7547676563 -42.5520660877 0 -0 0
