TITLE = "B00070"
VARIABLES = "x", "y", "Vx", "Vy", "isValid"
ZONE T="Frame 0", I=25, J=25, F=POINT
-35.0547683239 35.2574698925 0 -0 0
-31.8127043247 35.2574698925 0 -0 0
-28.5706403255 35.2574698925 0 -0 0
-25.3285763264 35.2574698925 0 -0 0
-22.0865123272 35.2574698925 0 -0 0
-18.844448328 35.2574698925 0 -0 0
-15.6023843288 35.2574698925 0 -0 0
-12.3603203297 35.2574698925 0 -0 0
-9.1182563305 35.2574698925 0 -0 0
-5.8761923313 35.2574698925 0 -0 0
-2.6341283321 35.2574698925 0 -0 0
0.607935667 35.2574698925 0 -0 0
3.8499996662 35.2574698925 0 -0 0
7.0920636654 35.2574698925 0 -0 0
10.3341276646 35.2574698925 0 -0 0
13.5761916637 35.2574698925 0 -0 0
16.8182556629 35.2574698925 0 -0 0
20.0603196621 35.2574698925 0 -0 0
23.3023836613 35.2574698925 0 -0 0
26.5444476604 35.2574698925 0 -0 0
29.7865116596 35.2574698925 0 -0 0
33.0285756588 35.2574698925 0 -0 0
36.270639658 35.2574698925 0 -0 0
39.5127036572 35.2574698925 0 -0 0
42.7547676563 35.2574698925 0 -0 0
-35.0547683239 32.0154058933 0 -0 0
-31.8127043247 32.0154058933 0 -0 0
-28.5706403255 32.0154058933 0 -0 0
-25.3285763264 32.0154058933 0 -0 0
-22.0865123272 32.0154058933 0 -0 0
-18.844448328 32.0154058933 0 -0 0
-15.6023843288 32.0154058933 0 -0 0
-12.3603203297 32.0154058933 0 -0 0
-9.1182563305 32.0154058933 0 -0 0
-5.8761923313 32.0154058933 0 -0 0
-2.6341283321 32.0154058933 0 -0 0
0.607935667 32.0154058933 0 -0 0
3.8499996662 32.0154058933 0 -0 0
7.0920636654 32.0154058933 0 -0 0
10.3341276646 32.0154058933 0 -0 0
13.5761916637 32.0154058933 0 -0 0
16.8182556629 32.0154058933 0 -0 0
20.0603196621 32.0154058933 0 -0 0
23.3023836613 32.0154058933 0 -0 0
26.5444476604 32.0154058933 0 -0 0
29.7865116596 32.0154058933 0 -0 0
33.0285756588 32.0154058933 0 -0 0
36.270639658 32.0154058933 0 -0 0
39.5127036572 32.0154058933 0 -0 0
42.7547676563 32.0154058933 0 -0 0
-35.0547683239 28.7733418941 0 -0 0
-31.8127043247 28.7733418941 0 -0 0
-28.5706403255 28.7733418941 0 -0 0
-25.3285763264 28.7733418941 0 -0 0
-22.0865123272 28.7733418941 0 -0 0
-18.844448328 28.7733418941 0 -0 0
-15.6023843288 28.7733418941 0 -0 0
-12.3603203297 28.7733418941 0 -0 0
-9.1182563305 28.7733418941 0 -0 0
-5.8761923313 28.7733418941 0 -0 0
-2.6341283321 28.7733418941 0 -0 0
0.607935667 28.7733418941 0 -0 0
3.8499996662 28.7733418941 0 -0 0
7.0920636654 28.7733418941 0 -0 0
10.3341276646 28.7733418941 0 -0 0
13.5761916637 28.7733418941 0 -0 0
16.8182556629 28.7733418941 0 -0 0
20.0603196621 28.7733418941 0 -0 0
23.3023836613 28.7733418941 0 -0 0
26.5444476604 28.7733418941 0 -0 0
29.7865116596 28.7733418941 0 -0 0
33.0285756588 28.7733418941 0 -0 0
36.270639658 28.7733418941 0 -0 0
39.5127036572 28.7733418941 0 -0 0
42.7547676563 28.7733418941 0 -0 0
-35.0547683239 25.531277895 0 -0 0
-31.8127043247 25.531277895 0 -0 0
-28.5706403255 25.531277895 0 -0 0
-25.3285763264 25.531277895 0 -0 0
-22.0865123272 25.531277895 0 -0 0
-18.844448328 25.531277895 0 -0 0
-15.6023843288 25.531277895 0 -0 0
-12.3603203297 25.531277895 0 -0 0
-9.1182563305 25.531277895 3.133428576 0.6145033201 1
-5.8761923313 25.531277895 4.3247209319 0.7210365773 1
-2.6341283321 25.531277895 3.6603408152 2.600479032 1
0.607935667 25.531277895 3.6309927801 5.1296275858 1
3.8499996662 25.531277895 3.1063360382 6.0487406035 1
7.0920636654 25.531277895 4.105368238 4.1857841127 1
10.3341276646 25.531277895 4.0956702037 0.6152211465 1
13.5761916637 25.531277895 3.7152858757 -3.5335649608 1
16.8182556629 25.531277895 3.231785165 -6.2437822376 1
20.0603196621 25.531277895 0 -0 0
23.3023836613 25.531277895 0 -0 0
26.5444476604 25.531277895 0 -0 0
29.7865116596 25.531277895 0 -0 0
33.0285756588 25.531277895 0 -0 0
36.270639658 25.531277895 0 -0 0
39.5127036572 25.531277895 0 -0 0
42.7547676563 25.531277895 0 -0 0
-35.0547683239 22.2892138958 0 -0 0
-31.8127043247 22.2892138958 0 -0 0
-28.5706403255 22.2892138958 0 -0 0
-25.3285763264 22.2892138958 0 -0 0
-22.0865123272 22.2892138958 0 -0 0
-18.844448328 22.2892138958 0 -0 0
-15.6023843288 22.2892138958 2.3262925427 0.7312876915 1
-12.3603203297 22.2892138958 4.2853339714 1.7201604161 1
-9.1182563305 22.2892138958 4.5765262155 1.2876781777 1
-5.8761923313 22.2892138958 4.1654016037 0.8113847923 1
-2.6341283321 22.2892138958 3.4563834752 1.5693230559 1
0.607935667 22.2892138958 3.1348715508 3.4043971319 1
3.8499996662 22.2892138958 2.7686887031 3.9725481341 1
7.0920636654 22.2892138958 3.21825973 2.3383878355 1
10.3341276646 22.2892138958 4.024006383 -0.5553777015 1
13.5761916637 22.2892138958 4.2711285659 -3.3654588554 1
16.8182556629 22.2892138958 3.4488769267 -5.2226428433 1
20.0603196621 22.2892138958 2.4795780384 -5.5965245758 1
23.3023836613 22.2892138958 0 -0 0
26.5444476604 22.2892138958 0 -0 0
29.7865116596 22.2892138958 0 -0 0
33.0285756588 22.2892138958 0 -0 0
36.270639658 22.2892138958 0 -0 0
39.5127036572 22.2892138958 0 -0 0
42.7547676563 22.2892138958 0 -0 0
-35.0547683239 19.0471498966 0 -0 0
-31.8127043247 19.0471498966 0 -0 0
-28.5706403255 19.0471498966 0 -0 0
-25.3285763264 19.0471498966 0 -0 0
-22.0865123272 19.0471498966 0 -0 0
-18.844448328 19.0471498966 1.3894714561 1.109942956 1
-15.6023843288 19.0471498966 3.2696101861 0.4657162507 1
-12.3603203297 19.0471498966 5.096987189 1.4974585956 1
-9.1182563305 19.0471498966 4.5771787094 1.64424527 1
-5.8761923313 19.0471498966 3.6840549382 1.1579322079 1
-2.6341283321 19.0471498966 2.8970056629 1.6152610735 1
0.607935667 19.0471498966 2.9024916241 2.8331648246 1
3.8499996662 19.0471498966 2.7376301737 3.1103898944 1
7.0920636654 19.0471498966 2.9976225802 1.5893151555 1
10.3341276646 19.0471498966 3.9622588998 -0.5014738836 1
13.5761916637 19.0471498966 4.4824257831 -2.2258629797 1
16.8182556629 19.0471498966 3.6283861258 -4.0531364169 1
20.0603196621 19.0471498966 2.1991001611 -5.0543954296 1
23.3023836613 19.0471498966 1.3772683705 -5.5169825176 1
26.5444476604 19.0471498966 0 -0 0
29.7865116596 19.0471498966 0 -0 0
33.0285756588 19.0471498966 0 -0 0
36.270639658 19.0471498966 0 -0 0
39.5127036572 19.0471498966 0 -0 0
42.7547676563 19.0471498966 0 -0 0
-35.0547683239 15.8050858974 0 -0 0
-31.8127043247 15.8050858974 0 -0 0
-28.5706403255 15.8050858974 0 -0 0
-25.3285763264 15.8050858974 0 -0 0
-22.0865123272 15.8050858974 0.7236114524 4.8317316537 1
-18.844448328 15.8050858974 2.230639682 2.3781876999 1
-15.6023843288 15.8050858974 4.1296946968 0.7772689621 1
-12.3603203297 15.8050858974 5.6213966415 1.5473085573 1
-9.1182563305 15.8050858974 4.3520369059 2.3020862563 1
-5.8761923313 15.8050858974 2.8940919349 1.8797579827 1
-2.6341283321 15.8050858974 1.6689200174 1.5086193818 1
0.607935667 15.8050858974 2.0252949244 1.1399563929 1
3.8499996662 15.8050858974 2.5099825641 0.8561997413 1
7.0920636654 15.8050858974 2.678070855 -0.038976925 1
10.3341276646 15.8050858974 3.1102075222 -0.8151573153 1
13.5761916637 15.8050858974 3.7140267828 -1.7671944785 1
16.8182556629 15.8050858974 3.8491458635 -3.3029320631 1
20.0603196621 15.8050858974 2.8092867478 -4.6763206462 1
23.3023836613 15.8050858974 1.571253363 -5.74304675 1
26.5444476604 15.8050858974 1.1150566242 -6.6329922931 1
29.7865116596 15.8050858974 0 -0 0
33.0285756588 15.8050858974 0 -0 0
36.270639658 15.8050858974 0 -0 0
39.5127036572 15.8050858974 0 -0 0
42.7547676563 15.8050858974 0 -0 0
-35.0547683239 12.5630218983 0 -0 0
-31.8127043247 12.5630218983 0 -0 0
-28.5706403255 12.5630218983 0 -0 0
-25.3285763264 12.5630218983 0 -0 0
-22.0865123272 12.5630218983 1.0105529748 5.2787090097 1
-18.844448328 12.5630218983 2.4993886716 3.5081143766 1
-15.6023843288 12.5630218983 3.7605615862 1.9853045354 1
-12.3603203297 12.5630218983 4.6190071627 2.0121050965 1
-9.1182563305 12.5630218983 3.2273357664 2.6140132233 1
-5.8761923313 12.5630218983 2.053310797 2.3202253457 1
-2.6341283321 12.5630218983 0.7188282583 1.3859449393 1
0.607935667 12.5630218983 1.0414115439 0.070795307 1
3.8499996662 12.5630218983 1.8085460164 -1.1128445309 1
7.0920636654 12.5630218983 1.956339814 -1.6641362195 1
10.3341276646 12.5630218983 1.8289288273 -1.8414916753 1
13.5761916637 12.5630218983 2.3762161779 -2.2278619783 1
16.8182556629 12.5630218983 3.2321861423 -3.3689221155 1
20.0603196621 12.5630218983 3.1093337058 -4.7212086649 1
23.3023836613 12.5630218983 1.6042591081 -6.2033795485 1
26.5444476604 12.5630218983 0.9316162323 -7.6102699653 1
29.7865116596 12.5630218983 0.8530504995 -9.2357382961 1
33.0285756588 12.5630218983 0 -0 0
36.270639658 12.5630218983 0 -0 0
39.5127036572 12.5630218983 0 -0 0
42.7547676563 12.5630218983 0 -0 0
-35.0547683239 9.3209578991 0 -0 0
-31.8127043247 9.3209578991 0 -0 0
-28.5706403255 9.3209578991 0 -0 0
-25.3285763264 9.3209578991 0.1870547734 7.1146789439 1
-22.0865123272 9.3209578991 -0.3403400803 6.0024313498 1
-18.844448328 9.3209578991 -0.0337550959 4.20440208 1
-15.6023843288 9.3209578991 1.3433844308 3.0504763992 1
-12.3603203297 9.3209578991 3.2624520772 2.6907260968 1
-9.1182563305 9.3209578991 3.4094899662 3.1634414846 1
-5.8761923313 9.3209578991 2.855185966 3.0331489265 1
-2.6341283321 9.3209578991 1.6161113386 1.7266113798 1
0.607935667 9.3209578991 1.3672391072 -0.0881248272 1
3.8499996662 9.3209578991 1.5718782294 -1.837504397 1
7.0920636654 9.3209578991 1.4751112073 -2.6777918618 1
10.3341276646 9.3209578991 0.971455802 -2.9039173882 1
13.5761916637 9.3209578991 1.1743577836 -3.1085027649 1
16.8182556629 9.3209578991 1.8703470941 -3.5734923952 1
20.0603196621 9.3209578991 2.4500710315 -4.5417082221 1
23.3023836613 9.3209578991 1.7973037062 -6.1531921681 1
26.5444476604 9.3209578991 1.5520623121 -8.0419685165 1
29.7865116596 9.3209578991 1.1937056172 -9.6260957264 1
33.0285756588 9.3209578991 0 -0 0
36.270639658 9.3209578991 0 -0 0
39.5127036572 9.3209578991 0 -0 0
42.7547676563 9.3209578991 0 -0 0
-35.0547683239 6.0788938999 0 -0 0
-31.8127043247 6.0788938999 0 -0 0
-28.5706403255 6.0788938999 0 -0 0
-25.3285763264 6.0788938999 -2.7611555838 9.3590889348 1
-22.0865123272 6.0788938999 -3.6843423858 8.6226373775 1
-18.844448328 6.0788938999 -3.7512814379 6.5203074087 1
-15.6023843288 6.0788938999 -1.9469911251 4.8522032352 1
-12.3603203297 6.0788938999 0.8723161297 3.5710037997 1
-9.1182563305 6.0788938999 2.5591197946 3.1786967381 1
-5.8761923313 6.0788938999 3.0610724053 2.7938615017 1
-2.6341283321 6.0788938999 2.5979034775 1.6396095739 1
0.607935667 6.0788938999 2.049194741 0.3312147521 1
3.8499996662 6.0788938999 1.6753271997 -1.0565144683 1
7.0920636654 6.0788938999 1.490441644 -1.9230463194 1
10.3341276646 6.0788938999 0.7767300734 -2.7436680825 1
13.5761916637 6.0788938999 0.1033308266 -3.4828920597 1
16.8182556629 6.0788938999 -0.1629374085 -4.4065526067 1
20.0603196621 6.0788938999 0.500801839 -5.2643221378 1
23.3023836613 6.0788938999 1.2692031793 -6.2700202831 1
26.5444476604 6.0788938999 2.0248311434 -7.6578908495 1
29.7865116596 6.0788938999 1.8323706497 -8.6843395696 1
33.0285756588 6.0788938999 1.7043803897 -9.3159005406 1
36.270639658 6.0788938999 0 -0 0
39.5127036572 6.0788938999 0 -0 0
42.7547676563 6.0788938999 0 -0 0
-35.0547683239 2.8368299007 0 -0 0
-31.8127043247 2.8368299007 0 -0 0
-28.5706403255 2.8368299007 -5.63488373 12.5836939493 1
-25.3285763264 2.8368299007 -5.8558656961 12.4355340485 1
-22.0865123272 2.8368299007 -6.4848776835 12.1121482799 1
-18.844448328 2.8368299007 -6.0524919151 9.6714242766 1
-15.6023843288 2.8368299007 -4.3728188825 7.3589864353 1
-12.3603203297 2.8368299007 -1.9981509057 5.0285000868 1
-9.1182563305 2.8368299007 0.029437209 3.2538615615 1
-5.8761923313 2.8368299007 1.5683053647 1.8230049012 1
-2.6341283321 2.8368299007 2.0966571063 0.6044633379 1
0.607935667 2.8368299007 1.7162449997 -0.0755984433 1
3.8499996662 2.8368299007 1.2151275571 -0.4683307555 1
7.0920636654 2.8368299007 0.8939163657 -0.8488758669 1
10.3341276646 2.8368299007 0.2769244689 -1.7258449033 1
13.5761916637 2.8368299007 -0.5388361805 -3.1172028851 1
16.8182556629 2.8368299007 -0.9989004782 -4.8057907178 1
20.0603196621 2.8368299007 -0.5859550505 -5.7846390856 1
23.3023836613 2.8368299007 0.5245899375 -6.0912133982 1
26.5444476604 2.8368299007 1.6375504891 -6.5288547469 1
29.7865116596 2.8368299007 1.8425137446 -6.9343261225 1
33.0285756588 2.8368299007 1.5802219085 -7.3949560306 1
36.270639658 2.8368299007 0 -0 0
39.5127036572 2.8368299007 0 -0 0
42.7547676563 2.8368299007 0 -0 0
-35.0547683239 -0.4052340984 0 -0 0
-31.8127043247 -0.4052340984 0 -0 0
-28.5706403255 -0.4052340984 -5.5250407118 14.2545856397 1
-25.3285763264 -0.4052340984 -5.9946612071 15.0142709324 1
-22.0865123272 -0.4052340984 -6.0859119229 14.6847291962 1
-18.844448328 -0.4052340984 -5.2889194375 11.7247691929 1
-15.6023843288 -0.4052340984 -4.2640924411 8.520824171 1
-12.3603203297 -0.4052340984 -3.19746477 5.6596609863 1
-9.1182563305 -0.4052340984 -2.3382762684 3.2282826525 1
-5.8761923313 -0.4052340984 -1.0833794183 1.2889674646 1
-2.6341283321 -0.4052340984 0.0512091478 0.0641241578 1
0.607935667 -0.4052340984 0.5577996813 -0.2362019302 1
3.8499996662 -0.4052340984 0.4926684993 -0.2898394741 1
7.0920636654 -0.4052340984 -0.0842492481 -0.473786598 1
10.3341276646 -0.4052340984 -0.4524913222 -1.2609109055 1
13.5761916637 -0.4052340984 -0.4632613593 -2.8114057679 1
16.8182556629 -0.4052340984 -0.1539065689 -4.5761267479 1
20.0603196621 -0.4052340984 0.0387300035 -5.3572111841 1
23.3023836613 -0.4052340984 0.2493488259 -5.1407456474 1
26.5444476604 -0.4052340984 0.6583156372 -4.9865599155 1
29.7865116596 -0.4052340984 0.9551525877 -5.0131886724 1
33.0285756588 -0.4052340984 1.0070939418 -5.3351181808 1
36.270639658 -0.4052340984 0 -0 0
39.5127036572 -0.4052340984 0 -0 0
42.7547676563 -0.4052340984 0 -0 0
-35.0547683239 -3.6472980976 0 -0 0
-31.8127043247 -3.6472980976 0 -0 0
-28.5706403255 -3.6472980976 -3.9292634207 13.8382299047 1
-25.3285763264 -3.6472980976 -3.9083401359 14.3375227194 1
-22.0865123272 -3.6472980976 -3.7663307678 13.5131750077 1
-18.844448328 -3.6472980976 -3.1628874234 10.6372801348 1
-15.6023843288 -3.6472980976 -3.0058954543 6.9873173245 1
-12.3603203297 -3.6472980976 -3.2802218931 4.06058922 1
-9.1182563305 -3.6472980976 -4.0259623551 2.3676146414 1
-5.8761923313 -3.6472980976 -3.8182636675 1.0051228727 1
-2.6341283321 -3.6472980976 -2.649129836 0.0742156916 1
0.607935667 -3.6472980976 -1.2491360474 -0.1757579629 1
3.8499996662 -3.6472980976 -0.5858498242 -0.1660078249 1
7.0920636654 -3.6472980976 -1.0560678979 -0.4788753184 1
10.3341276646 -3.6472980976 -1.0122405971 -1.1567233881 1
13.5761916637 -3.6472980976 -0.0903213423 -2.2174955981 1
16.8182556629 -3.6472980976 1.1516690513 -3.4278651733 1
20.0603196621 -3.6472980976 1.4836073666 -4.064812465 1
23.3023836613 -3.6472980976 0.9335524273 -4.2588534674 1
26.5444476604 -3.6472980976 0.3705738585 -4.3738195141 1
29.7865116596 -3.6472980976 0.3111132933 -4.4274849497 1
33.0285756588 -3.6472980976 0.4303486497 -4.4600483517 1
36.270639658 -3.6472980976 0 -0 0
39.5127036572 -3.6472980976 0 -0 0
42.7547676563 -3.6472980976 0 -0 0
-35.0547683239 -6.8893620968 0 -0 0
-31.8127043247 -6.8893620968 0 -0 0
-28.5706403255 -6.8893620968 -3.280874085 11.4002058554 1
-25.3285763264 -6.8893620968 -3.4827160282 10.8428534616 1
-22.0865123272 -6.8893620968 -3.9163080498 9.6423262485 1
-18.844448328 -6.8893620968 -3.6806858835 6.9690583647 1
-15.6023843288 -6.8893620968 -3.4848265939 3.2635363464 1
-12.3603203297 -6.8893620968 -3.8939414883 0.9334450873 1
-9.1182563305 -6.8893620968 -5.5280438143 0.8330708549 1
-5.8761923313 -6.8893620968 -6.0115203697 0.7003135546 1
-2.6341283321 -6.8893620968 -4.7095582818 0.3506291259 1
0.607935667 -6.8893620968 -2.6655554117 0.4365273761 1
3.8499996662 -6.8893620968 -1.5842005815 0.7488087082 1
7.0920636654 -6.8893620968 -1.721995159 0.3296022753 1
10.3341276646 -6.8893620968 -1.4651720734 -0.5384432424 1
13.5761916637 -6.8893620968 -0.0400569339 -1.3546354973 1
16.8182556629 -6.8893620968 1.8304039587 -2.0803023357 1
20.0603196621 -6.8893620968 2.8877771465 -2.3851567939 1
23.3023836613 -6.8893620968 2.5519891623 -2.7658093963 1
26.5444476604 -6.8893620968 1.5484379666 -3.5239946474 1
29.7865116596 -6.8893620968 0.7840796882 -4.2165763303 1
33.0285756588 -6.8893620968 0.5372358569 -4.7721481797 1
36.270639658 -6.8893620968 0 -0 0
39.5127036572 -6.8893620968 0 -0 0
42.7547676563 -6.8893620968 0 -0 0
-35.0547683239 -10.131426096 0 -0 0
-31.8127043247 -10.131426096 0 -0 0
-28.5706403255 -10.131426096 -4.1509326039 9.8024067693 1
-25.3285763264 -10.131426096 -4.5156549643 8.7279367916 1
-22.0865123272 -10.131426096 -4.9761314865 6.8521275897 1
-18.844448328 -10.131426096 -4.3565306898 4.7695385059 1
-15.6023843288 -10.131426096 -4.0696284196 1.6331617806 1
-12.3603203297 -10.131426096 -4.5137074466 -0.0711753466 1
-9.1182563305 -10.131426096 -6.0025925862 0.4224228565 1
-5.8761923313 -10.131426096 -6.0050165664 0.7431402994 1
-2.6341283321 -10.131426096 -4.5224978471 0.6731737631 1
0.607935667 -10.131426096 -2.6637259528 0.9138224122 1
3.8499996662 -10.131426096 -1.8177980842 1.7202429969 1
7.0920636654 -10.131426096 -1.6809161226 1.7263538244 1
10.3341276646 -10.131426096 -1.4182636183 0.7472263123 1
13.5761916637 -10.131426096 -0.1408498497 -0.3043412345 1
16.8182556629 -10.131426096 1.8234922335 -0.9450653518 1
20.0603196621 -10.131426096 3.3999761158 -0.9093370826 1
23.3023836613 -10.131426096 3.6700017108 -1.1304124239 1
26.5444476604 -10.131426096 2.9058368254 -2.4378001602 1
29.7865116596 -10.131426096 1.8248363227 -4.3524855898 1
33.0285756588 -10.131426096 1.3364428134 -5.8469083224 1
36.270639658 -10.131426096 0 -0 0
39.5127036572 -10.131426096 0 -0 0
42.7547676563 -10.131426096 0 -0 0
-35.0547683239 -13.3734900951 0 -0 0
-31.8127043247 -13.3734900951 0 -0 0
-28.5706403255 -13.3734900951 0 -0 0
-25.3285763264 -13.3734900951 -4.5109401598 7.6914074783 1
-22.0865123272 -13.3734900951 -4.4957745827 5.9592181964 1
-18.844448328 -13.3734900951 -4.1573216698 4.6619518908 1
-15.6023843288 -13.3734900951 -4.3617225606 2.6085574562 1
-12.3603203297 -13.3734900951 -4.6820856006 1.3424934037 1
-9.1182563305 -13.3734900951 -4.6690097553 1.2771496554 1
-5.8761923313 -13.3734900951 -3.6976978281 0.9935841323 1
-2.6341283321 -13.3734900951 -2.5070001445 0.5690527859 1
0.607935667 -13.3734900951 -1.9358410578 0.6242641958 1
3.8499996662 -13.3734900951 -1.738933883 1.79444161 1
7.0920636654 -13.3734900951 -1.4143151394 2.5857570058 1
10.3341276646 -13.3734900951 -1.0319706121 1.9167895036 1
13.5761916637 -13.3734900951 -0.0276078492 0.7398186494 1
16.8182556629 -13.3734900951 1.5632875627 0.0798240048 1
20.0603196621 -13.3734900951 3.0508154787 0.0758775734 1
23.3023836613 -13.3734900951 3.468559839 -0.1506729912 1
26.5444476604 -13.3734900951 3.1758346419 -1.7880795679 1
29.7865116596 -13.3734900951 2.5328388735 -4.3266382556 1
33.0285756588 -13.3734900951 2.3166449325 -6.4878717277 1
36.270639658 -13.3734900951 0 -0 0
39.5127036572 -13.3734900951 0 -0 0
42.7547676563 -13.3734900951 0 -0 0
-35.0547683239 -16.6155540943 0 -0 0
-31.8127043247 -16.6155540943 0 -0 0
-28.5706403255 -16.6155540943 0 -0 0
-25.3285763264 -16.6155540943 -3.2324938199 8.0782931941 1
-22.0865123272 -16.6155540943 -3.035500139 6.0822964846 1
-18.844448328 -16.6155540943 -3.5764704366 4.7080509937 1
-15.6023843288 -16.6155540943 -4.358164793 3.521153989 1
-12.3603203297 -16.6155540943 -4.1884230747 2.928534012 1
-9.1182563305 -16.6155540943 -2.7599133996 2.3309566212 1
-5.8761923313 -16.6155540943 -1.4837233118 1.1368087363 1
-2.6341283321 -16.6155540943 -1.2596763454 -0.2494969845 1
0.607935667 -16.6155540943 -1.8378824268 -0.6193086313 1
3.8499996662 -16.6155540943 -1.9182839592 0.7820420412 1
7.0920636654 -16.6155540943 -1.2841880448 2.2795392852 1
10.3341276646 -16.6155540943 -0.813768086 2.2126023467 1
13.5761916637 -16.6155540943 -0.5205061137 1.2921475044 1
16.8182556629 -16.6155540943 0.2145931644 0.6710481003 1
20.0603196621 -16.6155540943 1.3382571753 0.2045982658 1
23.3023836613 -16.6155540943 1.8481478077 -0.3976255966 1
26.5444476604 -16.6155540943 2.1072919117 -1.840841144 1
29.7865116596 -16.6155540943 2.2320038502 -3.8637582851 1
33.0285756588 -16.6155540943 0 -0 0
36.270639658 -16.6155540943 0 -0 0
39.5127036572 -16.6155540943 0 -0 0
42.7547676563 -16.6155540943 0 -0 0
-35.0547683239 -19.8576180935 0 -0 0
-31.8127043247 -19.8576180935 0 -0 0
-28.5706403255 -19.8576180935 0 -0 0
-25.3285763264 -19.8576180935 0 -0 0
-22.0865123272 -19.8576180935 -3.3262784223 4.5439374506 1
-18.844448328 -19.8576180935 -4.5548571371 2.9926302922 1
-15.6023843288 -19.8576180935 -5.2581081976 2.0982502965 1
-12.3603203297 -19.8576180935 -4.4943509322 2.292042047 1
-9.1182563305 -19.8576180935 -2.5902876265 2.4010734485 1
-5.8761923313 -19.8576180935 -1.5085399714 1.1276619703 1
-2.6341283321 -19.8576180935 -1.6907779598 -0.6839266273 1
0.607935667 -19.8576180935 -2.4441149486 -1.2134012865 1
3.8499996662 -19.8576180935 -2.1999170617 0.2507831199 1
7.0920636654 -19.8576180935 -1.2934657776 1.5293048883 1
10.3341276646 -19.8576180935 -1.0515417309 1.4779754171 1
13.5761916637 -19.8576180935 -1.8318402908 1.1000605114 1
16.8182556629 -19.8576180935 -2.2662871066 0.7230903781 1
20.0603196621 -19.8576180935 -1.5568032345 -0.0594842015 1
23.3023836613 -19.8576180935 -0.8657717153 -1.2175667098 1
26.5444476604 -19.8576180935 -0.0746268641 -2.301991296 1
29.7865116596 -19.8576180935 0.9292549048 -3.3983299349 1
33.0285756588 -19.8576180935 0 -0 0
36.270639658 -19.8576180935 0 -0 0
39.5127036572 -19.8576180935 0 -0 0
42.7547676563 -19.8576180935 0 -0 0
-35.0547683239 -23.0996820927 0 -0 0
-31.8127043247 -23.0996820927 0 -0 0
-28.5706403255 -23.0996820927 0 -0 0
-25.3285763264 -23.0996820927 0 -0 0
-22.0865123272 -23.0996820927 -5.2410412998 3.0344635765 1
-18.844448328 -23.0996820927 -6.4523924842 1.0952917349 1
-15.6023843288 -23.0996820927 -6.6151808095 0.3049681955 1
-12.3603203297 -23.0996820927 -5.5994811794 0.9854765707 1
-9.1182563305 -23.0996820927 -4.3388855755 2.0840942583 1
-5.8761923313 -23.0996820927 -3.2249286949 1.762230271 1
-2.6341283321 -23.0996820927 -2.6839734943 0.3538025984 1
0.607935667 -23.0996820927 -2.4823661591 -0.1863046771 1
3.8499996662 -23.0996820927 -2.0979045744 0.4005822003 1
7.0920636654 -23.0996820927 -1.4221477839 0.6572398978 1
10.3341276646 -23.0996820927 -1.5049649932 0.2945653183 1
13.5761916637 -23.0996820927 -2.6232030913 0.2466348505 1
16.8182556629 -23.0996820927 -3.3078038768 0.2669488945 1
20.0603196621 -23.0996820927 -2.8407100216 -0.4198806665 1
23.3023836613 -23.0996820927 -2.5413222002 -1.638366333 1
26.5444476604 -23.0996820927 -2.158942195 -2.3403015358 1
29.7865116596 -23.0996820927 0 -0 0
33.0285756588 -23.0996820927 0 -0 0
36.270639658 -23.0996820927 0 -0 0
39.5127036572 -23.0996820927 0 -0 0
42.7547676563 -23.0996820927 0 -0 0
-35.0547683239 -26.3417460918 0 -0 0
-31.8127043247 -26.3417460918 0 -0 0
-28.5706403255 -26.3417460918 0 -0 0
-25.3285763264 -26.3417460918 0 -0 0
-22.0865123272 -26.3417460918 0 -0 0
-18.844448328 -26.3417460918 -7.2307570382 1.1084715988 1
-15.6023843288 -26.3417460918 -6.8319114501 0.4165533552 1
-12.3603203297 -26.3417460918 -6.1637866644 0.793179276 1
-9.1182563305 -26.3417460918 -5.8249366993 1.9833700011 1
-5.8761923313 -26.3417460918 -4.675425392 2.5944208932 1
-2.6341283321 -26.3417460918 -3.0139171137 2.1139415524 1
0.607935667 -26.3417460918 -1.7008007314 1.3599024004 1
3.8499996662 -26.3417460918 -1.2265933035 0.9011607541 1
7.0920636654 -26.3417460918 -1.3290695718 0.3447051997 1
10.3341276646 -26.3417460918 -1.7321897348 -0.4026005231 1
13.5761916637 -26.3417460918 -2.3033166648 -0.6286078397 1
16.8182556629 -26.3417460918 -2.4650065297 -0.573211793 1
20.0603196621 -26.3417460918 -2.1910934478 -0.8884464829 1
23.3023836613 -26.3417460918 -2.6828934523 -1.7876995755 1
26.5444476604 -26.3417460918 0 -0 0
29.7865116596 -26.3417460918 0 -0 0
33.0285756588 -26.3417460918 0 -0 0
36.270639658 -26.3417460918 0 -0 0
39.5127036572 -26.3417460918 0 -0 0
42.7547676563 -26.3417460918 0 -0 0
-35.0547683239 -29.583810091 0 -0 0
-31.8127043247 -29.583810091 0 -0 0
-28.5706403255 -29.583810091 0 -0 0
-25.3285763264 -29.583810091 0 -0 0
-22.0865123272 -29.583810091 0 -0 0
-18.844448328 -29.583810091 0 -0 0
-15.6023843288 -29.583810091 -6.4600273575 0.996066236 1
-12.3603203297 -29.583810091 -6.0225822703 0.6151145991 1
-9.1182563305 -29.583810091 -6.3040755742 1.389161363 1
-5.8761923313 -29.583810091 -5.314663508 2.7505260623 1
-2.6341283321 -29.583810091 -3.0092062344 3.0557561348 1
0.607935667 -29.583810091 -0.8553666868 2.3464676184 1
3.8499996662 -29.583810091 -0.3153367081 1.3302439702 1
7.0920636654 -29.583810091 -1.0186154717 0.5163127608 1
10.3341276646 -29.583810091 -1.4591836829 -0.3210115709 1
13.5761916637 -29.583810091 -1.1785081854 -1.04599357 1
16.8182556629 -29.583810091 -0.587307745 -1.2323325929 1
20.0603196621 -29.583810091 -0.187108783 -1.4273062903 1
23.3023836613 -29.583810091 0 -0 0
26.5444476604 -29.583810091 0 -0 0
29.7865116596 -29.583810091 0 -0 0
33.0285756588 -29.583810091 0 -0 0
36.270639658 -29.583810091 0 -0 0
39.5127036572 -29.583810091 0 -0 0
42.7547676563 -29.583810091 0 -0 0
-35.0547683239 -32.8258740902 0 -0 0
-31.8127043247 -32.8258740902 0 -0 0
-28.5706403255 -32.8258740902 0 -0 0
-25.3285763264 -32.8258740902 0 -0 0
-22.0865123272 -32.8258740902 0 -0 0
-18.844448328 -32.8258740902 0 -0 0
-15.6023843288 -32.8258740902 0 -0 0
-12.3603203297 -32.8258740902 0 -0 0
-9.1182563305 -32.8258740902 -6.2035522586 0.68656725 1
-5.8761923313 -32.8258740902 -5.6093172006 2.366857223 1
-2.6341283321 -32.8258740902 -3.2720809671 3.2740251635 1
0.607935667 -32.8258740902 -0.8271855772 2.7367349195 1
3.8499996662 -32.8258740902 0.4277928347 1.6157398005 1
7.0920636654 -32.8258740902 -0.2102790353 0.7836572731 1
10.3341276646 -32.8258740902 -0.6867459989 -0.1095390866 1
13.5761916637 -32.8258740902 -0.5724476187 -1.1125266628 1
16.8182556629 -32.8258740902 0 -0 0
20.0603196621 -32.8258740902 0 -0 0
23.3023836613 -32.8258740902 0 -0 0
26.5444476604 -32.8258740902 0 -0 0
29.7865116596 -32.8258740902 0 -0 0
33.0285756588 -32.8258740902 0 -0 0
36.270639658 -32.8258740902 0 -0 0
39.5127036572 -32.8258740902 0 -0 0
42.7547676563 -32.8258740902 0 -0 0
-35.0547683239 -36.0679380894 0 -0 0
-31.8127043247 -36.0679380894 0 -0 0
-28.5706403255 -36.0679380894 0 -0 0
-25.3285763264 -36.0679380894 0 -0 0
-22.0865123272 -36.0679380894 0 -0 0
-18.844448328 -36.0679380894 0 -0 0
-15.6023843288 -36.0679380894 0 -0 0
-12.3603203297 -36.0679380894 0 -0 0
-9.1182563305 -36.0679380894 0 -0 0
-5.8761923313 -36.0679380894 0 -0 0
-2.6341283321 -36.0679380894 0 -0 0
0.607935667 -36.0679380894 0 -0 0
3.8499996662 -36.0679380894 0 -0 0
7.0920636654 -36.0679380894 0 -0 0
10.3341276646 -36.0679380894 0 -0 0
13.5761916637 -36.0679380894 0 -0 0
16.8182556629 -36.0679380894 0 -0 0
20.0603196621 -36.0679380894 0 -0 0
23.3023836613 -36.0679380894 0 -0 0
26.5444476604 -36.0679380894 0 -0 0
29.7865116596 -36.0679380894 0 -0 0
33.0285756588 -36.0679380894 0 -0 0
36.270639658 -36.0679380894 0 -0 0
39.5127036572 -36.0679380894 0 -0 0
42.7547676563 -36.0679380894 0 -0 0
-35.0547683239 -39.3100020885 0 -0 0
-31.8127043247 -39.3100020885 0 -0 0
-28.5706403255 -39.3100020885 0 -0 0
-25.3285763264 -39.3100020885 0 -0 0
-22.0865123272 -39.3100020885 0 -0 0
-18.844448328 -39.3100020885 0 -0 0
-15.6023843288 -39.3100020885 0 -0 0
-12.3603203297 -39.3100020885 0 -0 0
-9.1182563305 -39.3100020885 0 -0 0
-5.8761923313 -39.3100020885 0 -0 0
-2.6341283321 -39.3100020885 0 -0 0
0.607935667 -39.3100020885 0 -0 0
3.8499996662 -39.3100020885 0 -0 0
7.0920636654 -39.3100020885 0 -0 0
10.3341276646 -39.3100020885 0 -0 0
13.5761916637 -39.3100020885 0 -0 0
16.8182556629 -39.3100020885 0 -0 0
20.0603196621 -39.3100020885 0 -0 0
23.3023836613 -39.3100020885 0 -0 0
26.5444476604 -39.3100020885 0 -0 0
29.7865116596 -39.3100020885 0 -0 0
33.0285756588 -39.3100020885 0 -0 0
36.270639658 -39.3100020885 0 -0 0
39.5127036572 -39.3100020885 0 -0 0
42.7547676563 -39.3100020885 0 -0 0
-35.0547683239 -42.5520660877 0 -0 0
-31.8127043247 -42.5520660877 0 -0 0
-28.5706403255 -42.5520660877 0 -0 0
-25.3285763264 -42.5520660877 0 -0 0
-22.0865123272 -42.5520660877 0 -0 0
-18.844448328 -42.5520660877 0 -0 0
-15.6023843288 -42.5520660877 0 -0 0
-12.3603203297 -42.5520660877 0 -0 0
-9.1182563305 -42.5520660877 0 -0 0
-5.8761923313 -42.5520660877 0 -0 0
-2.6341283321 -42.5520660877 0 -0 0
0.607935667 -42.5520660877 0 -0 0
3.8499996662 -42.5520660877 0 -0 0
7.0920636654 -42.5520660877 0 -0 0
10.3341276646 -42.5520660877 0 -0 0
13.5761916637 -42.5520660877 0 -0 0
16.8182556629 -42.5520660877 0 -0 0
20.0603196621 -42.5520660877 0 -0 0
23.3023836613 -42.5520660877 0 -0 0
26.5444476604 -42.5520660877 0 -0 0
29.7865116596 -42.5520660877 0 -0 0
33.0285756588 -42.5520660877 0 -0 0
36.270639658 -42.5520660877 0 -0 0
39.5127036572 -42.5520660877 0 -0 0
42.7547676563 -42.5520660877 0 -0 0
