,0,1,2,3,4,5,6,7,8,9,10,11,12,13,14,15,16,17,18,19,20,21,22,23,24
0,,,,,,,,,,,,,,,,,,,,,,,,,
1,,,,,,,,,,,,,,,,,,,,,,,,,
2,,,,,,,,,,,,,,,,,,,,,,,,,
3,,,,,,,,,0.9936000026625987,0.9980701240346865,0.9983848696588494,0.9962995037352308,0.9936369117700793,0.9902410755949054,0.9340234844629871,0.9833069274071617,,,,,,,,,
4,,,,,,,0.9999795313172689,0.9952152582385168,0.9991201313117748,0.9994303419591178,0.9992834788495387,0.9926054230221371,0.9864365259940768,0.9948670281204018,0.9862747397278608,0.9996182859486091,0.9997114943323941,0.9935839890158729,,,,,,,
5,,,,,,0.9921410123047648,0.9906735759561399,0.9760825179390539,0.9999978354719848,0.9992927330703167,0.9985951044711496,0.999795267813243,0.9737901857004125,0.9957626929562099,0.9795360849133489,0.9398150719246157,0.9985934142051905,0.9931336703438655,0.9980192511014727,,,,,,
6,,,,,0.9998121585228303,0.996360143131674,0.8553533748666755,0.9804829767372588,0.999589336309668,0.9986618528379922,0.9772498730209516,0.9825981651278224,0.9995910950367448,0.9989185377401695,0.9998216598838175,0.9967591244094136,0.9962763162785992,0.9854622324018313,0.9998626917289777,0.9977297566721584,,,,,
7,,,,,0.9992728655936457,0.9899309558188559,0.9937352391077019,0.999661992976712,0.9842658326173712,0.998067626156314,0.9762108535242716,0.9988624581852683,0.9940674885099324,0.9999571986253524,0.998809551138404,0.9532432592853222,0.99966938868047,0.9992724296883603,0.9926690474966867,0.9925660518584242,0.9995610168040997,,,,
8,,,,0.9984644262974594,0.9439477786031639,0.9719673930172451,0.9909517520687984,0.9953943540642907,0.9933797996624686,0.9932515974950172,0.9939380372165427,0.9915967868308524,0.9998756477036688,0.9982167641137858,0.9995688319877977,0.7545604270911648,0.5548227366830186,0.8903319329315167,0.9838054673888731,0.990635682300293,0.9898010708975119,,,,
9,,,,0.9947099089671189,0.9640438262061661,0.9985246947259463,0.9958457712149947,0.9893826158605702,0.9997342796272732,0.9999871351734971,0.9894858024530058,0.992996115199229,0.9911170713197544,0.9853463319357777,0.9759794988996658,0.9777012296264362,0.9239228642073559,0.9231208828110069,0.9831350723799197,0.9987706169623104,0.98959819741616,0.9985140516600195,,,
10,,,0.9941494062597217,0.9997408251493803,0.936435172133536,0.9838158201599431,0.9986595415057828,0.9998017633766222,0.9978865560871937,0.9998819941173963,0.978884505894888,0.9989175969690944,0.9993286641977811,0.9585643127096248,0.6449323000538154,0.9819345429073281,0.9872147575807132,0.9793919427868498,0.999044105485847,0.9995351840541171,0.995316146128955,0.9999831094901177,,,
11,,,0.9743946249297848,0.9280413180137185,0.9727999934267676,0.9984960774604096,0.9981942645614665,0.9646986476524281,0.9999445417139471,0.9919861519215354,0.9989792983156545,0.9993054771127295,0.9177488856191737,0.9491577694215303,0.9993221212638136,0.9958693962162013,0.994106591694807,0.999152251716991,0.9998753716765159,0.9999417757416449,0.9969228356912173,0.9999857175520306,,,
12,,,0.9999659991891576,0.9127787256019999,0.9993049929789183,0.9937858054932298,0.9924763196320979,0.7377475722950747,0.9983192861039321,0.9959850553826429,0.99963139160187,0.9873791204371534,0.5595219986486254,0.9991849018128091,0.9682440202858106,0.9433851860356288,0.9932319527778803,0.9997334402408024,0.999614657032137,0.9858601690241985,0.9792886735010455,0.997041898655372,,,
13,,,0.9992114013178665,0.9967801805748736,0.9991510185520837,0.9972681073054045,0.977763684198428,0.9999539408595697,0.9949367207504795,0.9934156214157445,0.9954863352111087,0.9983715532045367,0.9915033098942067,0.9970195750061841,0.995938711612712,0.9995786717518396,0.9954182614604872,0.9961320213913524,0.9997763323535979,0.9988473620059777,0.9893831210487223,0.9992613243314664,,,
14,,,0.9928630863583056,0.996858588293182,0.994169759165146,0.9955604753683073,0.999958279801465,0.993338814913519,0.999160790614931,0.9963772041138182,0.9957419599251423,0.9966561691815184,0.9999982297531903,0.995238773580806,0.998644749944773,0.9984680006027052,0.9983556609933737,0.9998406353489326,0.999970745944545,0.9999676338440474,0.9999926622998198,0.9999199027313421,,,
15,,,,0.999971952010741,0.9999296992237524,0.9993188190954255,0.996239052040112,0.9965588405095133,0.9993324805782422,0.997589147566281,0.9996865221202765,0.9977951675563238,0.9960018814317302,0.9998579284863376,0.9944261241360721,0.9561730779457865,0.9482583039921677,0.9787300643235757,0.9927506930274824,0.9966408390157033,0.9997745382434619,0.9990546655343845,,,
16,,,,0.9935859757942639,0.9999828660344194,0.9996526429085171,0.9971757078535808,0.999468895265894,0.9912335826485842,0.9938806580432884,0.9999341051353194,0.9985421293860891,0.9999967734877746,0.995154896929693,0.9976053350044225,0.9961584105634776,0.9994663066148943,0.9991451182239528,0.9999883865573398,0.9999779627820345,0.999969169961809,,,,
17,,,,,0.997975994308359,0.9999725450682362,0.9956841426506469,0.9925866460700948,0.9999990757597088,0.9989727716260214,0.9962657950089898,0.9996053200225806,0.9999352377035421,0.9996194253460896,0.9999520755535783,0.971415789721192,0.9981506873550952,0.9954439994276221,0.9968011931161973,0.8715124551066514,0.14048900004133916,,,,
18,,,,,0.9887480728418753,0.982052856165163,0.9898719298407043,0.9999759041806441,0.9999850588972543,0.9857480639279007,0.988936726030269,0.9998620265373791,0.9934006843959796,0.9989183090936067,0.9998966409821358,0.9746335458705401,0.9969002669041468,0.9710101983048023,0.9851401607564764,0.9948529527179574,,,,,
19,,,,,,0.9993899770444477,0.9999820889223375,0.9967918020834915,0.9812116583984809,0.9980211821483859,0.9858486186769171,0.9992187925262196,0.9989996857297789,0.9999998442127873,0.9998191354948035,0.9999982674855432,0.9998133689111901,0.9961030428688022,0.997747509873822,,,,,,
20,,,,,,,0.9999699352551445,0.9997964468943008,0.9651689398080979,0.9946996119466944,0.9975933172802305,0.9999825808855851,0.9998013568459201,0.9970484477085397,0.9957358525385085,0.9998868010316408,0.9993968951402211,0.9995186669052043,,,,,,,
21,,,,,,,,,0.9968587427464057,0.9962482226580098,0.9787894112867642,0.9879641214442099,0.9932713626760148,0.9984932270433166,0.9849703885014592,0.9999083654668536,,,,,,,,,
22,,,,,,,,,,,,,,,,,,,,,,,,,
23,,,,,,,,,,,,,,,,,,,,,,,,,
24,,,,,,,,,,,,,,,,,,,,,,,,,
