,0,1,2,3,4,5,6,7,8,9,10,11,12,13,14,15,16,17,18,19,20,21,22,23,24
0,,,,,,,,,,,,,,,,,,,,,,,,,
1,,,,,,,,,,,,,,,,,,,,,,,,,
2,,,,,,,,,,,,,,,,,,,,,,,,,
3,,,,,,,,,0.9994035371036036,0.9998800029728837,0.9999978180954765,0.9940974368987424,0.9986724811293324,0.9956323096949374,0.9969413271844657,0.9971730451197671,,,,,,,,,
4,,,,,,,0.9992604182044873,0.9944482208835208,0.9968464981619105,0.9995236405323998,0.9890050310620392,0.9906629750457934,0.9974017864046417,0.9859923691164981,0.9997189338148867,0.9833980844097623,0.9993946128528802,0.9777563878743083,,,,,,,
5,,,,,,0.9991637218123823,0.9976416292474507,0.9962347603457052,0.9767337651047585,0.9919775055855055,0.9984543180149328,0.9949908646961512,0.9956079102189181,0.9917531986115629,0.9959362715947714,0.9997683931134566,0.9988144703599411,0.9787446807069037,0.9894851042932884,,,,,,
6,,,,,0.9999741305172802,0.9977105333176655,0.988359665847865,0.9997762611809374,0.9616196193378902,0.9977223250721508,0.9975026107541456,0.9939307791217499,0.9932768736825149,0.9994101534991441,0.9987130624448426,0.9926069736944725,0.9999979992818755,0.9945268374873534,0.9980460700496254,0.996763346816026,,,,,
7,,,,,0.9966693245901321,0.9969163104103593,0.997111348538668,0.9976112899666113,0.9867857375399985,0.9959594498298382,0.9997515880343004,0.9996081894417177,0.9921066765896105,0.9996559881422052,0.9996693897556947,0.9964469135858033,0.999992012749593,0.9983123776979742,0.9996045841246501,0.9993770878118035,0.9968626705237501,,,,
8,,,,0.9999943977818688,0.999427401531215,0.9999885999789115,0.9991439750714428,0.9881440519522016,0.9470862192495758,0.9994855452727991,0.9999786573435544,0.9999996141188812,0.9994246931900181,0.9992208390752351,0.9976679139350955,0.9989161504184445,0.9972349418708918,0.9999250957294838,0.9975395200116908,0.9962973637878672,0.9938046448459972,,,,
9,,,,0.9970055471749267,0.9983779338674985,0.9998640292953108,0.9960146720722557,0.999975841640978,0.9696426018144408,0.9937096946315228,0.9998882289478273,0.9990236765103262,0.9938431537530911,0.9996689544209122,0.9999882922128633,0.9973800225786242,0.99852477786188,0.9993948170917004,0.999969486700801,0.9963433941502194,0.9974220708350471,0.9925709768724481,,,
10,,,0.9872454417669673,0.9999164630128163,0.9606666052390013,0.9997938972867084,0.9968935957748867,0.9707035745780725,0.916834655779592,0.9941239043260629,0.9962326883721949,0.9983058246827502,0.9992385850431436,0.999408391707203,0.9947974190843848,0.999275395311913,0.9992901725630127,0.9999993470217919,0.9999909376810954,0.9989665783142821,0.9998282196147421,0.9987872167753666,,,
11,,,0.8320649855911698,0.9195188355089775,0.9999435520521821,0.9950412540395539,0.9940255399579723,0.9994213863472359,0.8392338746239625,0.9862970594177793,0.9989153135787497,0.9972855415945622,0.9953918247907515,0.992084170393441,0.9999892877460517,0.9999967769782286,0.9996355600889383,0.9999384046565265,0.9947129682607252,0.9934959567430925,0.9984635335392534,0.9967516857329587,,,
12,,,0.9999731728593751,0.9938017554155706,0.9934061416370386,0.9989624021325336,0.9991023169353539,0.9917626596850981,0.9896223030805886,0.9978801262855493,0.9987472124065498,0.9960180952076025,0.9596121867249123,0.9999963610454192,0.995789893471468,0.9985042753999365,0.9999999268211529,0.9999959758082971,0.9986489663386517,0.9942729565435485,0.9946199040019269,0.9957721598139893,,,
13,,,0.9996699741641372,0.9973579259843606,0.9579288220764877,0.8879524553535358,0.9933690619399048,0.9999532733401908,0.9847405083393203,0.9897178087247331,0.9769905749454222,0.9978860535749559,0.9932338032382448,0.9985372543119958,0.9999547397723461,0.9999852223899849,0.9999883461504013,0.9998457341919348,0.9985011097024643,0.9992140525526951,0.9995936342354695,0.9984832701693078,,,
14,,,0.9989972713707751,0.9378510986083295,0.9995316273806654,0.9980813170063831,0.9716660459347758,0.97792866561841,0.9920868152770304,0.9996579881903527,0.8521359058379001,0.9999521512092188,0.9973564213934566,0.9920755434820069,0.9389140226696294,0.9999974548953734,0.9999890334960417,0.999299010796493,0.9999698270576811,0.999910073327687,0.9992549577708227,0.9999198304680061,,,
15,,,,0.9936453265498425,0.9946995372511854,0.9994686490662389,0.999631635422384,0.9999978556509788,0.9932215462490116,0.9979139867351174,0.9987929290067329,0.9944893798198475,0.9949408135049,0.9987898061177038,0.9998922599603782,0.9962723633403907,0.9988077268583101,0.9997824174923975,0.9993939440577267,0.9917982089637779,0.9978364220271386,0.9987250472812557,,,
16,,,,0.9982308712666019,0.9330210364724458,0.9997280721198186,0.9921147439876958,0.9964326563366251,0.9818070784760496,0.9071903277872179,0.8372147775083968,0.9323998858528711,0.9997509312557493,0.9970537116788015,0.9993720981543681,0.999996694414344,0.9969842506153673,0.9985970531408962,0.9999435942009688,0.9999985374322586,0.9998817948804204,,,,
17,,,,,0.9995216750403212,0.9999990551113946,0.9968205971604721,0.9779602974797513,0.9987939224146876,0.992332318173971,0.9939796310604866,0.9923972331909481,0.9965441030605111,0.9915450608812962,0.9897575205047608,0.995468650627175,0.9999972342151158,0.9788178641660172,0.9939116576642405,0.9999991387285615,0.999989852827099,,,,
18,,,,,0.9977157859925018,0.9964961190768691,0.9999981309683839,0.9747999843218029,0.9626170333496953,0.9928840436592329,0.9912639930221109,0.9909707991004246,0.9800329350449251,0.9740818114894324,0.9914309159768018,0.9703886537446433,0.9956969686283579,0.9997306665557253,0.988895048769595,0.9989096884990214,,,,,
19,,,,,,0.999923151884874,0.9985532039305056,0.9996121567517048,0.9811873991384118,0.9782781806491775,0.973119123351226,0.9835969319631865,0.9866111119610463,0.9844982269299739,0.9699322058551059,0.9854086777738252,0.9933697935316761,0.9955401059631673,0.9971907473339977,,,,,,
20,,,,,,,0.9997618209464612,0.9989565284533694,0.9991690193443651,0.9998315776075559,0.9996427977603166,0.9988379395930049,0.9990493973168507,0.9918292824042073,0.988600707649796,0.982236521721773,0.9921180079925174,0.9999999840938892,,,,,,,
21,,,,,,,,,0.9999872609833558,0.9997938104100862,0.9998320103606186,0.9847289430649979,0.9892567831435217,0.9959814597834181,0.979374607662588,0.975147284464012,,,,,,,,,
22,,,,,,,,,,,,,,,,,,,,,,,,,
23,,,,,,,,,,,,,,,,,,,,,,,,,
24,,,,,,,,,,,,,,,,,,,,,,,,,
