TITLE = "B00080"
VARIABLES = "x", "y", "Vx", "Vy", "isValid"
ZONE T="Frame 0", I=25, J=25, F=POINT
-35.0547683239 35.2574698925 0 -0 0
-31.8127043247 35.2574698925 0 -0 0
-28.5706403255 35.2574698925 0 -0 0
-25.3285763264 35.2574698925 0 -0 0
-22.0865123272 35.2574698925 0 -0 0
-18.844448328 35.2574698925 0 -0 0
-15.6023843288 35.2574698925 0 -0 0
-12.3603203297 35.2574698925 0 -0 0
-9.1182563305 35.2574698925 0 -0 0
-5.8761923313 35.2574698925 0 -0 0
-2.6341283321 35.2574698925 0 -0 0
0.607935667 35.2574698925 0 -0 0
3.8499996662 35.2574698925 0 -0 0
7.0920636654 35.2574698925 0 -0 0
10.3341276646 35.2574698925 0 -0 0
13.5761916637 35.2574698925 0 -0 0
16.8182556629 35.2574698925 0 -0 0
20.0603196621 35.2574698925 0 -0 0
23.3023836613 35.2574698925 0 -0 0
26.5444476604 35.2574698925 0 -0 0
29.7865116596 35.2574698925 0 -0 0
33.0285756588 35.2574698925 0 -0 0
36.270639658 35.2574698925 0 -0 0
39.5127036572 35.2574698925 0 -0 0
42.7547676563 35.2574698925 0 -0 0
-35.0547683239 32.0154058933 0 -0 0
-31.8127043247 32.0154058933 0 -0 0
-28.5706403255 32.0154058933 0 -0 0
-25.3285763264 32.0154058933 0 -0 0
-22.0865123272 32.0154058933 0 -0 0
-18.844448328 32.0154058933 0 -0 0
-15.6023843288 32.0154058933 0 -0 0
-12.3603203297 32.0154058933 0 -0 0
-9.1182563305 32.0154058933 0 -0 0
-5.8761923313 32.0154058933 0 -0 0
-2.6341283321 32.0154058933 0 -0 0
0.607935667 32.0154058933 0 -0 0
3.8499996662 32.0154058933 0 -0 0
7.0920636654 32.0154058933 0 -0 0
10.3341276646 32.0154058933 0 -0 0
13.5761916637 32.0154058933 0 -0 0
16.8182556629 32.0154058933 0 -0 0
20.0603196621 32.0154058933 0 -0 0
23.3023836613 32.0154058933 0 -0 0
26.5444476604 32.0154058933 0 -0 0
29.7865116596 32.0154058933 0 -0 0
33.0285756588 32.0154058933 0 -0 0
36.270639658 32.0154058933 0 -0 0
39.5127036572 32.0154058933 0 -0 0
42.7547676563 32.0154058933 0 -0 0
-35.0547683239 28.7733418941 0 -0 0
-31.8127043247 28.7733418941 0 -0 0
-28.5706403255 28.7733418941 0 -0 0
-25.3285763264 28.7733418941 0 -0 0
-22.0865123272 28.7733418941 0 -0 0
-18.844448328 28.7733418941 0 -0 0
-15.6023843288 28.7733418941 0 -0 0
-12.3603203297 28.7733418941 0 -0 0
-9.1182563305 28.7733418941 0 -0 0
-5.8761923313 28.7733418941 0 -0 0
-2.6341283321 28.7733418941 0 -0 0
0.607935667 28.7733418941 0 -0 0
3.8499996662 28.7733418941 0 -0 0
7.0920636654 28.7733418941 0 -0 0
10.3341276646 28.7733418941 0 -0 0
13.5761916637 28.7733418941 0 -0 0
16.8182556629 28.7733418941 0 -0 0
20.0603196621 28.7733418941 0 -0 0
23.3023836613 28.7733418941 0 -0 0
26.5444476604 28.7733418941 0 -0 0
29.7865116596 28.7733418941 0 -0 0
33.0285756588 28.7733418941 0 -0 0
36.270639658 28.7733418941 0 -0 0
39.5127036572 28.7733418941 0 -0 0
42.7547676563 28.7733418941 0 -0 0
-35.0547683239 25.531277895 0 -0 0
-31.8127043247 25.531277895 0 -0 0
-28.5706403255 25.531277895 0 -0 0
-25.3285763264 25.531277895 0 -0 0
-22.0865123272 25.531277895 0 -0 0
-18.844448328 25.531277895 0 -0 0
-15.6023843288 25.531277895 0 -0 0
-12.3603203297 25.531277895 0 -0 0
-9.1182563305 25.531277895 1.296102928 5.2062166637 1
-5.8761923313 25.531277895 4.1705475796 5.2539347728 1
-2.6341283321 25.531277895 6.4503586114 6.3936589733 1
0.607935667 25.531277895 6.4641403941 6.908214892 1
3.8499996662 25.531277895 4.4302760898 5.4194973295 1
7.0920636654 25.531277895 3.375114316 2.2006868596 1
10.3341276646 25.531277895 3.2935800529 -0.4247685963 1
13.5761916637 25.531277895 3.5848812976 -0.889469609 1
16.8182556629 25.531277895 3.7153118426 -0.3573808225 1
20.0603196621 25.531277895 0 -0 0
23.3023836613 25.531277895 0 -0 0
26.5444476604 25.531277895 0 -0 0
29.7865116596 25.531277895 0 -0 0
33.0285756588 25.531277895 0 -0 0
36.270639658 25.531277895 0 -0 0
39.5127036572 25.531277895 0 -0 0
42.7547676563 25.531277895 0 -0 0
-35.0547683239 22.2892138958 0 -0 0
-31.8127043247 22.2892138958 0 -0 0
-28.5706403255 22.2892138958 0 -0 0
-25.3285763264 22.2892138958 0 -0 0
-22.0865123272 22.2892138958 0 -0 0
-18.844448328 22.2892138958 0 -0 0
-15.6023843288 22.2892138958 2.6203138205 7.9016940998 1
-12.3603203297 22.2892138958 -0.2958278458 7.1086757583 1
-9.1182563305 22.2892138958 -0.4530141703 5.8811459857 1
-5.8761923313 22.2892138958 2.2336957751 5.5044272181 1
-2.6341283321 22.2892138958 5.1366144943 6.5009143595 1
0.607935667 22.2892138958 5.977610614 7.5370952332 1
3.8499996662 22.2892138958 5.3718202843 6.3844087171 1
7.0920636654 22.2892138958 4.9244199093 2.7457164484 1
10.3341276646 22.2892138958 4.7426413238 -0.4558086695 1
13.5761916637 22.2892138958 4.8574850844 -1.3810688985 1
16.8182556629 22.2892138958 4.6584768549 -1.0193669267 1
20.0603196621 22.2892138958 4.3462523254 -0.8622010398 1
23.3023836613 22.2892138958 0 -0 0
26.5444476604 22.2892138958 0 -0 0
29.7865116596 22.2892138958 0 -0 0
33.0285756588 22.2892138958 0 -0 0
36.270639658 22.2892138958 0 -0 0
39.5127036572 22.2892138958 0 -0 0
42.7547676563 22.2892138958 0 -0 0
-35.0547683239 19.0471498966 0 -0 0
-31.8127043247 19.0471498966 0 -0 0
-28.5706403255 19.0471498966 0 -0 0
-25.3285763264 19.0471498966 0 -0 0
-22.0865123272 19.0471498966 0 -0 0
-18.844448328 19.0471498966 4.8022453297 8.0791199078 1
-15.6023843288 19.0471498966 0.9225276654 7.5488576363 1
-12.3603203297 19.0471498966 -2.7354918295 7.1990870789 1
-9.1182563305 19.0471498966 -2.654886336 6.6088183144 1
-5.8761923313 19.0471498966 0.6722870386 6.1294837819 1
-2.6341283321 19.0471498966 4.0085403749 5.9029847548 1
0.607935667 19.0471498966 5.4044806092 6.1418663713 1
3.8499996662 19.0471498966 5.6526849477 5.4311498262 1
7.0920636654 19.0471498966 5.6686763326 3.0294495487 1
10.3341276646 19.0471498966 5.7386215067 0.3011097893 1
13.5761916637 19.0471498966 6.2717999218 -1.3164422594 1
16.8182556629 19.0471498966 5.8046052183 -1.8656597662 1
20.0603196621 19.0471498966 4.663815167 -1.8297167416 1
23.3023836613 19.0471498966 2.7997979584 -2.0455488066 1
26.5444476604 19.0471498966 0 -0 0
29.7865116596 19.0471498966 0 -0 0
33.0285756588 19.0471498966 0 -0 0
36.270639658 19.0471498966 0 -0 0
39.5127036572 19.0471498966 0 -0 0
42.7547676563 19.0471498966 0 -0 0
-35.0547683239 15.8050858974 0 -0 0
-31.8127043247 15.8050858974 0 -0 0
-28.5706403255 15.8050858974 0 -0 0
-25.3285763264 15.8050858974 0 -0 0
-22.0865123272 15.8050858974 4.8982419499 7.5536168261 1
-18.844448328 15.8050858974 3.1158809885 6.7246820308 1
-15.6023843288 15.8050858974 -0.7153778306 5.2979547119 1
-12.3603203297 15.8050858974 -3.8827292212 5.0983996678 1
-9.1182563305 15.8050858974 -3.2091260229 5.9976951075 1
-5.8761923313 15.8050858974 0.4300537669 6.2120198844 1
-2.6341283321 15.8050858974 3.4690471714 5.3819781744 1
0.607935667 15.8050858974 4.3625447453 4.2909787534 1
3.8499996662 15.8050858974 4.6699050096 4.5279816946 1
7.0920636654 15.8050858974 4.707142756 3.969415499 1
10.3341276646 15.8050858974 5.6085351741 1.7869093966 1
13.5761916637 15.8050858974 6.9160007357 -1.2583472778 1
16.8182556629 15.8050858974 6.6564911324 -2.745703465 1
20.0603196621 15.8050858974 5.1208737202 -1.9425186281 1
23.3023836613 15.8050858974 2.8351081152 -1.2219769316 1
26.5444476604 15.8050858974 2.1193985272 -1.3326231122 1
29.7865116596 15.8050858974 0 -0 0
33.0285756588 15.8050858974 0 -0 0
36.270639658 15.8050858974 0 -0 0
39.5127036572 15.8050858974 0 -0 0
42.7547676563 15.8050858974 0 -0 0
-35.0547683239 12.5630218983 0 -0 0
-31.8127043247 12.5630218983 0 -0 0
-28.5706403255 12.5630218983 0 -0 0
-25.3285763264 12.5630218983 0 -0 0
-22.0865123272 12.5630218983 4.9426462596 6.6563981347 1
-18.844448328 12.5630218983 2.9425507046 5.1122406308 1
-15.6023843288 12.5630218983 -0.0252846512 2.3636296276 1
-12.3603203297 12.5630218983 -2.1270475917 1.2881881556 1
-9.1182563305 12.5630218983 -1.4820765271 2.5549155719 1
-5.8761923313 12.5630218983 1.4251709654 4.0514681944 1
-2.6341283321 12.5630218983 3.4648109429 4.0554145597 1
0.607935667 12.5630218983 3.8301287305 3.1417080928 1
3.8499996662 12.5630218983 3.3831682831 3.8361125919 1
7.0920636654 12.5630218983 3.2072385914 4.1620153384 1
10.3341276646 12.5630218983 4.5427324051 2.5949553283 1
13.5761916637 12.5630218983 6.2624258699 -1.2867151378 1
16.8182556629 12.5630218983 6.7449790906 -3.5195093179 1
20.0603196621 12.5630218983 5.6078570152 -2.5224015373 1
23.3023836613 12.5630218983 3.5363705941 -1.1224293374 1
26.5444476604 12.5630218983 2.4814449379 -1.5997533976 1
29.7865116596 12.5630218983 2.0854033224 -3.7300510793 1
33.0285756588 12.5630218983 0 -0 0
36.270639658 12.5630218983 0 -0 0
39.5127036572 12.5630218983 0 -0 0
42.7547676563 12.5630218983 0 -0 0
-35.0547683239 9.3209578991 0 -0 0
-31.8127043247 9.3209578991 0 -0 0
-28.5706403255 9.3209578991 0 -0 0
-25.3285763264 9.3209578991 6.0757455785 5.7005443651 1
-22.0865123272 9.3209578991 6.3465501806 5.524973077 1
-18.844448328 9.3209578991 5.4367429763 4.1462875477 1
-15.6023843288 9.3209578991 3.6319544613 1.3297394273 1
-12.3603203297 9.3209578991 1.637067384 -0.8605434606 1
-9.1182563305 9.3209578991 1.1512954751 -0.8682022627 1
-5.8761923313 9.3209578991 2.5648633112 0.7341072896 1
-2.6341283321 9.3209578991 3.4866279723 2.3027218416 1
0.607935667 9.3209578991 3.3780839031 2.9402423677 1
3.8499996662 9.3209578991 3.1569053736 4.1284256399 1
7.0920636654 9.3209578991 3.2134286783 4.0085832505 1
10.3341276646 9.3209578991 3.9533353435 2.0527396761 1
13.5761916637 9.3209578991 4.7222047674 -2.04873096 1
16.8182556629 9.3209578991 5.4505471026 -4.3987133195 1
20.0603196621 9.3209578991 5.6314283203 -3.6277269891 1
23.3023836613 9.3209578991 4.294470094 -2.289978584 1
26.5444476604 9.3209578991 2.7740692869 -3.0226688657 1
29.7865116596 9.3209578991 1.7028462288 -5.3299610332 1
33.0285756588 9.3209578991 0 -0 0
36.270639658 9.3209578991 0 -0 0
39.5127036572 9.3209578991 0 -0 0
42.7547676563 9.3209578991 0 -0 0
-35.0547683239 6.0788938999 0 -0 0
-31.8127043247 6.0788938999 0 -0 0
-28.5706403255 6.0788938999 0 -0 0
-25.3285763264 6.0788938999 4.7857530251 6.2839216344 1
-22.0865123272 6.0788938999 6.6651314683 6.4347633727 1
-18.844448328 6.0788938999 7.5534930304 5.1335014854 1
-15.6023843288 6.0788938999 6.5424378526 2.7689227071 1
-12.3603203297 6.0788938999 4.1144521249 0.6071064516 1
-9.1182563305 6.0788938999 2.8412595537 -1.145865373 1
-5.8761923313 6.0788938999 3.7920491733 -1.2004562571 1
-2.6341283321 6.0788938999 4.1878904512 0.2682951349 1
0.607935667 6.0788938999 4.0612030655 2.6106230327 1
3.8499996662 6.0788938999 3.8452251631 3.8125521567 1
7.0920636654 6.0788938999 3.4689891988 2.4357754966 1
10.3341276646 6.0788938999 2.6513370227 -0.3641346328 1
13.5761916637 6.0788938999 2.0706123028 -4.0356652204 1
16.8182556629 6.0788938999 3.0284682413 -5.8041263403 1
20.0603196621 6.0788938999 4.4778353781 -5.3311192778 1
23.3023836613 6.0788938999 4.0901187214 -4.108083591 1
26.5444476604 6.0788938999 2.4494677539 -4.7954628351 1
29.7865116596 6.0788938999 1.0675271525 -6.6213748216 1
33.0285756588 6.0788938999 1.0511237694 -7.8653138651 1
36.270639658 6.0788938999 0 -0 0
39.5127036572 6.0788938999 0 -0 0
42.7547676563 6.0788938999 0 -0 0
-35.0547683239 2.8368299007 0 -0 0
-31.8127043247 2.8368299007 0 -0 0
-28.5706403255 2.8368299007 0.8159973899 7.4655081055 1
-25.3285763264 2.8368299007 1.9470507584 8.2214463137 1
-22.0865123272 2.8368299007 4.2974266977 7.6472220757 1
-18.844448328 2.8368299007 5.3473818055 5.8780414311 1
-15.6023843288 2.8368299007 4.8807191216 4.3097682231 1
-12.3603203297 2.8368299007 3.9428275041 3.5879275776 1
-9.1182563305 2.8368299007 4.1248787422 1.4746839612 1
-5.8761923313 2.8368299007 5.5845151852 -1.2857447003 1
-2.6341283321 2.8368299007 5.274321207 -1.8355635219 1
0.607935667 2.8368299007 4.7766670246 0.0784691637 1
3.8499996662 2.8368299007 4.3283454284 1.8109808664 1
7.0920636654 2.8368299007 3.16650105 0.3194226833 1
10.3341276646 2.8368299007 1.2927829387 -2.9497821851 1
13.5761916637 2.8368299007 -0.1052353366 -5.8703202027 1
16.8182556629 2.8368299007 0.8306230969 -6.7983139011 1
20.0603196621 2.8368299007 2.6033680009 -5.8670290488 1
23.3023836613 2.8368299007 2.7233260336 -4.8642977731 1
26.5444476604 2.8368299007 1.4001633283 -5.3643418163 1
29.7865116596 2.8368299007 0.1363945443 -6.6759403426 1
33.0285756588 2.8368299007 -0.1001530703 -7.7406105319 1
36.270639658 2.8368299007 0 -0 0
39.5127036572 2.8368299007 0 -0 0
42.7547676563 2.8368299007 0 -0 0
-35.0547683239 -0.4052340984 0 -0 0
-31.8127043247 -0.4052340984 0 -0 0
-28.5706403255 -0.4052340984 -1.3854314891 9.2532750137 1
-25.3285763264 -0.4052340984 -1.3047490008 10.4398700777 1
-22.0865123272 -0.4052340984 -0.9870675719 9.0431381548 1
-18.844448328 -0.4052340984 -1.4424575251 5.8035617112 1
-15.6023843288 -0.4052340984 -0.9543925274 4.1600035073 1
-12.3603203297 -0.4052340984 1.6171204245 5.0869168618 1
-9.1182563305 -0.4052340984 4.2415323355 3.8441728996 1
-5.8761923313 -0.4052340984 5.6243767965 -0.4149916422 1
-2.6341283321 -0.4052340984 4.2798371404 -3.3669661435 1
0.607935667 -0.4052340984 3.4611888619 -2.6179490207 1
3.8499996662 -0.4052340984 3.2648654895 -0.6477280855 1
7.0920636654 -0.4052340984 1.9914475195 -1.5816884346 1
10.3341276646 -0.4052340984 0.3596428115 -4.3824423374 1
13.5761916637 -0.4052340984 -0.8711459584 -6.906915943 1
16.8182556629 -0.4052340984 0.0067892382 -7.1224581449 1
20.0603196621 -0.4052340984 1.2422459109 -5.705094008 1
23.3023836613 -0.4052340984 1.0909846259 -4.8404583446 1
26.5444476604 -0.4052340984 -0.0656980097 -5.43264866 1
29.7865116596 -0.4052340984 -0.9652527316 -6.4538405919 1
33.0285756588 -0.4052340984 -1.0406600889 -7.0825633201 1
36.270639658 -0.4052340984 0 -0 0
39.5127036572 -0.4052340984 0 -0 0
42.7547676563 -0.4052340984 0 -0 0
-35.0547683239 -3.6472980976 0 -0 0
-31.8127043247 -3.6472980976 0 -0 0
-28.5706403255 -3.6472980976 -2.6004449127 11.0762681392 1
-25.3285763264 -3.6472980976 -3.4059343122 11.7828964068 1
-22.0865123272 -3.6472980976 -4.7026531993 9.6920601139 1
-18.844448328 -3.6472980976 -6.6987724967 4.8181926313 1
-15.6023843288 -3.6472980976 -5.6967525934 2.8768055261 1
-12.3603203297 -3.6472980976 -1.5327725266 3.8310004334 1
-9.1182563305 -3.6472980976 1.7182397711 3.3222755941 1
-5.8761923313 -3.6472980976 2.2336678456 -0.4390331067 1
-2.6341283321 -3.6472980976 0.4651701531 -3.9829572388 1
0.607935667 -3.6472980976 0.4322481588 -4.3455439724 1
3.8499996662 -3.6472980976 1.3127406171 -2.9280940844 1
7.0920636654 -3.6472980976 1.0444476334 -2.8306849854 1
10.3341276646 -3.6472980976 0.3472323681 -3.8422664459 1
13.5761916637 -3.6472980976 -0.3913967858 -5.2893856339 1
16.8182556629 -3.6472980976 0.1120481952 -5.5919592319 1
20.0603196621 -3.6472980976 0.6843131115 -4.7832372549 1
23.3023836613 -3.6472980976 0.1191637965 -4.6516394071 1
26.5444476604 -3.6472980976 -1.075374894 -5.5750698752 1
29.7865116596 -3.6472980976 -1.8259035322 -6.4135538481 1
33.0285756588 -3.6472980976 -1.5526298097 -6.6340418391 1
36.270639658 -3.6472980976 0 -0 0
39.5127036572 -3.6472980976 0 -0 0
42.7547676563 -3.6472980976 0 -0 0
-35.0547683239 -6.8893620968 0 -0 0
-31.8127043247 -6.8893620968 0 -0 0
-28.5706403255 -6.8893620968 -4.0308389998 11.4040332561 1
-25.3285763264 -6.8893620968 -4.6318260564 11.4037337309 1
-22.0865123272 -6.8893620968 -5.2063350245 8.9459543036 1
-18.844448328 -6.8893620968 -6.2538181436 4.5897799039 1
-15.6023843288 -6.8893620968 -5.2973170131 1.7325783325 1
-12.3603203297 -6.8893620968 -3.4702990177 1.5111958421 1
-9.1182563305 -6.8893620968 -2.6198965384 0.9154327376 1
-5.8761923313 -6.8893620968 -3.3358819492 -0.1103304827 1
-2.6341283321 -6.8893620968 -3.7612593713 -1.4676113015 1
0.607935667 -6.8893620968 -2.3928543199 -2.1496892213 1
3.8499996662 -6.8893620968 -0.3571585941 -2.3159782474 1
7.0920636654 -6.8893620968 0.3228881703 -2.1802321868 1
10.3341276646 -6.8893620968 0.3370699867 -1.6848818122 1
13.5761916637 -6.8893620968 0.051636427 -2.3213482633 1
16.8182556629 -6.8893620968 0.1755196184 -3.3411275655 1
20.0603196621 -6.8893620968 0.3158348348 -4.1490424549 1
23.3023836613 -6.8893620968 -0.414519256 -5.396009964 1
26.5444476604 -6.8893620968 -1.3429485794 -6.9635811598 1
29.7865116596 -6.8893620968 -1.691795651 -7.6510977869 1
33.0285756588 -6.8893620968 -1.1831595823 -7.2873057059 1
36.270639658 -6.8893620968 0 -0 0
39.5127036572 -6.8893620968 0 -0 0
42.7547676563 -6.8893620968 0 -0 0
-35.0547683239 -10.131426096 0 -0 0
-31.8127043247 -10.131426096 0 -0 0
-28.5706403255 -10.131426096 -5.8144291619 12.339044661 1
-25.3285763264 -10.131426096 -5.4188282289 11.3251252735 1
-22.0865123272 -10.131426096 -3.2369833766 9.0885373591 1
-18.844448328 -10.131426096 -2.228678426 6.0390307935 1
-15.6023843288 -10.131426096 -1.7219263165 3.0980589369 1
-12.3603203297 -10.131426096 -3.6106549583 0.7303691124 1
-9.1182563305 -10.131426096 -5.2228028719 -0.8129757935 1
-5.8761923313 -10.131426096 -6.4320277897 1.0894365003 1
-2.6341283321 -10.131426096 -5.56546816 3.233629117 1
0.607935667 -10.131426096 -3.1547410625 2.8444909234 1
3.8499996662 -10.131426096 -1.0657256986 0.6940245821 1
7.0920636654 -10.131426096 -0.3242923834 -0.3187141416 1
10.3341276646 -10.131426096 -0.2418703579 0.2288887936 1
13.5761916637 -10.131426096 0.0168807679 -0.3219777813 1
16.8182556629 -10.131426096 0.0000493841 -2.4528301659 1
20.0603196621 -10.131426096 -0.2800335149 -5.1475393138 1
23.3023836613 -10.131426096 -1.14754439 -7.4299231827 1
26.5444476604 -10.131426096 -1.3980977518 -8.985983794 1
29.7865116596 -10.131426096 -1.017954146 -9.0741728308 1
33.0285756588 -10.131426096 -0.2321416955 -8.2348923383 1
36.270639658 -10.131426096 0 -0 0
39.5127036572 -10.131426096 0 -0 0
42.7547676563 -10.131426096 0 -0 0
-35.0547683239 -13.3734900951 0 -0 0
-31.8127043247 -13.3734900951 0 -0 0
-28.5706403255 -13.3734900951 0 -0 0
-25.3285763264 -13.3734900951 -4.8809431616 10.6194402687 1
-22.0865123272 -13.3734900951 -1.094749072 8.5460652083 1
-18.844448328 -13.3734900951 0.0086481192 7.5752412173 1
-15.6023843288 -13.3734900951 -1.1333110549 4.5951438809 1
-12.3603203297 -13.3734900951 -4.8214366825 1.1610584267 1
-9.1182563305 -13.3734900951 -5.9253730561 -1.4752034502 1
-5.8761923313 -13.3734900951 -5.813139875 1.7169557682 1
-2.6341283321 -13.3734900951 -4.7847037811 6.2533048443 1
0.607935667 -13.3734900951 -3.0923453125 6.3585293771 1
3.8499996662 -13.3734900951 -1.6954328291 3.2817077434 1
7.0920636654 -13.3734900951 -0.6321935746 0.4105105776 1
10.3341276646 -13.3734900951 -0.0443791164 -0.1026373065 1
13.5761916637 -13.3734900951 1.0036241144 -0.8369227883 1
16.8182556629 -13.3734900951 0.7584085363 -3.0707647027 1
20.0603196621 -13.3734900951 -0.543237797 -6.5026837322 1
23.3023836613 -13.3734900951 -2.2450842246 -9.0468550452 1
26.5444476604 -13.3734900951 -1.9019056372 -10.0586083099 1
29.7865116596 -13.3734900951 -0.6312745802 -9.4953825649 1
33.0285756588 -13.3734900951 0.7094323912 -8.7092702118 1
36.270639658 -13.3734900951 0 -0 0
39.5127036572 -13.3734900951 0 -0 0
42.7547676563 -13.3734900951 0 -0 0
-35.0547683239 -16.6155540943 0 -0 0
-31.8127043247 -16.6155540943 0 -0 0
-28.5706403255 -16.6155540943 0 -0 0
-25.3285763264 -16.6155540943 -3.7737684738 8.0983813109 1
-22.0865123272 -16.6155540943 -1.6879759498 5.9771444175 1
-18.844448328 -16.6155540943 -2.5906094953 5.2761352669 1
-15.6023843288 -16.6155540943 -5.1828917423 3.4832353663 1
-12.3603203297 -16.6155540943 -7.2903963712 0.3846053839 1
-9.1182563305 -16.6155540943 -5.3193290962 -1.6887853019 1
-5.8761923313 -16.6155540943 -3.0195060366 1.6733345419 1
-2.6341283321 -16.6155540943 -2.8411801433 6.5453515807 1
0.607935667 -16.6155540943 -3.0755226847 7.014880286 1
3.8499996662 -16.6155540943 -2.7861749966 3.4166378091 1
7.0920636654 -16.6155540943 -1.2691279961 -0.4780400748 1
10.3341276646 -16.6155540943 0.235338776 -2.1922625623 1
13.5761916637 -16.6155540943 2.2825538615 -2.9639854771 1
16.8182556629 -16.6155540943 2.232229249 -4.4665584958 1
20.0603196621 -16.6155540943 0.0044123604 -7.2859409338 1
23.3023836613 -16.6155540943 -2.4905659635 -9.2613259613 1
26.5444476604 -16.6155540943 -2.2065045027 -9.7692434111 1
29.7865116596 -16.6155540943 -0.5697799346 -9.003553725 1
33.0285756588 -16.6155540943 0 -0 0
36.270639658 -16.6155540943 0 -0 0
39.5127036572 -16.6155540943 0 -0 0
42.7547676563 -16.6155540943 0 -0 0
-35.0547683239 -19.8576180935 0 -0 0
-31.8127043247 -19.8576180935 0 -0 0
-28.5706403255 -19.8576180935 0 -0 0
-25.3285763264 -19.8576180935 0 -0 0
-22.0865123272 -19.8576180935 -3.7354500815 1.4201794322 1
-18.844448328 -19.8576180935 -6.0654113551 0.511239062 1
-15.6023843288 -19.8576180935 -8.4352523564 -0.5457993489 1
-12.3603203297 -19.8576180935 -7.8496793741 -2.436496833 1
-9.1182563305 -19.8576180935 -3.7955039792 -2.6890663286 1
-5.8761923313 -19.8576180935 -0.9484578069 0.4575070484 1
-2.6341283321 -19.8576180935 -1.5692071107 4.7195959995 1
0.607935667 -19.8576180935 -3.0532889771 4.8084272642 1
3.8499996662 -19.8576180935 -3.4804698912 1.297193236 1
7.0920636654 -19.8576180935 -2.3210970486 -2.0168846673 1
10.3341276646 -19.8576180935 -0.2193233113 -3.7472363379 1
13.5761916637 -19.8576180935 2.6269263225 -4.3567024941 1
16.8182556629 -19.8576180935 3.3028438964 -4.992125287 1
20.0603196621 -19.8576180935 1.0597265892 -6.2158134677 1
23.3023836613 -19.8576180935 -1.5660765892 -7.0816454202 1
26.5444476604 -19.8576180935 -1.8919236277 -7.5717230039 1
29.7865116596 -19.8576180935 -0.7207599996 -7.6317633142 1
33.0285756588 -19.8576180935 0 -0 0
36.270639658 -19.8576180935 0 -0 0
39.5127036572 -19.8576180935 0 -0 0
42.7547676563 -19.8576180935 0 -0 0
-35.0547683239 -23.0996820927 0 -0 0
-31.8127043247 -23.0996820927 0 -0 0
-28.5706403255 -23.0996820927 0 -0 0
-25.3285763264 -23.0996820927 0 -0 0
-22.0865123272 -23.0996820927 -6.7333060619 -4.2387544808 1
-18.844448328 -23.0996820927 -8.0632988175 -5.197162669 1
-15.6023843288 -23.0996820927 -7.816673629 -5.1662946642 1
-12.3603203297 -23.0996820927 -4.972481325 -5.4816524327 1
-9.1182563305 -23.0996820927 -1.1161039056 -3.7335547996 1
-5.8761923313 -23.0996820927 0.3196116605 0.1877819033 1
-2.6341283321 -23.0996820927 -0.6969640506 3.7478634688 1
0.607935667 -23.0996820927 -2.6412195928 3.1144201993 1
3.8499996662 -23.0996820927 -3.6139702675 -0.2599728558 1
7.0920636654 -23.0996820927 -3.423714696 -2.2039257778 1
10.3341276646 -23.0996820927 -1.221931867 -3.3299451906 1
13.5761916637 -23.0996820927 2.041196633 -4.4339950938 1
16.8182556629 -23.0996820927 3.5830621047 -5.3082756499 1
20.0603196621 -23.0996820927 1.9687115335 -5.6882028397 1
23.3023836613 -23.0996820927 -0.2980995157 -5.6106457398 1
26.5444476604 -23.0996820927 -1.1295804262 -5.9142193655 1
29.7865116596 -23.0996820927 0 -0 0
33.0285756588 -23.0996820927 0 -0 0
36.270639658 -23.0996820927 0 -0 0
39.5127036572 -23.0996820927 0 -0 0
42.7547676563 -23.0996820927 0 -0 0
-35.0547683239 -26.3417460918 0 -0 0
-31.8127043247 -26.3417460918 0 -0 0
-28.5706403255 -26.3417460918 0 -0 0
-25.3285763264 -26.3417460918 0 -0 0
-22.0865123272 -26.3417460918 0 -0 0
-18.844448328 -26.3417460918 -7.2377113371 -7.3295091695 1
-15.6023843288 -26.3417460918 -4.3810736401 -6.3975352884 1
-12.3603203297 -26.3417460918 -1.0239531799 -5.7220395257 1
-9.1182563305 -26.3417460918 1.1462819003 -3.2486588208 1
-5.8761923313 -26.3417460918 0.5515064062 0.3760211335 1
-2.6341283321 -26.3417460918 -0.8292167324 3.1471360813 1
0.607935667 -26.3417460918 -2.5107662512 2.2371205378 1
3.8499996662 -26.3417460918 -3.7412802551 -0.3491519186 1
7.0920636654 -26.3417460918 -4.1822628799 -1.3021874866 1
10.3341276646 -26.3417460918 -2.2956298577 -2.0028036613 1
13.5761916637 -26.3417460918 0.7769490559 -3.684937209 1
16.8182556629 -26.3417460918 2.3822688818 -5.2022696945 1
20.0603196621 -26.3417460918 1.6688706501 -5.416733968 1
23.3023836613 -26.3417460918 0.2457888881 -4.7180307387 1
26.5444476604 -26.3417460918 0 -0 0
29.7865116596 -26.3417460918 0 -0 0
33.0285756588 -26.3417460918 0 -0 0
36.270639658 -26.3417460918 0 -0 0
39.5127036572 -26.3417460918 0 -0 0
42.7547676563 -26.3417460918 0 -0 0
-35.0547683239 -29.583810091 0 -0 0
-31.8127043247 -29.583810091 0 -0 0
-28.5706403255 -29.583810091 0 -0 0
-25.3285763264 -29.583810091 0 -0 0
-22.0865123272 -29.583810091 0 -0 0
-18.844448328 -29.583810091 0 -0 0
-15.6023843288 -29.583810091 -1.4936882617 -6.0253015485 1
-12.3603203297 -29.583810091 0.3096194226 -4.5118242423 1
-9.1182563305 -29.583810091 0.5307838742 -2.253126265 1
-5.8761923313 -29.583810091 -0.599262975 0.4220106319 1
-2.6341283321 -29.583810091 -1.6214769763 1.7111692251 1
0.607935667 -29.583810091 -2.8362201629 0.854932949 1
3.8499996662 -29.583810091 -4.1226199236 -0.6611927549 1
7.0920636654 -29.583810091 -4.4334066113 -1.1074445474 1
10.3341276646 -29.583810091 -2.8562228304 -1.6380163837 1
13.5761916637 -29.583810091 -0.3654293546 -3.2720477536 1
16.8182556629 -29.583810091 0.9440762695 -4.8771405201 1
20.0603196621 -29.583810091 0.8119223223 -5.4026882891 1
23.3023836613 -29.583810091 0 -0 0
26.5444476604 -29.583810091 0 -0 0
29.7865116596 -29.583810091 0 -0 0
33.0285756588 -29.583810091 0 -0 0
36.270639658 -29.583810091 0 -0 0
39.5127036572 -29.583810091 0 -0 0
42.7547676563 -29.583810091 0 -0 0
-35.0547683239 -32.8258740902 0 -0 0
-31.8127043247 -32.8258740902 0 -0 0
-28.5706403255 -32.8258740902 0 -0 0
-25.3285763264 -32.8258740902 0 -0 0
-22.0865123272 -32.8258740902 0 -0 0
-18.844448328 -32.8258740902 0 -0 0
-15.6023843288 -32.8258740902 0 -0 0
-12.3603203297 -32.8258740902 0 -0 0
-9.1182563305 -32.8258740902 -1.3222443525 -1.0068969255 1
-5.8761923313 -32.8258740902 -2.5770719827 -0.2392653454 1
-2.6341283321 -32.8258740902 -3.3258614422 -0.3451168959 1
0.607935667 -32.8258740902 -3.9829315739 -0.8588257198 1
3.8499996662 -32.8258740902 -5.0667188386 -1.4542303452 1
7.0920636654 -32.8258740902 -5.0682074064 -1.6578822721 1
10.3341276646 -32.8258740902 -3.8432115204 -2.226217911 1
13.5761916637 -32.8258740902 -1.7078675032 -3.2311861146 1
16.8182556629 -32.8258740902 -0.6485733685 -4.3030464185 1
20.0603196621 -32.8258740902 0 -0 0
23.3023836613 -32.8258740902 0 -0 0
26.5444476604 -32.8258740902 0 -0 0
29.7865116596 -32.8258740902 0 -0 0
33.0285756588 -32.8258740902 0 -0 0
36.270639658 -32.8258740902 0 -0 0
39.5127036572 -32.8258740902 0 -0 0
42.7547676563 -32.8258740902 0 -0 0
-35.0547683239 -36.0679380894 0 -0 0
-31.8127043247 -36.0679380894 0 -0 0
-28.5706403255 -36.0679380894 0 -0 0
-25.3285763264 -36.0679380894 0 -0 0
-22.0865123272 -36.0679380894 0 -0 0
-18.844448328 -36.0679380894 0 -0 0
-15.6023843288 -36.0679380894 0 -0 0
-12.3603203297 -36.0679380894 0 -0 0
-9.1182563305 -36.0679380894 0 -0 0
-5.8761923313 -36.0679380894 0 -0 0
-2.6341283321 -36.0679380894 0 -0 0
0.607935667 -36.0679380894 0 -0 0
3.8499996662 -36.0679380894 0 -0 0
7.0920636654 -36.0679380894 0 -0 0
10.3341276646 -36.0679380894 0 -0 0
13.5761916637 -36.0679380894 0 -0 0
16.8182556629 -36.0679380894 0 -0 0
20.0603196621 -36.0679380894 0 -0 0
23.3023836613 -36.0679380894 0 -0 0
26.5444476604 -36.0679380894 0 -0 0
29.7865116596 -36.0679380894 0 -0 0
33.0285756588 -36.0679380894 0 -0 0
36.270639658 -36.0679380894 0 -0 0
39.5127036572 -36.0679380894 0 -0 0
42.7547676563 -36.0679380894 0 -0 0
-35.0547683239 -39.3100020885 0 -0 0
-31.8127043247 -39.3100020885 0 -0 0
-28.5706403255 -39.3100020885 0 -0 0
-25.3285763264 -39.3100020885 0 -0 0
-22.0865123272 -39.3100020885 0 -0 0
-18.844448328 -39.3100020885 0 -0 0
-15.6023843288 -39.3100020885 0 -0 0
-12.3603203297 -39.3100020885 0 -0 0
-9.1182563305 -39.3100020885 0 -0 0
-5.8761923313 -39.3100020885 0 -0 0
-2.6341283321 -39.3100020885 0 -0 0
0.607935667 -39.3100020885 0 -0 0
3.8499996662 -39.3100020885 0 -0 0
7.0920636654 -39.3100020885 0 -0 0
10.3341276646 -39.3100020885 0 -0 0
13.5761916637 -39.3100020885 0 -0 0
16.8182556629 -39.3100020885 0 -0 0
20.0603196621 -39.3100020885 0 -0 0
23.3023836613 -39.3100020885 0 -0 0
26.5444476604 -39.3100020885 0 -0 0
29.7865116596 -39.3100020885 0 -0 0
33.0285756588 -39.3100020885 0 -0 0
36.270639658 -39.3100020885 0 -0 0
39.5127036572 -39.3100020885 0 -0 0
42.7547676563 -39.3100020885 0 -0 0
-35.0547683239 -42.5520660877 0 -0 0
-31.8127043247 -42.5520660877 0 -0 0
-28.5706403255 -42.5520660877 0 -0 0
-25.3285763264 -42.5520660877 0 -0 0
-22.0865123272 -42.5520660877 0 -0 0
-18.844448328 -42.5520660877 0 -0 0
-15.6023843288 -42.5520660877 0 -0 0
-12.3603203297 -42.5520660877 0 -0 0
-9.1182563305 -42.5520660877 0 -0 0
-5.8761923313 -42.5520660877 0 -0 0
-2.6341283321 -42.5520660877 0 -0 0
0.607935667 -42.5520660877 0 -0 0
3.8499996662 -42.5520660877 0 -0 0
7.0920636654 -42.5520660877 0 -0 0
10.3341276646 -42.5520660877 0 -0 0
13.5761916637 -42.5520660877 0 -0 0
16.8182556629 -42.5520660877 0 -0 0
20.0603196621 -42.5520660877 0 -0 0
23.3023836613 -42.5520660877 0 -0 0
26.5444476604 -42.5520660877 0 -0 0
29.7865116596 -42.5520660877 0 -0 0
33.0285756588 -42.5520660877 0 -0 0
36.270639658 -42.5520660877 0 -0 0
39.5127036572 -42.5520660877 0 -0 0
42.7547676563 -42.5520660877 0 -0 0
