TITLE = "B00080"
VARIABLES = "x", "y", "Vx", "Vy", "isValid"
ZONE T="Frame 0", I=25, J=25, F=POINT
-35.0547683239 35.2574698925 0 -0 0
-31.8127043247 35.2574698925 0 -0 0
-28.5706403255 35.2574698925 0 -0 0
-25.3285763264 35.2574698925 0 -0 0
-22.0865123272 35.2574698925 0 -0 0
-18.844448328 35.2574698925 0 -0 0
-15.6023843288 35.2574698925 0 -0 0
-12.3603203297 35.2574698925 0 -0 0
-9.1182563305 35.2574698925 0 -0 0
-5.8761923313 35.2574698925 0 -0 0
-2.6341283321 35.2574698925 0 -0 0
0.607935667 35.2574698925 0 -0 0
3.8499996662 35.2574698925 0 -0 0
7.0920636654 35.2574698925 0 -0 0
10.3341276646 35.2574698925 0 -0 0
13.5761916637 35.2574698925 0 -0 0
16.8182556629 35.2574698925 0 -0 0
20.0603196621 35.2574698925 0 -0 0
23.3023836613 35.2574698925 0 -0 0
26.5444476604 35.2574698925 0 -0 0
29.7865116596 35.2574698925 0 -0 0
33.0285756588 35.2574698925 0 -0 0
36.270639658 35.2574698925 0 -0 0
39.5127036572 35.2574698925 0 -0 0
42.7547676563 35.2574698925 0 -0 0
-35.0547683239 32.0154058933 0 -0 0
-31.8127043247 32.0154058933 0 -0 0
-28.5706403255 32.0154058933 0 -0 0
-25.3285763264 32.0154058933 0 -0 0
-22.0865123272 32.0154058933 0 -0 0
-18.844448328 32.0154058933 0 -0 0
-15.6023843288 32.0154058933 0 -0 0
-12.3603203297 32.0154058933 0 -0 0
-9.1182563305 32.0154058933 0 -0 0
-5.8761923313 32.0154058933 0 -0 0
-2.6341283321 32.0154058933 0 -0 0
0.607935667 32.0154058933 0 -0 0
3.8499996662 32.0154058933 0 -0 0
7.0920636654 32.0154058933 0 -0 0
10.3341276646 32.0154058933 0 -0 0
13.5761916637 32.0154058933 0 -0 0
16.8182556629 32.0154058933 0 -0 0
20.0603196621 32.0154058933 0 -0 0
23.3023836613 32.0154058933 0 -0 0
26.5444476604 32.0154058933 0 -0 0
29.7865116596 32.0154058933 0 -0 0
33.0285756588 32.0154058933 0 -0 0
36.270639658 32.0154058933 0 -0 0
39.5127036572 32.0154058933 0 -0 0
42.7547676563 32.0154058933 0 -0 0
-35.0547683239 28.7733418941 0 -0 0
-31.8127043247 28.7733418941 0 -0 0
-28.5706403255 28.7733418941 0 -0 0
-25.3285763264 28.7733418941 0 -0 0
-22.0865123272 28.7733418941 0 -0 0
-18.844448328 28.7733418941 0 -0 0
-15.6023843288 28.7733418941 0 -0 0
-12.3603203297 28.7733418941 0 -0 0
-9.1182563305 28.7733418941 0 -0 0
-5.8761923313 28.7733418941 0 -0 0
-2.6341283321 28.7733418941 0 -0 0
0.607935667 28.7733418941 0 -0 0
3.8499996662 28.7733418941 0 -0 0
7.0920636654 28.7733418941 0 -0 0
10.3341276646 28.7733418941 0 -0 0
13.5761916637 28.7733418941 0 -0 0
16.8182556629 28.7733418941 0 -0 0
20.0603196621 28.7733418941 0 -0 0
23.3023836613 28.7733418941 0 -0 0
26.5444476604 28.7733418941 0 -0 0
29.7865116596 28.7733418941 0 -0 0
33.0285756588 28.7733418941 0 -0 0
36.270639658 28.7733418941 0 -0 0
39.5127036572 28.7733418941 0 -0 0
42.7547676563 28.7733418941 0 -0 0
-35.0547683239 25.531277895 0 -0 0
-31.8127043247 25.531277895 0 -0 0
-28.5706403255 25.531277895 0 -0 0
-25.3285763264 25.531277895 0 -0 0
-22.0865123272 25.531277895 0 -0 0
-18.844448328 25.531277895 0 -0 0
-15.6023843288 25.531277895 0 -0 0
-12.3603203297 25.531277895 0 -0 0
-9.1182563305 25.531277895 3.9255715914 -2.7300378741 1
-5.8761923313 25.531277895 3.5072312 -2.2173150376 1
-2.6341283321 25.531277895 2.3281315127 -2.0467219973 1
0.607935667 25.531277895 1.4739689656 -1.7142327157 1
3.8499996662 25.531277895 1.0752181868 -0.9847959208 1
7.0920636654 25.531277895 -0.0009034067 0.026726989 1
10.3341276646 25.531277895 -0.8511177014 0.834086659 1
13.5761916637 25.531277895 -1.2091556224 1.3477627224 1
16.8182556629 25.531277895 -1.1595129431 1.4796889308 1
20.0603196621 25.531277895 0 -0 0
23.3023836613 25.531277895 0 -0 0
26.5444476604 25.531277895 0 -0 0
29.7865116596 25.531277895 0 -0 0
33.0285756588 25.531277895 0 -0 0
36.270639658 25.531277895 0 -0 0
39.5127036572 25.531277895 0 -0 0
42.7547676563 25.531277895 0 -0 0
-35.0547683239 22.2892138958 0 -0 0
-31.8127043247 22.2892138958 0 -0 0
-28.5706403255 22.2892138958 0 -0 0
-25.3285763264 22.2892138958 0 -0 0
-22.0865123272 22.2892138958 0 -0 0
-18.844448328 22.2892138958 0 -0 0
-15.6023843288 22.2892138958 -2.5249695432 -1.8536331649 1
-12.3603203297 22.2892138958 -0.3932068073 -3.5894901209 1
-9.1182563305 22.2892138958 1.2858789129 -3.78543335 1
-5.8761923313 22.2892138958 1.3844892831 -2.3391200417 1
-2.6341283321 22.2892138958 0.6534759802 -0.743702815 1
0.607935667 22.2892138958 0.130653113 -0.0386935041 1
3.8499996662 22.2892138958 -0.216055369 -0.0748018577 1
7.0920636654 22.2892138958 -1.1889067977 0.0000493841 1
10.3341276646 22.2892138958 -1.6462333987 0.3349979939 1
13.5761916637 22.2892138958 -0.9899018141 0.8941396508 1
16.8182556629 22.2892138958 -0.7315292441 1.2578998771 1
20.0603196621 22.2892138958 -1.6249231768 1.2668569489 1
23.3023836613 22.2892138958 0 -0 0
26.5444476604 22.2892138958 0 -0 0
29.7865116596 22.2892138958 0 -0 0
33.0285756588 22.2892138958 0 -0 0
36.270639658 22.2892138958 0 -0 0
39.5127036572 22.2892138958 0 -0 0
42.7547676563 22.2892138958 0 -0 0
-35.0547683239 19.0471498966 0 -0 0
-31.8127043247 19.0471498966 0 -0 0
-28.5706403255 19.0471498966 0 -0 0
-25.3285763264 19.0471498966 0 -0 0
-22.0865123272 19.0471498966 0 -0 0
-18.844448328 19.0471498966 -5.9498815851 1.2565151014 1
-15.6023843288 19.0471498966 -3.8995476218 -1.3821724919 1
-12.3603203297 19.0471498966 -1.7270923714 -3.8774386157 1
-9.1182563305 19.0471498966 -0.0062825144 -4.6684255 1
-5.8761923313 19.0471498966 0.1703750956 -2.9984341969 1
-2.6341283321 19.0471498966 -0.2788483032 -0.4393251212 1
0.607935667 19.0471498966 -0.726723329 0.5962805932 1
3.8499996662 19.0471498966 -0.9342180556 0.0549730749 1
7.0920636654 19.0471498966 -1.593169127 -0.3229955102 1
10.3341276646 19.0471498966 -1.7789929635 -0.1246926615 1
13.5761916637 19.0471498966 -0.7156011158 0.2873874512 1
16.8182556629 19.0471498966 -0.6583048428 0.4414786757 1
20.0603196621 19.0471498966 -1.6801467777 0.5607018979 1
23.3023836613 19.0471498966 -2.5605784703 0.4418902209 1
26.5444476604 19.0471498966 0 -0 0
29.7865116596 19.0471498966 0 -0 0
33.0285756588 19.0471498966 0 -0 0
36.270639658 19.0471498966 0 -0 0
39.5127036572 19.0471498966 0 -0 0
42.7547676563 19.0471498966 0 -0 0
-35.0547683239 15.8050858974 0 -0 0
-31.8127043247 15.8050858974 0 -0 0
-28.5706403255 15.8050858974 0 -0 0
-25.3285763264 15.8050858974 0 -0 0
-22.0865123272 15.8050858974 -6.7426517314 3.0273567975 1
-18.844448328 15.8050858974 -5.6129918193 0.3048343981 1
-15.6023843288 15.8050858974 -3.8274939957 -2.6385229601 1
-12.3603203297 15.8050858974 -1.8912149728 -5.0864059781 1
-9.1182563305 15.8050858974 -0.2307503526 -5.6023067407 1
-5.8761923313 15.8050858974 0.461221561 -4.3753545807 1
-2.6341283321 15.8050858974 0.2252880372 -2.1223690201 1
0.607935667 15.8050858974 -0.3965112466 -0.993768769 1
3.8499996662 15.8050858974 -1.0474729286 -0.7682552764 1
7.0920636654 15.8050858974 -1.6588285543 -0.3176470076 1
10.3341276646 15.8050858974 -1.3130819611 -0.0016210862 1
13.5761916637 15.8050858974 -0.083690988 -0.3701251369 1
16.8182556629 15.8050858974 0.209221035 -1.1350330229 1
20.0603196621 15.8050858974 -0.5962247719 -1.0309464292 1
23.3023836613 15.8050858974 -0.8636517895 -0.0159188519 1
26.5444476604 15.8050858974 0.2395493206 0.8727491127 1
29.7865116596 15.8050858974 0 -0 0
33.0285756588 15.8050858974 0 -0 0
36.270639658 15.8050858974 0 -0 0
39.5127036572 15.8050858974 0 -0 0
42.7547676563 15.8050858974 0 -0 0
-35.0547683239 12.5630218983 0 -0 0
-31.8127043247 12.5630218983 0 -0 0
-28.5706403255 12.5630218983 0 -0 0
-25.3285763264 12.5630218983 0 -0 0
-22.0865123272 12.5630218983 -3.3605317865 3.1006800844 1
-18.844448328 12.5630218983 -2.8443384433 -0.4905922416 1
-15.6023843288 12.5630218983 -1.9882375876 -4.2237262868 1
-12.3603203297 12.5630218983 -0.9138803848 -5.5876759007 1
-9.1182563305 12.5630218983 0.202429652 -4.4771695988 1
-5.8761923313 12.5630218983 1.207986206 -2.8403727538 1
-2.6341283321 12.5630218983 1.2624181937 -1.7440955598 1
0.607935667 12.5630218983 0.9215348842 -1.5497520126 1
3.8499996662 12.5630218983 0.1799577509 -0.6096164471 1
7.0920636654 12.5630218983 -0.4720474194 1.3396054916 1
10.3341276646 12.5630218983 0.3173120799 2.0656653058 1
13.5761916637 12.5630218983 1.8723266175 0.0890309136 1
16.8182556629 12.5630218983 2.6284958104 -2.4718300883 1
20.0603196621 12.5630218983 1.8628277131 -2.714205008 1
23.3023836613 12.5630218983 1.1830172173 -0.8844475044 1
26.5444476604 12.5630218983 1.4823375548 0.6290816224 1
29.7865116596 12.5630218983 1.9105154772 0.7108287161 1
33.0285756588 12.5630218983 0 -0 0
36.270639658 12.5630218983 0 -0 0
39.5127036572 12.5630218983 0 -0 0
42.7547676563 12.5630218983 0 -0 0
-35.0547683239 9.3209578991 0 -0 0
-31.8127043247 9.3209578991 0 -0 0
-28.5706403255 9.3209578991 0 -0 0
-25.3285763264 9.3209578991 -0.5200358787 6.419590851 1
-22.0865123272 9.3209578991 0.5413053763 3.9012653626 1
-18.844448328 9.3209578991 0.990256066 -0.1901759536 1
-15.6023843288 9.3209578991 0.3218639873 -3.7816119881 1
-12.3603203297 9.3209578991 -0.3434276507 -3.750832754 1
-9.1182563305 9.3209578991 -0.3569717683 -0.9901659367 1
-5.8761923313 9.3209578991 0.583131565 1.0888181257 1
-2.6341283321 9.3209578991 1.4726784709 0.7239384542 1
0.607935667 9.3209578991 2.1141283027 -0.515722278 1
3.8499996662 9.3209578991 2.1753581086 0.2030007917 1
7.0920636654 9.3209578991 1.7533646873 2.2787919819 1
10.3341276646 9.3209578991 2.4715660411 2.1985622537 1
13.5761916637 9.3209578991 3.9276534727 -0.8249933365 1
16.8182556629 9.3209578991 4.8052580943 -3.7068294216 1
20.0603196621 9.3209578991 3.9652928003 -3.5580544676 1
23.3023836613 9.3209578991 2.664672839 -1.6716039686 1
26.5444476604 9.3209578991 1.9780923791 -0.5236366351 1
29.7865116596 9.3209578991 1.561181828 -0.6027828113 1
33.0285756588 9.3209578991 0 -0 0
36.270639658 9.3209578991 0 -0 0
39.5127036572 9.3209578991 0 -0 0
42.7547676563 9.3209578991 0 -0 0
-35.0547683239 6.0788938999 0 -0 0
-31.8127043247 6.0788938999 0 -0 0
-28.5706403255 6.0788938999 0 -0 0
-25.3285763264 6.0788938999 0.651658448 6.7682454355 1
-22.0865123272 6.0788938999 2.3403504502 4.2841271143 1
-18.844448328 6.0788938999 2.8585441508 0.5300458178 1
-15.6023843288 6.0788938999 1.4978171503 -1.2114602605 1
-12.3603203297 6.0788938999 -0.3159250208 0.1338544868 1
-9.1182563305 6.0788938999 -1.0547624572 3.0204764741 1
-5.8761923313 6.0788938999 -0.5737636274 4.4302546521 1
-2.6341283321 6.0788938999 0.6071923537 2.9836146439 1
0.607935667 6.0788938999 1.7249408927 0.8794725779 1
3.8499996662 6.0788938999 2.7479387322 0.7739817334 1
7.0920636654 6.0788938999 3.028841742 1.6026810149 1
10.3341276646 6.0788938999 3.5294911765 0.7077683958 1
13.5761916637 6.0788938999 4.5658227186 -1.895788469 1
16.8182556629 6.0788938999 5.1344248202 -3.5314257107 1
20.0603196621 6.0788938999 4.4149456532 -2.9000866661 1
23.3023836613 6.0788938999 2.8888550749 -1.8620719554 1
26.5444476604 6.0788938999 1.8442292209 -1.8436473811 1
29.7865116596 6.0788938999 1.1344447669 -2.2053064018 1
33.0285756588 6.0788938999 0.8268108687 -2.178911649 1
36.270639658 6.0788938999 0 -0 0
39.5127036572 6.0788938999 0 -0 0
42.7547676563 6.0788938999 0 -0 0
-35.0547683239 2.8368299007 0 -0 0
-31.8127043247 2.8368299007 0 -0 0
-28.5706403255 2.8368299007 -1.2504723616 7.2533434126 1
-25.3285763264 2.8368299007 -0.2581595885 5.2898548498 1
-22.0865123272 2.8368299007 1.4575390117 2.5660227636 1
-18.844448328 2.8368299007 2.3841197785 0.0734384254 1
-15.6023843288 2.8368299007 1.5722647135 0.1369871502 1
-12.3603203297 2.8368299007 -0.2438392757 2.1247502757 1
-9.1182563305 2.8368299007 -0.9841367842 4.0200705856 1
-5.8761923313 2.8368299007 -0.8582137614 4.1716819709 1
-2.6341283321 2.8368299007 -0.0245310071 2.1971774025 1
0.607935667 2.8368299007 0.6107286836 0.2983077793 1
3.8499996662 2.8368299007 1.5769626093 0.3539464732 1
7.0920636654 2.8368299007 2.174413487 0.2815429543 1
10.3341276646 2.8368299007 2.4915816921 -1.356185661 1
13.5761916637 2.8368299007 3.3379689635 -3.1842062506 1
16.8182556629 2.8368299007 4.0133092268 -3.4513591815 1
20.0603196621 2.8368299007 3.8786690242 -2.2431711281 1
23.3023836613 2.8368299007 2.7363828566 -1.8488155496 1
26.5444476604 2.8368299007 1.652462285 -2.4976129582 1
29.7865116596 2.8368299007 0.8831505934 -3.110692741 1
33.0285756588 2.8368299007 0.515836789 -3.0700288731 1
36.270639658 2.8368299007 0 -0 0
39.5127036572 2.8368299007 0 -0 0
42.7547676563 2.8368299007 0 -0 0
-35.0547683239 -0.4052340984 0 -0 0
-31.8127043247 -0.4052340984 0 -0 0
-28.5706403255 -0.4052340984 -1.8923463447 5.246496161 1
-25.3285763264 -0.4052340984 -1.2254768021 3.1227767109 1
-22.0865123272 -0.4052340984 0.0622260923 1.1094370543 1
-18.844448328 -0.4052340984 0.9323500238 -0.3495362514 1
-15.6023843288 -0.4052340984 0.529908397 0.4382343603 1
-12.3603203297 -0.4052340984 -0.7126981821 1.7898231246 1
-9.1182563305 -0.4052340984 -1.0422575064 2.4531435804 1
-5.8761923313 -0.4052340984 -0.5755156762 1.7719073204 1
-2.6341283321 -0.4052340984 0.2514508807 0.0690539771 1
0.607935667 -0.4052340984 0.4762085778 -0.9948037464 1
3.8499996662 -0.4052340984 0.6709235498 -0.4680537626 1
7.0920636654 -0.4052340984 0.5926390747 -0.3405591006 1
10.3341276646 -0.4052340984 0.5854526212 -1.5946656963 1
13.5761916637 -0.4052340984 1.5855726002 -3.0155962061 1
16.8182556629 -0.4052340984 3.0011930294 -3.0153362351 1
20.0603196621 -0.4052340984 3.6429414806 -1.664179246 1
23.3023836613 -0.4052340984 2.625996647 -1.2792517668 1
26.5444476604 -0.4052340984 1.2712987989 -2.2193809161 1
29.7865116596 -0.4052340984 0.5035909788 -3.0314441692 1
33.0285756588 -0.4052340984 0.3571478375 -3.1724033874 1
36.270639658 -0.4052340984 0 -0 0
39.5127036572 -0.4052340984 0 -0 0
42.7547676563 -0.4052340984 0 -0 0
-35.0547683239 -3.6472980976 0 -0 0
-31.8127043247 -3.6472980976 0 -0 0
-28.5706403255 -3.6472980976 -1.9216021369 3.5111443519 1
-25.3285763264 -3.6472980976 -0.8244329345 2.3470000909 1
-22.0865123272 -3.6472980976 0.0213854547 0.9015644489 1
-18.844448328 -3.6472980976 0.3468781162 0.1227516544 1
-15.6023843288 -3.6472980976 -0.6581502491 0.0850222164 1
-12.3603203297 -3.6472980976 -1.4651184789 0.79626896 1
-9.1182563305 -3.6472980976 -1.2959006277 1.4739387715 1
-5.8761923313 -3.6472980976 -0.2057877802 1.0770754242 1
-2.6341283321 -3.6472980976 1.0091315134 -0.0943901634 1
0.607935667 -3.6472980976 1.4437629659 -0.5997095831 1
3.8499996662 -3.6472980976 1.0919808794 0.1275118538 1
7.0920636654 -3.6472980976 0.2291120977 0.4798694205 1
10.3341276646 -3.6472980976 -0.2337305831 -0.8717085495 1
13.5761916637 -3.6472980976 0.8499236768 -2.4949483312 1
16.8182556629 -3.6472980976 2.7281398746 -2.5840779134 1
20.0603196621 -3.6472980976 3.6867772358 -1.1942509976 1
23.3023836613 -3.6472980976 2.5685198134 -0.8161707793 1
26.5444476604 -3.6472980976 1.0116823087 -1.814579547 1
29.7865116596 -3.6472980976 0.3851013971 -2.4268712645 1
33.0285756588 -3.6472980976 0.5906121844 -2.4393667797 1
36.270639658 -3.6472980976 0 -0 0
39.5127036572 -3.6472980976 0 -0 0
42.7547676563 -3.6472980976 0 -0 0
-35.0547683239 -6.8893620968 0 -0 0
-31.8127043247 -6.8893620968 0 -0 0
-28.5706403255 -6.8893620968 -2.1134613157 3.5118104331 1
-25.3285763264 -6.8893620968 -0.4218173899 3.8265063475 1
-22.0865123272 -6.8893620968 0.0513744793 3.2531184854 1
-18.844448328 -6.8893620968 0.2426604991 2.1416867351 1
-15.6023843288 -6.8893620968 -0.8921234416 0.9496087295 1
-12.3603203297 -6.8893620968 -1.2112112349 1.2675713406 1
-9.1182563305 -6.8893620968 -1.2804433759 2.4555483873 1
-5.8761923313 -6.8893620968 -0.543237797 2.1423051097 1
-2.6341283321 -6.8893620968 0.9600308931 1.2928538948 1
0.607935667 -6.8893620968 1.8821348602 1.4237302552 1
3.8499996662 -6.8893620968 1.4936494624 1.8952730562 1
7.0920636654 -6.8893620968 0.3072699086 1.5118293137 1
10.3341276646 -6.8893620968 -0.0587155265 -0.6091290393 1
13.5761916637 -6.8893620968 0.8740488921 -2.2957393112 1
16.8182556629 -6.8893620968 2.5575478912 -1.9642369228 1
20.0603196621 -6.8893620968 3.4533601427 -0.4105127289 1
23.3023836613 -6.8893620968 2.6649992369 0.0105359871 1
26.5444476604 -6.8893620968 1.3944089419 -1.1269791313 1
29.7865116596 -6.8893620968 0.8393576383 -1.484781916 1
33.0285756588 -6.8893620968 1.2166913837 -1.4573629803 1
36.270639658 -6.8893620968 0 -0 0
39.5127036572 -6.8893620968 0 -0 0
42.7547676563 -6.8893620968 0 -0 0
-35.0547683239 -10.131426096 0 -0 0
-31.8127043247 -10.131426096 0 -0 0
-28.5706403255 -10.131426096 -3.0298783045 4.8254826883 1
-25.3285763264 -10.131426096 -1.4253127266 5.9168661779 1
-22.0865123272 -10.131426096 -1.3193559875 5.6964929244 1
-18.844448328 -10.131426096 -0.9855645865 4.3890125677 1
-15.6023843288 -10.131426096 -1.0238222131 2.6104234499 1
-12.3603203297 -10.131426096 -0.2707428741 2.7073986601 1
-9.1182563305 -10.131426096 -0.4861820198 4.1720726822 1
-5.8761923313 -10.131426096 -0.9699270006 3.9330449264 1
-2.6341283321 -10.131426096 -0.1613292156 3.1493239438 1
0.607935667 -10.131426096 0.8170682227 3.2457022171 1
3.8499996662 -10.131426096 0.7956742122 3.2002196772 1
7.0920636654 -10.131426096 0.1778063288 2.160291719 1
10.3341276646 -10.131426096 0.2256272865 -0.2787065986 1
13.5761916637 -10.131426096 1.0209665332 -2.0875575185 1
16.8182556629 -10.131426096 2.2476822736 -1.9248563031 1
20.0603196621 -10.131426096 3.0163969529 -0.6356096943 1
23.3023836613 -10.131426096 2.7296042872 0.224588082 1
26.5444476604 -10.131426096 2.0740542761 -0.2062601476 1
29.7865116596 -10.131426096 1.6636123523 -0.4006831239 1
33.0285756588 -10.131426096 2.0162777664 -0.5432363628 1
36.270639658 -10.131426096 0 -0 0
39.5127036572 -10.131426096 0 -0 0
42.7547676563 -10.131426096 0 -0 0
-35.0547683239 -13.3734900951 0 -0 0
-31.8127043247 -13.3734900951 0 -0 0
-28.5706403255 -13.3734900951 0 -0 0
-25.3285763264 -13.3734900951 -3.0720379868 7.2179909841 1
-22.0865123272 -13.3734900951 -3.0106319985 7.3373904265 1
-18.844448328 -13.3734900951 -2.3285969544 6.4123642016 1
-15.6023843288 -13.3734900951 -1.0989933773 4.7067499311 1
-12.3603203297 -13.3734900951 0.485754736 4.4250479861 1
-9.1182563305 -13.3734900951 0.3296086916 5.1668315149 1
-5.8761923313 -13.3734900951 -1.056971833 4.6482748815 1
-2.6341283321 -13.3734900951 -1.4190216405 3.6754641205 1
0.607935667 -13.3734900951 -0.6708334205 3.4672781006 1
3.8499996662 -13.3734900951 -0.192752527 3.2973322704 1
7.0920636654 -13.3734900951 -0.0809405156 2.3900479318 1
10.3341276646 -13.3734900951 0.2360623581 0.4724639844 1
13.5761916637 -13.3734900951 0.7738099291 -1.4681158445 1
16.8182556629 -13.3734900951 1.6061765827 -2.1154166838 1
20.0603196621 -13.3734900951 1.955259772 -1.2843876277 1
23.3023836613 -13.3734900951 1.8155327739 0.0925930122 1
26.5444476604 -13.3734900951 1.7298191981 0.5411915824 1
29.7865116596 -13.3734900951 1.9543214912 0.3271330418 1
33.0285756588 -13.3734900951 2.6210351569 -0.0332247512 1
36.270639658 -13.3734900951 0 -0 0
39.5127036572 -13.3734900951 0 -0 0
42.7547676563 -13.3734900951 0 -0 0
-35.0547683239 -16.6155540943 0 -0 0
-31.8127043247 -16.6155540943 0 -0 0
-28.5706403255 -16.6155540943 0 -0 0
-25.3285763264 -16.6155540943 -3.7952687673 8.7850392186 1
-22.0865123272 -16.6155540943 -3.3418014972 8.7928123808 1
-18.844448328 -16.6155540943 -2.5439995087 7.9898318068 1
-15.6023843288 -16.6155540943 -0.7651698951 6.6534101292 1
-12.3603203297 -16.6155540943 0.3535470811 5.7095325367 1
-9.1182563305 -16.6155540943 0.301867736 4.726542146 1
-5.8761923313 -16.6155540943 -1.0291535806 3.4275430025 1
-2.6341283321 -16.6155540943 -1.6105674048 2.3710329124 1
0.607935667 -16.6155540943 -1.1563605309 2.0904712465 1
3.8499996662 -16.6155540943 -0.6969404238 2.1438619162 1
7.0920636654 -16.6155540943 -0.1820963027 2.0037549256 1
10.3341276646 -16.6155540943 0.0974197707 1.2552532156 1
13.5761916637 -16.6155540943 0.3776422533 -0.1657415698 1
16.8182556629 -16.6155540943 0.7647726921 -1.1620718908 1
20.0603196621 -16.6155540943 0.4865706553 -0.7331174524 1
23.3023836613 -16.6155540943 0.12383381 0.2298829146 1
26.5444476604 -16.6155540943 0.2618902361 0.5881966585 1
29.7865116596 -16.6155540943 1.3138593075 0.1136764389 1
33.0285756588 -16.6155540943 0 -0 0
36.270639658 -16.6155540943 0 -0 0
39.5127036572 -16.6155540943 0 -0 0
42.7547676563 -16.6155540943 0 -0 0
-35.0547683239 -19.8576180935 0 -0 0
-31.8127043247 -19.8576180935 0 -0 0
-28.5706403255 -19.8576180935 0 -0 0
-25.3285763264 -19.8576180935 0 -0 0
-22.0865123272 -19.8576180935 -2.8755971593 8.8740990525 1
-18.844448328 -19.8576180935 -1.6669167916 8.2152830995 1
-15.6023843288 -19.8576180935 -0.2248629047 7.3333794458 1
-12.3603203297 -19.8576180935 -0.2916151687 5.8255937224 1
-9.1182563305 -19.8576180935 -0.7549430871 3.6520969274 1
-5.8761923313 -19.8576180935 -1.3562780548 2.0706446104 1
-2.6341283321 -19.8576180935 -1.2973499432 1.4687363327 1
0.607935667 -19.8576180935 -1.0306973281 1.3960321753 1
3.8499996662 -19.8576180935 -0.8298651502 1.553932533 1
7.0920636654 -19.8576180935 -0.0216710245 1.6900499807 1
10.3341276646 -19.8576180935 0.3389186566 1.5978392443 1
13.5761916637 -19.8576180935 0.4379294756 1.1969714081 1
16.8182556629 -19.8576180935 0.426837381 0.8635987989 1
20.0603196621 -19.8576180935 -0.3425645154 0.7047001496 1
23.3023836613 -19.8576180935 -1.0631878113 0.2092983318 1
26.5444476604 -19.8576180935 -1.1772398079 -0.4637637887 1
29.7865116596 -19.8576180935 0.0870979551 -0.9265906553 1
33.0285756588 -19.8576180935 0 -0 0
36.270639658 -19.8576180935 0 -0 0
39.5127036572 -19.8576180935 0 -0 0
42.7547676563 -19.8576180935 0 -0 0
-35.0547683239 -23.0996820927 0 -0 0
-31.8127043247 -23.0996820927 0 -0 0
-28.5706403255 -23.0996820927 0 -0 0
-25.3285763264 -23.0996820927 0 -0 0
-22.0865123272 -23.0996820927 -3.4494044172 8.6146226627 1
-18.844448328 -23.0996820927 -2.3400352241 7.4248240076 1
-15.6023843288 -23.0996820927 -1.2152628266 6.3166067184 1
-12.3603203297 -23.0996820927 -1.8332209148 4.8611717807 1
-9.1182563305 -23.0996820927 -2.5684274196 2.9948160411 1
-5.8761923313 -23.0996820927 -2.7014963227 1.783886215 1
-2.6341283321 -23.0996820927 -1.7200175982 1.7977523901 1
0.607935667 -23.0996820927 -1.1579343969 2.1464490953 1
3.8499996662 -23.0996820927 -0.672926851 2.1221585674 1
7.0920636654 -23.0996820927 0.151267739 1.792745307 1
10.3341276646 -23.0996820927 0.496275672 1.4788857684 1
13.5761916637 -23.0996820927 0.3477391002 1.7781555309 1
16.8182556629 -23.0996820927 0.1978777256 1.9707727319 1
20.0603196621 -23.0996820927 -0.4060209077 1.5037776112 1
23.3023836613 -23.0996820927 -1.2310893519 0.099253419 1
26.5444476604 -23.0996820927 -1.6900398657 -1.2261316361 1
29.7865116596 -23.0996820927 0 -0 0
33.0285756588 -23.0996820927 0 -0 0
36.270639658 -23.0996820927 0 -0 0
39.5127036572 -23.0996820927 0 -0 0
42.7547676563 -23.0996820927 0 -0 0
-35.0547683239 -26.3417460918 0 -0 0
-31.8127043247 -26.3417460918 0 -0 0
-28.5706403255 -26.3417460918 0 -0 0
-25.3285763264 -26.3417460918 0 -0 0
-22.0865123272 -26.3417460918 0 -0 0
-18.844448328 -26.3417460918 -4.7841216393 5.3805813966 1
-15.6023843288 -26.3417460918 -4.3102247575 4.1404009112 1
-12.3603203297 -26.3417460918 -4.6355637807 3.0919419197 1
-9.1182563305 -26.3417460918 -4.7120296667 2.4235775441 1
-5.8761923313 -26.3417460918 -4.1252800214 2.3636210223 1
-2.6341283321 -26.3417460918 -2.6153659177 2.895064486 1
0.607935667 -26.3417460918 -1.5633648595 3.3037608904 1
3.8499996662 -26.3417460918 -0.6407885817 3.2152711206 1
7.0920636654 -26.3417460918 -0.0000601198 2.6971547169 1
10.3341276646 -26.3417460918 -0.1232948835 2.0495705062 1
13.5761916637 -26.3417460918 -0.4832833888 1.8317157402 1
16.8182556629 -26.3417460918 -0.5498853241 1.4879510859 1
20.0603196621 -26.3417460918 -0.4982564032 0.6472192399 1
23.3023836613 -26.3417460918 -0.9190109617 -0.5652062119 1
26.5444476604 -26.3417460918 0 -0 0
29.7865116596 -26.3417460918 0 -0 0
33.0285756588 -26.3417460918 0 -0 0
36.270639658 -26.3417460918 0 -0 0
39.5127036572 -26.3417460918 0 -0 0
42.7547676563 -26.3417460918 0 -0 0
-35.0547683239 -29.583810091 0 -0 0
-31.8127043247 -29.583810091 0 -0 0
-28.5706403255 -29.583810091 0 -0 0
-25.3285763264 -29.583810091 0 -0 0
-22.0865123272 -29.583810091 0 -0 0
-18.844448328 -29.583810091 0 -0 0
-15.6023843288 -29.583810091 -7.4721218152 2.1472448601 1
-12.3603203297 -29.583810091 -6.9244164277 2.050732827 1
-9.1182563305 -29.583810091 -5.9772839142 2.5669373421 1
-5.8761923313 -29.583810091 -5.0630110064 3.1287823121 1
-2.6341283321 -29.583810091 -3.7456475258 3.6316132683 1
0.607935667 -29.583810091 -2.4844424545 3.9021521625 1
3.8499996662 -29.583810091 -1.2191276679 3.8569486158 1
7.0920636654 -29.583810091 -0.8545765079 3.2038526281 1
10.3341276646 -29.583810091 -1.1578635163 2.1430524131 1
13.5761916637 -29.583810091 -1.3943446285 1.1930765237 1
16.8182556629 -29.583810091 -1.3131277051 0.3045795601 1
20.0603196621 -29.583810091 -0.9928344889 -0.3650063357 1
23.3023836613 -29.583810091 0 -0 0
26.5444476604 -29.583810091 0 -0 0
29.7865116596 -29.583810091 0 -0 0
33.0285756588 -29.583810091 0 -0 0
36.270639658 -29.583810091 0 -0 0
39.5127036572 -29.583810091 0 -0 0
42.7547676563 -29.583810091 0 -0 0
-35.0547683239 -32.8258740902 0 -0 0
-31.8127043247 -32.8258740902 0 -0 0
-28.5706403255 -32.8258740902 0 -0 0
-25.3285763264 -32.8258740902 0 -0 0
-22.0865123272 -32.8258740902 0 -0 0
-18.844448328 -32.8258740902 0 -0 0
-15.6023843288 -32.8258740902 0 -0 0
-12.3603203297 -32.8258740902 0 -0 0
-9.1182563305 -32.8258740902 -6.2498005202 2.8362240881 1
-5.8761923313 -32.8258740902 -5.4755647037 3.548362774 1
-2.6341283321 -32.8258740902 -4.4908088655 3.9098335347 1
0.607935667 -32.8258740902 -3.525871209 4.0841967579 1
3.8499996662 -32.8258740902 -2.6915377135 3.9536469463 1
7.0920636654 -32.8258740902 -2.4354207163 3.4001364463 1
10.3341276646 -32.8258740902 -2.3959786516 2.2455732176 1
13.5761916637 -32.8258740902 -2.0487235624 0.8535840287 1
16.8182556629 -32.8258740902 0 -0 0
20.0603196621 -32.8258740902 0 -0 0
23.3023836613 -32.8258740902 0 -0 0
26.5444476604 -32.8258740902 0 -0 0
29.7865116596 -32.8258740902 0 -0 0
33.0285756588 -32.8258740902 0 -0 0
36.270639658 -32.8258740902 0 -0 0
39.5127036572 -32.8258740902 0 -0 0
42.7547676563 -32.8258740902 0 -0 0
-35.0547683239 -36.0679380894 0 -0 0
-31.8127043247 -36.0679380894 0 -0 0
-28.5706403255 -36.0679380894 0 -0 0
-25.3285763264 -36.0679380894 0 -0 0
-22.0865123272 -36.0679380894 0 -0 0
-18.844448328 -36.0679380894 0 -0 0
-15.6023843288 -36.0679380894 0 -0 0
-12.3603203297 -36.0679380894 0 -0 0
-9.1182563305 -36.0679380894 0 -0 0
-5.8761923313 -36.0679380894 0 -0 0
-2.6341283321 -36.0679380894 0 -0 0
0.607935667 -36.0679380894 0 -0 0
3.8499996662 -36.0679380894 0 -0 0
7.0920636654 -36.0679380894 0 -0 0
10.3341276646 -36.0679380894 0 -0 0
13.5761916637 -36.0679380894 0 -0 0
16.8182556629 -36.0679380894 0 -0 0
20.0603196621 -36.0679380894 0 -0 0
23.3023836613 -36.0679380894 0 -0 0
26.5444476604 -36.0679380894 0 -0 0
29.7865116596 -36.0679380894 0 -0 0
33.0285756588 -36.0679380894 0 -0 0
36.270639658 -36.0679380894 0 -0 0
39.5127036572 -36.0679380894 0 -0 0
42.7547676563 -36.0679380894 0 -0 0
-35.0547683239 -39.3100020885 0 -0 0
-31.8127043247 -39.3100020885 0 -0 0
-28.5706403255 -39.3100020885 0 -0 0
-25.3285763264 -39.3100020885 0 -0 0
-22.0865123272 -39.3100020885 0 -0 0
-18.844448328 -39.3100020885 0 -0 0
-15.6023843288 -39.3100020885 0 -0 0
-12.3603203297 -39.3100020885 0 -0 0
-9.1182563305 -39.3100020885 0 -0 0
-5.8761923313 -39.3100020885 0 -0 0
-2.6341283321 -39.3100020885 0 -0 0
0.607935667 -39.3100020885 0 -0 0
3.8499996662 -39.3100020885 0 -0 0
7.0920636654 -39.3100020885 0 -0 0
10.3341276646 -39.3100020885 0 -0 0
13.5761916637 -39.3100020885 0 -0 0
16.8182556629 -39.3100020885 0 -0 0
20.0603196621 -39.3100020885 0 -0 0
23.3023836613 -39.3100020885 0 -0 0
26.5444476604 -39.3100020885 0 -0 0
29.7865116596 -39.3100020885 0 -0 0
33.0285756588 -39.3100020885 0 -0 0
36.270639658 -39.3100020885 0 -0 0
39.5127036572 -39.3100020885 0 -0 0
42.7547676563 -39.3100020885 0 -0 0
-35.0547683239 -42.5520660877 0 -0 0
-31.8127043247 -42.5520660877 0 -0 0
-28.5706403255 -42.5520660877 0 -0 0
-25.3285763264 -42.5520660877 0 -0 0
-22.0865123272 -42.5520660877 0 -0 0
-18.844448328 -42.5520660877 0 -0 0
-15.6023843288 -42.5520660877 0 -0 0
-12.3603203297 -42.5520660877 0 -0 0
-9.1182563305 -42.5520660877 0 -0 0
-5.8761923313 -42.5520660877 0 -0 0
-2.6341283321 -42.5520660877 0 -0 0
0.607935667 -42.5520660877 0 -0 0
3.8499996662 -42.5520660877 0 -0 0
7.0920636654 -42.5520660877 0 -0 0
10.3341276646 -42.5520660877 0 -0 0
13.5761916637 -42.5520660877 0 -0 0
16.8182556629 -42.5520660877 0 -0 0
20.0603196621 -42.5520660877 0 -0 0
23.3023836613 -42.5520660877 0 -0 0
26.5444476604 -42.5520660877 0 -0 0
29.7865116596 -42.5520660877 0 -0 0
33.0285756588 -42.5520660877 0 -0 0
36.270639658 -42.5520660877 0 -0 0
39.5127036572 -42.5520660877 0 -0 0
42.7547676563 -42.5520660877 0 -0 0
