TITLE = "B00080"
VARIABLES = "x", "y", "Vx", "Vy", "isValid"
ZONE T="Frame 0", I=25, J=25, F=POINT
-35.0547683239 35.2574698925 0 -0 0
-31.8127043247 35.2574698925 0 -0 0
-28.5706403255 35.2574698925 0 -0 0
-25.3285763264 35.2574698925 0 -0 0
-22.0865123272 35.2574698925 0 -0 0
-18.844448328 35.2574698925 0 -0 0
-15.6023843288 35.2574698925 0 -0 0
-12.3603203297 35.2574698925 0 -0 0
-9.1182563305 35.2574698925 0 -0 0
-5.8761923313 35.2574698925 0 -0 0
-2.6341283321 35.2574698925 0 -0 0
0.607935667 35.2574698925 0 -0 0
3.8499996662 35.2574698925 0 -0 0
7.0920636654 35.2574698925 0 -0 0
10.3341276646 35.2574698925 0 -0 0
13.5761916637 35.2574698925 0 -0 0
16.8182556629 35.2574698925 0 -0 0
20.0603196621 35.2574698925 0 -0 0
23.3023836613 35.2574698925 0 -0 0
26.5444476604 35.2574698925 0 -0 0
29.7865116596 35.2574698925 0 -0 0
33.0285756588 35.2574698925 0 -0 0
36.270639658 35.2574698925 0 -0 0
39.5127036572 35.2574698925 0 -0 0
42.7547676563 35.2574698925 0 -0 0
-35.0547683239 32.0154058933 0 -0 0
-31.8127043247 32.0154058933 0 -0 0
-28.5706403255 32.0154058933 0 -0 0
-25.3285763264 32.0154058933 0 -0 0
-22.0865123272 32.0154058933 0 -0 0
-18.844448328 32.0154058933 0 -0 0
-15.6023843288 32.0154058933 0 -0 0
-12.3603203297 32.0154058933 0 -0 0
-9.1182563305 32.0154058933 0 -0 0
-5.8761923313 32.0154058933 0 -0 0
-2.6341283321 32.0154058933 0 -0 0
0.607935667 32.0154058933 0 -0 0
3.8499996662 32.0154058933 0 -0 0
7.0920636654 32.0154058933 0 -0 0
10.3341276646 32.0154058933 0 -0 0
13.5761916637 32.0154058933 0 -0 0
16.8182556629 32.0154058933 0 -0 0
20.0603196621 32.0154058933 0 -0 0
23.3023836613 32.0154058933 0 -0 0
26.5444476604 32.0154058933 0 -0 0
29.7865116596 32.0154058933 0 -0 0
33.0285756588 32.0154058933 0 -0 0
36.270639658 32.0154058933 0 -0 0
39.5127036572 32.0154058933 0 -0 0
42.7547676563 32.0154058933 0 -0 0
-35.0547683239 28.7733418941 0 -0 0
-31.8127043247 28.7733418941 0 -0 0
-28.5706403255 28.7733418941 0 -0 0
-25.3285763264 28.7733418941 0 -0 0
-22.0865123272 28.7733418941 0 -0 0
-18.844448328 28.7733418941 0 -0 0
-15.6023843288 28.7733418941 0 -0 0
-12.3603203297 28.7733418941 0 -0 0
-9.1182563305 28.7733418941 0 -0 0
-5.8761923313 28.7733418941 0 -0 0
-2.6341283321 28.7733418941 0 -0 0
0.607935667 28.7733418941 0 -0 0
3.8499996662 28.7733418941 0 -0 0
7.0920636654 28.7733418941 0 -0 0
10.3341276646 28.7733418941 0 -0 0
13.5761916637 28.7733418941 0 -0 0
16.8182556629 28.7733418941 0 -0 0
20.0603196621 28.7733418941 0 -0 0
23.3023836613 28.7733418941 0 -0 0
26.5444476604 28.7733418941 0 -0 0
29.7865116596 28.7733418941 0 -0 0
33.0285756588 28.7733418941 0 -0 0
36.270639658 28.7733418941 0 -0 0
39.5127036572 28.7733418941 0 -0 0
42.7547676563 28.7733418941 0 -0 0
-35.0547683239 25.531277895 0 -0 0
-31.8127043247 25.531277895 0 -0 0
-28.5706403255 25.531277895 0 -0 0
-25.3285763264 25.531277895 0 -0 0
-22.0865123272 25.531277895 0 -0 0
-18.844448328 25.531277895 0 -0 0
-15.6023843288 25.531277895 0 -0 0
-12.3603203297 25.531277895 0 -0 0
-9.1182563305 25.531277895 9.509167367 3.5865881685 1
-5.8761923313 25.531277895 8.5285949176 1.2181562491 1
-2.6341283321 25.531277895 8.1335900156 -1.6944483513 1
0.607935667 25.531277895 8.3756740154 -3.9630979931 1
3.8499996662 25.531277895 9.4426063447 -5.2524033294 1
7.0920636654 25.531277895 9.6545862499 -5.6470163124 1
10.3341276646 25.531277895 7.8835172679 -5.4894497501 1
13.5761916637 25.531277895 5.2796160397 -5.9403933996 1
16.8182556629 25.531277895 3.5816366425 -6.9741822988 1
20.0603196621 25.531277895 0 -0 0
23.3023836613 25.531277895 0 -0 0
26.5444476604 25.531277895 0 -0 0
29.7865116596 25.531277895 0 -0 0
33.0285756588 25.531277895 0 -0 0
36.270639658 25.531277895 0 -0 0
39.5127036572 25.531277895 0 -0 0
42.7547676563 25.531277895 0 -0 0
-35.0547683239 22.2892138958 0 -0 0
-31.8127043247 22.2892138958 0 -0 0
-28.5706403255 22.2892138958 0 -0 0
-25.3285763264 22.2892138958 0 -0 0
-22.0865123272 22.2892138958 0 -0 0
-18.844448328 22.2892138958 0 -0 0
-15.6023843288 22.2892138958 10.484510203 6.9549444472 1
-12.3603203297 22.2892138958 10.99824907 5.8637831859 1
-9.1182563305 22.2892138958 10.5551522562 3.948452358 1
-5.8761923313 22.2892138958 8.7578271122 1.1882111262 1
-2.6341283321 22.2892138958 7.8814616554 -2.5880073701 1
0.607935667 22.2892138958 8.6844700079 -5.8052151386 1
3.8499996662 22.2892138958 10.3032696758 -7.8691992385 1
7.0920636654 22.2892138958 10.0146155455 -8.0688804938 1
10.3341276646 22.2892138958 7.0920587522 -7.1895282393 1
13.5761916637 22.2892138958 4.3816415906 -7.4590320807 1
16.8182556629 22.2892138958 3.4013439073 -8.8462075795 1
20.0603196621 22.2892138958 4.0476616276 -10.8727890733 1
23.3023836613 22.2892138958 0 -0 0
26.5444476604 22.2892138958 0 -0 0
29.7865116596 22.2892138958 0 -0 0
33.0285756588 22.2892138958 0 -0 0
36.270639658 22.2892138958 0 -0 0
39.5127036572 22.2892138958 0 -0 0
42.7547676563 22.2892138958 0 -0 0
-35.0547683239 19.0471498966 0 -0 0
-31.8127043247 19.0471498966 0 -0 0
-28.5706403255 19.0471498966 0 -0 0
-25.3285763264 19.0471498966 0 -0 0
-22.0865123272 19.0471498966 0 -0 0
-18.844448328 19.0471498966 9.6405925048 9.1832495234 1
-15.6023843288 19.0471498966 10.2645101481 8.5740998012 1
-12.3603203297 19.0471498966 10.9493274252 6.7710347639 1
-9.1182563305 19.0471498966 10.8726852057 3.9550660677 1
-5.8761923313 19.0471498966 9.3585049815 0.8555921611 1
-2.6341283321 19.0471498966 8.5466201753 -2.8663704545 1
0.607935667 19.0471498966 9.5203385702 -6.3156791565 1
3.8499996662 19.0471498966 10.8643456028 -8.4683203013 1
7.0920636654 19.0471498966 9.6709858587 -8.8339342927 1
10.3341276646 19.0471498966 6.1945139647 -7.9003734111 1
13.5761916637 19.0471498966 4.1971727131 -8.3306999437 1
16.8182556629 19.0471498966 4.5518941927 -10.1587801665 1
20.0603196621 19.0471498966 5.8006208085 -11.8637899517 1
23.3023836613 19.0471498966 5.6328921289 -11.8320523576 1
26.5444476604 19.0471498966 0 -0 0
29.7865116596 19.0471498966 0 -0 0
33.0285756588 19.0471498966 0 -0 0
36.270639658 19.0471498966 0 -0 0
39.5127036572 19.0471498966 0 -0 0
42.7547676563 19.0471498966 0 -0 0
-35.0547683239 15.8050858974 0 -0 0
-31.8127043247 15.8050858974 0 -0 0
-28.5706403255 15.8050858974 0 -0 0
-25.3285763264 15.8050858974 0 -0 0
-22.0865123272 15.8050858974 8.7390687424 5.9841258911 1
-18.844448328 15.8050858974 9.5546746661 8.0070333702 1
-15.6023843288 15.8050858974 9.9008044222 8.3022698084 1
-12.3603203297 15.8050858974 9.9240792214 6.5649396836 1
-9.1182563305 15.8050858974 9.7087109374 3.4440932797 1
-5.8761923313 15.8050858974 9.599602239 0.6636877666 1
-2.6341283321 15.8050858974 9.698845326 -2.1475656721 1
0.607935667 15.8050858974 10.1363061141 -4.9346143342 1
3.8499996662 15.8050858974 10.255845657 -7.0894071087 1
7.0920636654 15.8050858974 8.5554320136 -7.8070544013 1
10.3341276646 15.8050858974 6.1280066879 -7.2766393477 1
13.5761916637 15.8050858974 5.4188662734 -7.8304197827 1
16.8182556629 15.8050858974 6.9070318882 -9.7965781054 1
20.0603196621 15.8050858974 8.549260949 -10.9820565925 1
23.3023836613 15.8050858974 7.8057403552 -10.8052509708 1
26.5444476604 15.8050858974 5.9415486249 -9.9459886447 1
29.7865116596 15.8050858974 0 -0 0
33.0285756588 15.8050858974 0 -0 0
36.270639658 15.8050858974 0 -0 0
39.5127036572 15.8050858974 0 -0 0
42.7547676563 15.8050858974 0 -0 0
-35.0547683239 12.5630218983 0 -0 0
-31.8127043247 12.5630218983 0 -0 0
-28.5706403255 12.5630218983 0 -0 0
-25.3285763264 12.5630218983 0 -0 0
-22.0865123272 12.5630218983 8.3019690754 4.5923397574 1
-18.844448328 12.5630218983 9.9829431707 5.683193643 1
-15.6023843288 12.5630218983 10.4273093433 6.0542932935 1
-12.3603203297 12.5630218983 8.9345536255 4.576743009 1
-9.1182563305 12.5630218983 7.801360403 2.0508673416 1
-5.8761923313 12.5630218983 8.7263974977 0.15136436 1
-2.6341283321 12.5630218983 9.8786377454 -1.2426753461 1
0.607935667 12.5630218983 9.6715529034 -2.9804433604 1
3.8499996662 12.5630218983 8.5199763214 -4.8770155166 1
7.0920636654 12.5630218983 7.0148029892 -6.2301973202 1
10.3341276646 12.5630218983 6.1810818294 -6.2501248045 1
13.5761916637 12.5630218983 6.6891128089 -6.7609451125 1
16.8182556629 12.5630218983 8.6336346627 -8.3593728393 1
20.0603196621 12.5630218983 10.2380830877 -9.5254166094 1
23.3023836613 12.5630218983 9.3135912979 -9.8006235073 1
26.5444476604 12.5630218983 6.9182085263 -9.4462797556 1
29.7865116596 12.5630218983 4.2789772132 -9.7989423013 1
33.0285756588 12.5630218983 0 -0 0
36.270639658 12.5630218983 0 -0 0
39.5127036572 12.5630218983 0 -0 0
42.7547676563 12.5630218983 0 -0 0
-35.0547683239 9.3209578991 0 -0 0
-31.8127043247 9.3209578991 0 -0 0
-28.5706403255 9.3209578991 0 -0 0
-25.3285763264 9.3209578991 5.7812217204 6.3201309706 1
-22.0865123272 9.3209578991 7.2533989697 5.5137288042 1
-18.844448328 9.3209578991 9.4636606718 4.6988224772 1
-15.6023843288 9.3209578991 10.3077359831 3.7352360055 1
-12.3603203297 9.3209578991 8.3953847063 1.4233179552 1
-9.1182563305 9.3209578991 6.8048950013 -0.7293169999 1
-5.8761923313 9.3209578991 7.773896478 -1.5353039977 1
-2.6341283321 9.3209578991 8.8254340572 -1.4974348933 1
0.607935667 9.3209578991 8.0153741809 -2.391626025 1
3.8499996662 9.3209578991 6.7675328553 -4.2217829962 1
7.0920636654 9.3209578991 6.2098253792 -6.049140373 1
10.3341276646 9.3209578991 6.3842130595 -6.4450353963 1
13.5761916637 9.3209578991 6.9644121007 -6.5624015698 1
16.8182556629 9.3209578991 8.5229884822 -7.5412112892 1
20.0603196621 9.3209578991 9.9261173214 -8.8484920631 1
23.3023836613 9.3209578991 9.1510318437 -9.8446784715 1
26.5444476604 9.3209578991 6.8141084207 -9.8299920744 1
29.7865116596 9.3209578991 4.0079047897 -10.0739432757 1
33.0285756588 9.3209578991 0 -0 0
36.270639658 9.3209578991 0 -0 0
39.5127036572 9.3209578991 0 -0 0
42.7547676563 9.3209578991 0 -0 0
-35.0547683239 6.0788938999 0 -0 0
-31.8127043247 6.0788938999 0 -0 0
-28.5706403255 6.0788938999 0 -0 0
-25.3285763264 6.0788938999 4.3144404539 10.4839896572 1
-22.0865123272 6.0788938999 5.5192555274 9.0717959534 1
-18.844448328 6.0788938999 7.3185668375 6.957869649 1
-15.6023843288 6.0788938999 7.948179083 3.5859178601 1
-12.3603203297 6.0788938999 6.5378556001 -0.9340655755 1
-9.1182563305 6.0788938999 5.4295930198 -4.3125638923 1
-5.8761923313 6.0788938999 6.1374369007 -4.7119695805 1
-2.6341283321 6.0788938999 6.9049641981 -3.090992618 1
0.607935667 6.0788938999 6.2911863283 -2.6216378306 1
3.8499996662 6.0788938999 5.7901700359 -4.1203674457 1
7.0920636654 6.0788938999 6.0361756419 -6.6215620248 1
10.3341276646 6.0788938999 6.3219981721 -7.8389761791 1
13.5761916637 6.0788938999 6.4034195094 -7.940425849 1
16.8182556629 6.0788938999 7.3340346572 -8.3359343881 1
20.0603196621 6.0788938999 8.1211289216 -9.3426718135 1
23.3023836613 6.0788938999 7.547835265 -10.1547244986 1
26.5444476604 6.0788938999 5.8442627177 -9.8929847612 1
29.7865116596 6.0788938999 3.6992799976 -9.7207801123 1
33.0285756588 6.0788938999 2.3689086084 -10.1177029418 1
36.270639658 6.0788938999 0 -0 0
39.5127036572 6.0788938999 0 -0 0
42.7547676563 6.0788938999 0 -0 0
-35.0547683239 2.8368299007 0 -0 0
-31.8127043247 2.8368299007 0 -0 0
-28.5706403255 2.8368299007 2.0491206145 13.7770881146 1
-25.3285763264 2.8368299007 3.5055548251 13.1060417504 1
-22.0865123272 2.8368299007 4.2211431838 11.688130497 1
-18.844448328 2.8368299007 4.5249091457 8.7496831669 1
-15.6023843288 2.8368299007 3.765641739 3.6472637622 1
-12.3603203297 2.8368299007 2.8297208887 -2.1850331954 1
-9.1182563305 2.8368299007 2.6550364006 -6.3710019448 1
-5.8761923313 2.8368299007 3.3692376436 -6.7876747176 1
-2.6341283321 2.8368299007 4.0733000189 -4.71946073 1
0.607935667 2.8368299007 4.309137167 -3.6151511577 1
3.8499996662 2.8368299007 4.8531649164 -4.8897864017 1
7.0920636654 2.8368299007 5.6396924381 -7.5597884946 1
10.3341276646 2.8368299007 5.8643792169 -9.1850013836 1
13.5761916637 2.8368299007 5.9342126729 -9.1937425677 1
16.8182556629 2.8368299007 6.6499661932 -8.5862517078 1
20.0603196621 2.8368299007 7.0906915645 -8.3516214168 1
23.3023836613 2.8368299007 6.3776428292 -8.54375355 1
26.5444476604 2.8368299007 5.0841770516 -8.6344251436 1
29.7865116596 2.8368299007 3.5747828899 -8.8889394394 1
33.0285756588 2.8368299007 2.7615550514 -9.3748321245 1
36.270639658 2.8368299007 0 -0 0
39.5127036572 2.8368299007 0 -0 0
42.7547676563 2.8368299007 0 -0 0
-35.0547683239 -0.4052340984 0 -0 0
-31.8127043247 -0.4052340984 0 -0 0
-28.5706403255 -0.4052340984 1.7040216841 13.5394559289 1
-25.3285763264 -0.4052340984 2.9406653867 13.2520941049 1
-22.0865123272 -0.4052340984 3.1245998291 11.2023247707 1
-18.844448328 -0.4052340984 1.730991634 8.0892934988 1
-15.6023843288 -0.4052340984 -0.5582269652 3.3348040208 1
-12.3603203297 -0.4052340984 -1.4026710971 -1.6928133423 1
-9.1182563305 -0.4052340984 -0.6691993927 -5.7742964078 1
-5.8761923313 -0.4052340984 0.5065647553 -6.918770136 1
-2.6341283321 -0.4052340984 1.4127648247 -5.6049173203 1
0.607935667 -0.4052340984 2.3738842896 -4.4768646387 1
3.8499996662 -0.4052340984 3.6247637428 -5.3423442264 1
7.0920636654 -0.4052340984 4.7914500428 -7.4748157304 1
10.3341276646 -0.4052340984 5.5521561971 -9.0509451343 1
13.5761916637 -0.4052340984 6.3728788084 -9.2256401903 1
16.8182556629 -0.4052340984 6.9773206708 -8.1898929035 1
20.0603196621 -0.4052340984 6.8001563435 -6.8692723883 1
23.3023836613 -0.4052340984 5.7824276717 -6.3557962097 1
26.5444476604 -0.4052340984 4.7496173624 -6.8884444169 1
29.7865116596 -0.4052340984 3.8045670321 -7.9776635953 1
33.0285756588 -0.4052340984 3.1905648204 -9.0225850493 1
36.270639658 -0.4052340984 0 -0 0
39.5127036572 -0.4052340984 0 -0 0
42.7547676563 -0.4052340984 0 -0 0
-35.0547683239 -3.6472980976 0 -0 0
-31.8127043247 -3.6472980976 0 -0 0
-28.5706403255 -3.6472980976 1.8121539062 12.641133946 1
-25.3285763264 -3.6472980976 2.2936738856 12.1490840855 1
-22.0865123272 -3.6472980976 1.9205148483 9.8398087714 1
-18.844448328 -3.6472980976 -0.0293964117 6.7664978025 1
-15.6023843288 -3.6472980976 -2.2352181603 3.0041454058 1
-12.3603203297 -3.6472980976 -2.9523115426 -0.6732789894 1
-9.1182563305 -3.6472980976 -1.9143203833 -4.0214404907 1
-5.8761923313 -3.6472980976 -0.4011404887 -6.0299127873 1
-2.6341283321 -3.6472980976 0.5390830926 -6.0636353397 1
0.607935667 -3.6472980976 1.5060986296 -5.5294840715 1
3.8499996662 -3.6472980976 2.3343942164 -5.8690683565 1
7.0920636654 -3.6472980976 3.7438053854 -6.8772037674 1
10.3341276646 -3.6472980976 5.467386941 -7.8697680948 1
13.5761916637 -3.6472980976 7.1914926657 -8.2452996314 1
16.8182556629 -3.6472980976 7.4538127332 -7.4330838982 1
20.0603196621 -3.6472980976 6.5091011805 -5.8457724214 1
23.3023836613 -3.6472980976 5.3428466558 -5.2050354716 1
26.5444476604 -3.6472980976 4.5921293047 -6.37807702 1
29.7865116596 -3.6472980976 4.1897283644 -8.5434401356 1
33.0285756588 -3.6472980976 3.6818788513 -10.0708477793 1
36.270639658 -3.6472980976 0 -0 0
39.5127036572 -3.6472980976 0 -0 0
42.7547676563 -3.6472980976 0 -0 0
-35.0547683239 -6.8893620968 0 -0 0
-31.8127043247 -6.8893620968 0 -0 0
-28.5706403255 -6.8893620968 0.9387427129 12.7155792447 1
-25.3285763264 -6.8893620968 0.4476109032 11.9426520394 1
-22.0865123272 -6.8893620968 -0.2929206283 9.566530067 1
-18.844448328 -6.8893620968 -1.6912008278 6.2812923345 1
-15.6023843288 -6.8893620968 -2.0185251113 2.4277773886 1
-12.3603203297 -6.8893620968 -1.6461518747 -1.0716625328 1
-9.1182563305 -6.8893620968 -0.5413268519 -3.8091746477 1
-5.8761923313 -6.8893620968 0.375945988 -5.6908846772 1
-2.6341283321 -6.8893620968 0.7640232752 -6.5554859193 1
0.607935667 -6.8893620968 1.2167229365 -6.7231940669 1
3.8499996662 -6.8893620968 1.4640254534 -6.7450672572 1
7.0920636654 -6.8893620968 2.8718174653 -6.7527902972 1
10.3341276646 -6.8893620968 4.9088702637 -7.020840596 1
13.5761916637 -6.8893620968 6.7112130587 -7.2306435085 1
16.8182556629 -6.8893620968 6.7345246947 -6.7248323973 1
20.0603196621 -6.8893620968 5.7238946495 -5.6722561419 1
23.3023836613 -6.8893620968 4.7790867777 -5.6324416334 1
26.5444476604 -6.8893620968 4.2172526775 -7.341809631 1
29.7865116596 -6.8893620968 4.1238545592 -9.9752587791 1
33.0285756588 -6.8893620968 3.750246687 -11.6329574712 1
36.270639658 -6.8893620968 0 -0 0
39.5127036572 -6.8893620968 0 -0 0
42.7547676563 -6.8893620968 0 -0 0
-35.0547683239 -10.131426096 0 -0 0
-31.8127043247 -10.131426096 0 -0 0
-28.5706403255 -10.131426096 -0.8003041714 14.0455146315 1
-25.3285763264 -10.131426096 -1.3038300442 13.0747582753 1
-22.0865123272 -10.131426096 -2.1491674677 10.6788682432 1
-18.844448328 -10.131426096 -2.9599467178 6.7015533709 1
-15.6023843288 -10.131426096 -1.7124296766 1.2341361603 1
-12.3603203297 -10.131426096 -0.0434773185 -3.6303420978 1
-9.1182563305 -10.131426096 0.6812641895 -6.063904067 1
-5.8761923313 -10.131426096 0.19044436 -6.7219615448 1
-2.6341283321 -10.131426096 -0.0368555555 -7.1824338399 1
0.607935667 -10.131426096 0.3994227479 -7.5498794037 1
3.8499996662 -10.131426096 0.4966535886 -7.5010344518 1
7.0920636654 -10.131426096 1.3574761557 -7.1175346993 1
10.3341276646 -10.131426096 2.8093616291 -6.9974196574 1
13.5761916637 -10.131426096 4.1472045417 -6.8652463106 1
16.8182556629 -10.131426096 4.2717704919 -6.404598286 1
20.0603196621 -10.131426096 3.7009119872 -5.8816635121 1
23.3023836613 -10.131426096 3.1823254618 -6.1339778677 1
26.5444476604 -10.131426096 2.7539120257 -7.7544883318 1
29.7865116596 -10.131426096 2.7001412127 -10.1757987539 1
33.0285756588 -10.131426096 2.3733303794 -11.611536588 1
36.270639658 -10.131426096 0 -0 0
39.5127036572 -10.131426096 0 -0 0
42.7547676563 -10.131426096 0 -0 0
-35.0547683239 -13.3734900951 0 -0 0
-31.8127043247 -13.3734900951 0 -0 0
-28.5706403255 -13.3734900951 0 -0 0
-25.3285763264 -13.3734900951 -1.9124087965 13.9004176175 1
-22.0865123272 -13.3734900951 -3.0867198548 11.3269163859 1
-18.844448328 -13.3734900951 -3.9951015969 6.5392107101 1
-15.6023843288 -13.3734900951 -2.2183051012 -0.2185954266 1
-12.3603203297 -13.3734900951 0.1779995709 -5.9270005166 1
-9.1182563305 -13.3734900951 0.5193509262 -8.1304540591 1
-5.8761923313 -13.3734900951 -1.2714426737 -7.6401107676 1
-2.6341283321 -13.3734900951 -2.0209297673 -7.3649449336 1
0.607935667 -13.3734900951 -1.4124255943 -7.5751898874 1
3.8499996662 -13.3734900951 -0.9993534648 -7.3746305884 1
7.0920636654 -13.3734900951 -0.7357712849 -7.1874671918 1
10.3341276646 -13.3734900951 -0.2600565878 -7.2105402947 1
13.5761916637 -13.3734900951 0.4446542996 -7.1490567077 1
16.8182556629 -13.3734900951 0.7255616875 -6.7600604261 1
20.0603196621 -13.3734900951 0.5920958456 -6.3324972552 1
23.3023836613 -13.3734900951 0.2962272001 -6.3336869016 1
26.5444476604 -13.3734900951 -0.386679528 -6.7438945195 1
29.7865116596 -13.3734900951 -0.6869734358 -7.7584328855 1
33.0285756588 -13.3734900951 -0.8072380138 -8.6909617336 1
36.270639658 -13.3734900951 0 -0 0
39.5127036572 -13.3734900951 0 -0 0
42.7547676563 -13.3734900951 0 -0 0
-35.0547683239 -16.6155540943 0 -0 0
-31.8127043247 -16.6155540943 0 -0 0
-28.5706403255 -16.6155540943 0 -0 0
-25.3285763264 -16.6155540943 -1.420119346 13.4385268049 1
-22.0865123272 -16.6155540943 -3.2449056975 10.4764942805 1
-18.844448328 -16.6155540943 -4.7716040825 5.7424845364 1
-15.6023843288 -16.6155540943 -3.6741823821 -0.6295590285 1
-12.3603203297 -16.6155540943 -1.1183948809 -6.0167680996 1
-9.1182563305 -16.6155540943 -0.6026575814 -8.0484699043 1
-5.8761923313 -16.6155540943 -2.6388406017 -7.3170529067 1
-2.6341283321 -16.6155540943 -4.0131609739 -6.8061251078 1
0.607935667 -16.6155540943 -3.609826131 -6.7973350093 1
3.8499996662 -16.6155540943 -2.8080176909 -6.4365303299 1
7.0920636654 -16.6155540943 -2.6021720136 -6.3287139378 1
10.3341276646 -16.6155540943 -2.7955427077 -6.7586328504 1
13.5761916637 -16.6155540943 -2.657031323 -7.420104674 1
16.8182556629 -16.6155540943 -2.3278777316 -7.6545266259 1
20.0603196621 -16.6155540943 -2.3679238287 -7.3154230306 1
23.3023836613 -16.6155540943 -2.962589907 -6.5240134293 1
26.5444476604 -16.6155540943 -4.1694424765 -5.1172667362 1
29.7865116596 -16.6155540943 -4.7968858818 -4.4746209171 1
33.0285756588 -16.6155540943 0 -0 0
36.270639658 -16.6155540943 0 -0 0
39.5127036572 -16.6155540943 0 -0 0
42.7547676563 -16.6155540943 0 -0 0
-35.0547683239 -19.8576180935 0 -0 0
-31.8127043247 -19.8576180935 0 -0 0
-28.5706403255 -19.8576180935 0 -0 0
-25.3285763264 -19.8576180935 0 -0 0
-22.0865123272 -19.8576180935 -2.4606702079 7.8966311577 1
-18.844448328 -19.8576180935 -4.6780833762 3.6752536678 1
-15.6023843288 -19.8576180935 -5.0199587874 -1.1613611978 1
-12.3603203297 -19.8576180935 -3.3158170819 -5.099406942 1
-9.1182563305 -19.8576180935 -2.360387388 -6.7125077805 1
-5.8761923313 -19.8576180935 -3.7059661731 -6.3474759309 1
-2.6341283321 -19.8576180935 -5.305437407 -6.2080862006 1
0.607935667 -19.8576180935 -5.4391886962 -6.2387108411 1
3.8499996662 -19.8576180935 -4.6531466952 -5.6896757065 1
7.0920636654 -19.8576180935 -4.1794243351 -5.1705031141 1
10.3341276646 -19.8576180935 -4.3921301058 -5.3405108423 1
13.5761916637 -19.8576180935 -4.4315086119 -6.404353714 1
16.8182556629 -19.8576180935 -4.1042124089 -7.1858886457 1
20.0603196621 -19.8576180935 -4.2942680957 -6.9932347589 1
23.3023836613 -19.8576180935 -5.6357158787 -5.6010120189 1
26.5444476604 -19.8576180935 -7.3821344194 -3.2511416794 1
29.7865116596 -19.8576180935 -8.345726326 -1.7433616928 1
33.0285756588 -19.8576180935 0 -0 0
36.270639658 -19.8576180935 0 -0 0
39.5127036572 -19.8576180935 0 -0 0
42.7547676563 -19.8576180935 0 -0 0
-35.0547683239 -23.0996820927 0 -0 0
-31.8127043247 -23.0996820927 0 -0 0
-28.5706403255 -23.0996820927 0 -0 0
-25.3285763264 -23.0996820927 0 -0 0
-22.0865123272 -23.0996820927 -1.6052203364 4.4846254213 1
-18.844448328 -23.0996820927 -4.4000068336 1.0257725238 1
-15.6023843288 -23.0996820927 -5.7582011553 -2.2451894509 1
-12.3603203297 -23.0996820927 -5.295345944 -4.7266128001 1
-9.1182563305 -23.0996820927 -4.2104203627 -5.7797971641 1
-5.8761923313 -23.0996820927 -4.7054678908 -5.7952245237 1
-2.6341283321 -23.0996820927 -5.7074431069 -6.2233994266 1
0.607935667 -23.0996820927 -6.1002655813 -6.3636182862 1
3.8499996662 -23.0996820927 -5.7083924085 -5.352040751 1
7.0920636654 -23.0996820927 -5.3849498751 -3.9799320946 1
10.3341276646 -23.0996820927 -5.4213826474 -3.2963618329 1
13.5761916637 -23.0996820927 -5.1592413288 -4.0280493694 1
16.8182556629 -23.0996820927 -4.8760514199 -4.8873666487 1
20.0603196621 -23.0996820927 -5.2397652982 -4.8251813515 1
23.3023836613 -23.0996820927 -7.4466670039 -3.381074928 1
26.5444476604 -23.0996820927 -9.371111007 -1.2649598552 1
29.7865116596 -23.0996820927 0 -0 0
33.0285756588 -23.0996820927 0 -0 0
36.270639658 -23.0996820927 0 -0 0
39.5127036572 -23.0996820927 0 -0 0
42.7547676563 -23.0996820927 0 -0 0
-35.0547683239 -26.3417460918 0 -0 0
-31.8127043247 -26.3417460918 0 -0 0
-28.5706403255 -26.3417460918 0 -0 0
-25.3285763264 -26.3417460918 0 -0 0
-22.0865123272 -26.3417460918 0 -0 0
-18.844448328 -26.3417460918 -4.2590128922 -0.766502586 1
-15.6023843288 -26.3417460918 -5.6810051765 -2.5908951313 1
-12.3603203297 -26.3417460918 -6.1689589091 -4.1354659919 1
-9.1182563305 -26.3417460918 -5.8235471681 -5.3828224007 1
-5.8761923313 -26.3417460918 -5.71540468 -6.0899700063 1
-2.6341283321 -26.3417460918 -5.5651698426 -6.5510969089 1
0.607935667 -26.3417460918 -5.6002408623 -6.3179998729 1
3.8499996662 -26.3417460918 -5.8958003771 -4.9530626109 1
7.0920636654 -26.3417460918 -6.4399036117 -3.2532797217 1
10.3341276646 -26.3417460918 -6.3973341959 -2.0151904779 1
13.5761916637 -26.3417460918 -5.6529657526 -1.6157484058 1
16.8182556629 -26.3417460918 -5.2915559839 -1.7026150932 1
20.0603196621 -26.3417460918 -5.8754519874 -1.4953409343 1
23.3023836613 -26.3417460918 -8.414739711 -0.5507146798 1
26.5444476604 -26.3417460918 0 -0 0
29.7865116596 -26.3417460918 0 -0 0
33.0285756588 -26.3417460918 0 -0 0
36.270639658 -26.3417460918 0 -0 0
39.5127036572 -26.3417460918 0 -0 0
42.7547676563 -26.3417460918 0 -0 0
-35.0547683239 -29.583810091 0 -0 0
-31.8127043247 -29.583810091 0 -0 0
-28.5706403255 -29.583810091 0 -0 0
-25.3285763264 -29.583810091 0 -0 0
-22.0865123272 -29.583810091 0 -0 0
-18.844448328 -29.583810091 0 -0 0
-15.6023843288 -29.583810091 -5.2276031256 -2.2479559829 1
-12.3603203297 -29.583810091 -5.8602027727 -2.9811743589 1
-9.1182563305 -29.583810091 -5.9768122827 -3.9624756933 1
-5.8761923313 -29.583810091 -5.6075562823 -4.9928961417 1
-2.6341283321 -29.583810091 -5.0712256059 -5.3925424767 1
0.607935667 -29.583810091 -5.4063828358 -4.8602375761 1
3.8499996662 -29.583810091 -6.4710626873 -3.8706965812 1
7.0920636654 -29.583810091 -7.8046648423 -3.2639249441 1
10.3341276646 -29.583810091 -7.7932231003 -2.7032204042 1
13.5761916637 -29.583810091 -6.7245811826 -1.608630757 1
16.8182556629 -29.583810091 -5.8672730169 -0.515547643 1
20.0603196621 -29.583810091 -6.2919109861 0.4972732087 1
23.3023836613 -29.583810091 0 -0 0
26.5444476604 -29.583810091 0 -0 0
29.7865116596 -29.583810091 0 -0 0
33.0285756588 -29.583810091 0 -0 0
36.270639658 -29.583810091 0 -0 0
39.5127036572 -29.583810091 0 -0 0
42.7547676563 -29.583810091 0 -0 0
-35.0547683239 -32.8258740902 0 -0 0
-31.8127043247 -32.8258740902 0 -0 0
-28.5706403255 -32.8258740902 0 -0 0
-25.3285763264 -32.8258740902 0 -0 0
-22.0865123272 -32.8258740902 0 -0 0
-18.844448328 -32.8258740902 0 -0 0
-15.6023843288 -32.8258740902 0 -0 0
-12.3603203297 -32.8258740902 0 -0 0
-9.1182563305 -32.8258740902 -5.3586550646 -2.4844086371 1
-5.8761923313 -32.8258740902 -4.5728721288 -3.1750408397 1
-2.6341283321 -32.8258740902 -4.8263124214 -3.0233941274 1
0.607935667 -32.8258740902 -6.2781189374 -2.4575194564 1
3.8499996662 -32.8258740902 -8.1856735838 -2.5226764543 1
7.0920636654 -32.8258740902 -9.351135816 -3.2576581642 1
10.3341276646 -32.8258740902 -8.779173718 -3.6032987763 1
13.5761916637 -32.8258740902 -7.6363673065 -2.503309221 1
16.8182556629 -32.8258740902 -6.3096880485 -0.9365741746 1
20.0603196621 -32.8258740902 0 -0 0
23.3023836613 -32.8258740902 0 -0 0
26.5444476604 -32.8258740902 0 -0 0
29.7865116596 -32.8258740902 0 -0 0
33.0285756588 -32.8258740902 0 -0 0
36.270639658 -32.8258740902 0 -0 0
39.5127036572 -32.8258740902 0 -0 0
42.7547676563 -32.8258740902 0 -0 0
-35.0547683239 -36.0679380894 0 -0 0
-31.8127043247 -36.0679380894 0 -0 0
-28.5706403255 -36.0679380894 0 -0 0
-25.3285763264 -36.0679380894 0 -0 0
-22.0865123272 -36.0679380894 0 -0 0
-18.844448328 -36.0679380894 0 -0 0
-15.6023843288 -36.0679380894 0 -0 0
-12.3603203297 -36.0679380894 0 -0 0
-9.1182563305 -36.0679380894 0 -0 0
-5.8761923313 -36.0679380894 0 -0 0
-2.6341283321 -36.0679380894 0 -0 0
0.607935667 -36.0679380894 0 -0 0
3.8499996662 -36.0679380894 0 -0 0
7.0920636654 -36.0679380894 0 -0 0
10.3341276646 -36.0679380894 0 -0 0
13.5761916637 -36.0679380894 0 -0 0
16.8182556629 -36.0679380894 0 -0 0
20.0603196621 -36.0679380894 0 -0 0
23.3023836613 -36.0679380894 0 -0 0
26.5444476604 -36.0679380894 0 -0 0
29.7865116596 -36.0679380894 0 -0 0
33.0285756588 -36.0679380894 0 -0 0
36.270639658 -36.0679380894 0 -0 0
39.5127036572 -36.0679380894 0 -0 0
42.7547676563 -36.0679380894 0 -0 0
-35.0547683239 -39.3100020885 0 -0 0
-31.8127043247 -39.3100020885 0 -0 0
-28.5706403255 -39.3100020885 0 -0 0
-25.3285763264 -39.3100020885 0 -0 0
-22.0865123272 -39.3100020885 0 -0 0
-18.844448328 -39.3100020885 0 -0 0
-15.6023843288 -39.3100020885 0 -0 0
-12.3603203297 -39.3100020885 0 -0 0
-9.1182563305 -39.3100020885 0 -0 0
-5.8761923313 -39.3100020885 0 -0 0
-2.6341283321 -39.3100020885 0 -0 0
0.607935667 -39.3100020885 0 -0 0
3.8499996662 -39.3100020885 0 -0 0
7.0920636654 -39.3100020885 0 -0 0
10.3341276646 -39.3100020885 0 -0 0
13.5761916637 -39.3100020885 0 -0 0
16.8182556629 -39.3100020885 0 -0 0
20.0603196621 -39.3100020885 0 -0 0
23.3023836613 -39.3100020885 0 -0 0
26.5444476604 -39.3100020885 0 -0 0
29.7865116596 -39.3100020885 0 -0 0
33.0285756588 -39.3100020885 0 -0 0
36.270639658 -39.3100020885 0 -0 0
39.5127036572 -39.3100020885 0 -0 0
42.7547676563 -39.3100020885 0 -0 0
-35.0547683239 -42.5520660877 0 -0 0
-31.8127043247 -42.5520660877 0 -0 0
-28.5706403255 -42.5520660877 0 -0 0
-25.3285763264 -42.5520660877 0 -0 0
-22.0865123272 -42.5520660877 0 -0 0
-18.844448328 -42.5520660877 0 -0 0
-15.6023843288 -42.5520660877 0 -0 0
-12.3603203297 -42.5520660877 0 -0 0
-9.1182563305 -42.5520660877 0 -0 0
-5.8761923313 -42.5520660877 0 -0 0
-2.6341283321 -42.5520660877 0 -0 0
0.607935667 -42.5520660877 0 -0 0
3.8499996662 -42.5520660877 0 -0 0
7.0920636654 -42.5520660877 0 -0 0
10.3341276646 -42.5520660877 0 -0 0
13.5761916637 -42.5520660877 0 -0 0
16.8182556629 -42.5520660877 0 -0 0
20.0603196621 -42.5520660877 0 -0 0
23.3023836613 -42.5520660877 0 -0 0
26.5444476604 -42.5520660877 0 -0 0
29.7865116596 -42.5520660877 0 -0 0
33.0285756588 -42.5520660877 0 -0 0
36.270639658 -42.5520660877 0 -0 0
39.5127036572 -42.5520660877 0 -0 0
42.7547676563 -42.5520660877 0 -0 0
