TITLE = "B00080"
VARIABLES = "x", "y", "Vx", "Vy", "isValid"
ZONE T="Frame 0", I=25, J=25, F=POINT
-35.0547683239 35.2574698925 0 -0 0
-31.8127043247 35.2574698925 0 -0 0
-28.5706403255 35.2574698925 0 -0 0
-25.3285763264 35.2574698925 0 -0 0
-22.0865123272 35.2574698925 0 -0 0
-18.844448328 35.2574698925 0 -0 0
-15.6023843288 35.2574698925 0 -0 0
-12.3603203297 35.2574698925 0 -0 0
-9.1182563305 35.2574698925 0 -0 0
-5.8761923313 35.2574698925 0 -0 0
-2.6341283321 35.2574698925 0 -0 0
0.607935667 35.2574698925 0 -0 0
3.8499996662 35.2574698925 0 -0 0
7.0920636654 35.2574698925 0 -0 0
10.3341276646 35.2574698925 0 -0 0
13.5761916637 35.2574698925 0 -0 0
16.8182556629 35.2574698925 0 -0 0
20.0603196621 35.2574698925 0 -0 0
23.3023836613 35.2574698925 0 -0 0
26.5444476604 35.2574698925 0 -0 0
29.7865116596 35.2574698925 0 -0 0
33.0285756588 35.2574698925 0 -0 0
36.270639658 35.2574698925 0 -0 0
39.5127036572 35.2574698925 0 -0 0
42.7547676563 35.2574698925 0 -0 0
-35.0547683239 32.0154058933 0 -0 0
-31.8127043247 32.0154058933 0 -0 0
-28.5706403255 32.0154058933 0 -0 0
-25.3285763264 32.0154058933 0 -0 0
-22.0865123272 32.0154058933 0 -0 0
-18.844448328 32.0154058933 0 -0 0
-15.6023843288 32.0154058933 0 -0 0
-12.3603203297 32.0154058933 0 -0 0
-9.1182563305 32.0154058933 0 -0 0
-5.8761923313 32.0154058933 0 -0 0
-2.6341283321 32.0154058933 0 -0 0
0.607935667 32.0154058933 0 -0 0
3.8499996662 32.0154058933 0 -0 0
7.0920636654 32.0154058933 0 -0 0
10.3341276646 32.0154058933 0 -0 0
13.5761916637 32.0154058933 0 -0 0
16.8182556629 32.0154058933 0 -0 0
20.0603196621 32.0154058933 0 -0 0
23.3023836613 32.0154058933 0 -0 0
26.5444476604 32.0154058933 0 -0 0
29.7865116596 32.0154058933 0 -0 0
33.0285756588 32.0154058933 0 -0 0
36.270639658 32.0154058933 0 -0 0
39.5127036572 32.0154058933 0 -0 0
42.7547676563 32.0154058933 0 -0 0
-35.0547683239 28.7733418941 0 -0 0
-31.8127043247 28.7733418941 0 -0 0
-28.5706403255 28.7733418941 0 -0 0
-25.3285763264 28.7733418941 0 -0 0
-22.0865123272 28.7733418941 0 -0 0
-18.844448328 28.7733418941 0 -0 0
-15.6023843288 28.7733418941 0 -0 0
-12.3603203297 28.7733418941 0 -0 0
-9.1182563305 28.7733418941 0 -0 0
-5.8761923313 28.7733418941 0 -0 0
-2.6341283321 28.7733418941 0 -0 0
0.607935667 28.7733418941 0 -0 0
3.8499996662 28.7733418941 0 -0 0
7.0920636654 28.7733418941 0 -0 0
10.3341276646 28.7733418941 0 -0 0
13.5761916637 28.7733418941 0 -0 0
16.8182556629 28.7733418941 0 -0 0
20.0603196621 28.7733418941 0 -0 0
23.3023836613 28.7733418941 0 -0 0
26.5444476604 28.7733418941 0 -0 0
29.7865116596 28.7733418941 0 -0 0
33.0285756588 28.7733418941 0 -0 0
36.270639658 28.7733418941 0 -0 0
39.5127036572 28.7733418941 0 -0 0
42.7547676563 28.7733418941 0 -0 0
-35.0547683239 25.531277895 0 -0 0
-31.8127043247 25.531277895 0 -0 0
-28.5706403255 25.531277895 0 -0 0
-25.3285763264 25.531277895 0 -0 0
-22.0865123272 25.531277895 0 -0 0
-18.844448328 25.531277895 0 -0 0
-15.6023843288 25.531277895 0 -0 0
-12.3603203297 25.531277895 0 -0 0
-9.1182563305 25.531277895 11.7415691751 3.6746971911 1
-5.8761923313 25.531277895 11.330782435 2.7545207382 1
-2.6341283321 25.531277895 10.5991860845 2.2199293914 1
0.607935667 25.531277895 10.5507318439 1.6328332691 1
3.8499996662 25.531277895 11.5774498951 0.7182764616 1
7.0920636654 25.531277895 13.3331144649 -0.1946215968 1
10.3341276646 25.531277895 13.9848172982 -1.2408927635 1
13.5761916637 25.531277895 13.0009639608 -2.5678815107 1
16.8182556629 25.531277895 11.2867703464 -3.9123571553 1
20.0603196621 25.531277895 0 -0 0
23.3023836613 25.531277895 0 -0 0
26.5444476604 25.531277895 0 -0 0
29.7865116596 25.531277895 0 -0 0
33.0285756588 25.531277895 0 -0 0
36.270639658 25.531277895 0 -0 0
39.5127036572 25.531277895 0 -0 0
42.7547676563 25.531277895 0 -0 0
-35.0547683239 22.2892138958 0 -0 0
-31.8127043247 22.2892138958 0 -0 0
-28.5706403255 22.2892138958 0 -0 0
-25.3285763264 22.2892138958 0 -0 0
-22.0865123272 22.2892138958 0 -0 0
-18.844448328 22.2892138958 0 -0 0
-15.6023843288 22.2892138958 12.5063041246 6.6740284539 1
-12.3603203297 22.2892138958 13.1429666862 5.8549067323 1
-9.1182563305 22.2892138958 13.5398146345 4.4745786454 1
-5.8761923313 22.2892138958 13.1935248498 3.0236371897 1
-2.6341283321 22.2892138958 12.3008600285 2.1839531534 1
0.607935667 22.2892138958 11.8551580701 1.8831481733 1
3.8499996662 22.2892138958 12.4323226069 1.3181942705 1
7.0920636654 22.2892138958 14.2185749804 0.5820665823 1
10.3341276646 22.2892138958 15.2201172135 -0.4132975283 1
13.5761916637 22.2892138958 14.7249150918 -1.800580216 1
16.8182556629 22.2892138958 12.7685239479 -3.2636474606 1
20.0603196621 22.2892138958 10.6794431384 -4.7120912626 1
23.3023836613 22.2892138958 0 -0 0
26.5444476604 22.2892138958 0 -0 0
29.7865116596 22.2892138958 0 -0 0
33.0285756588 22.2892138958 0 -0 0
36.270639658 22.2892138958 0 -0 0
39.5127036572 22.2892138958 0 -0 0
42.7547676563 22.2892138958 0 -0 0
-35.0547683239 19.0471498966 0 -0 0
-31.8127043247 19.0471498966 0 -0 0
-28.5706403255 19.0471498966 0 -0 0
-25.3285763264 19.0471498966 0 -0 0
-22.0865123272 19.0471498966 0 -0 0
-18.844448328 19.0471498966 11.2489709903 7.7230846842 1
-15.6023843288 19.0471498966 12.7524582855 7.5153247027 1
-12.3603203297 19.0471498966 14.0113421874 6.6786046676 1
-9.1182563305 19.0471498966 14.8426272894 5.1170910067 1
-5.8761923313 19.0471498966 14.7555065188 3.5214417385 1
-2.6341283321 19.0471498966 13.4195625115 2.3184389134 1
0.607935667 19.0471498966 11.9624037942 1.6064213057 1
3.8499996662 19.0471498966 11.6052356889 0.5325515107 1
7.0920636654 19.0471498966 13.3852958619 -0.6915639916 1
10.3341276646 19.0471498966 15.439610008 -1.4003050895 1
13.5761916637 19.0471498966 16.0971716991 -1.9084887 1
16.8182556629 19.0471498966 14.4247364877 -2.8010416523 1
20.0603196621 19.0471498966 11.7473833458 -4.4902735246 1
23.3023836613 19.0471498966 9.4168749557 -6.1254106015 1
26.5444476604 19.0471498966 0 -0 0
29.7865116596 19.0471498966 0 -0 0
33.0285756588 19.0471498966 0 -0 0
36.270639658 19.0471498966 0 -0 0
39.5127036572 19.0471498966 0 -0 0
42.7547676563 19.0471498966 0 -0 0
-35.0547683239 15.8050858974 0 -0 0
-31.8127043247 15.8050858974 0 -0 0
-28.5706403255 15.8050858974 0 -0 0
-25.3285763264 15.8050858974 0 -0 0
-22.0865123272 15.8050858974 9.7671014436 8.5987200483 1
-18.844448328 15.8050858974 11.0186614711 8.3631096577 1
-15.6023843288 15.8050858974 12.5147149856 7.9371817977 1
-12.3603203297 15.8050858974 13.7188002683 7.318824091 1
-9.1182563305 15.8050858974 14.4482347231 5.9673645573 1
-5.8761923313 15.8050858974 14.7514122025 4.3808535253 1
-2.6341283321 15.8050858974 13.5025913813 2.3199096667 1
0.607935667 15.8050858974 11.74288926 0.3345170401 1
3.8499996662 15.8050858974 10.7173270379 -1.9365818694 1
7.0920636654 15.8050858974 12.4634623583 -3.5364801985 1
10.3341276646 15.8050858974 15.0703050931 -3.4207882864 1
13.5761916637 15.8050858974 16.4921065509 -2.6416383845 1
16.8182556629 15.8050858974 15.2500407477 -2.7271866478 1
20.0603196621 15.8050858974 12.7350556296 -4.3721512915 1
23.3023836613 15.8050858974 10.1267859229 -6.4268187082 1
26.5444476604 15.8050858974 8.5816338263 -8.0122877427 1
29.7865116596 15.8050858974 0 -0 0
33.0285756588 15.8050858974 0 -0 0
36.270639658 15.8050858974 0 -0 0
39.5127036572 15.8050858974 0 -0 0
42.7547676563 15.8050858974 0 -0 0
-35.0547683239 12.5630218983 0 -0 0
-31.8127043247 12.5630218983 0 -0 0
-28.5706403255 12.5630218983 0 -0 0
-25.3285763264 12.5630218983 0 -0 0
-22.0865123272 12.5630218983 9.8274732848 9.9279603676 1
-18.844448328 12.5630218983 10.7982121285 8.6912383114 1
-15.6023843288 12.5630218983 11.652968895 7.5448726225 1
-12.3603203297 12.5630218983 12.2257359671 6.9702757897 1
-9.1182563305 12.5630218983 12.628556303 6.0897103373 1
-5.8761923313 12.5630218983 13.2152428427 4.5579641072 1
-2.6341283321 12.5630218983 12.4016901159 1.9705624302 1
0.607935667 12.5630218983 11.1515637029 -0.7191589589 1
3.8499996662 12.5630218983 10.5974915932 -3.5011126731 1
7.0920636654 12.5630218983 12.5566352288 -4.9524312528 1
10.3341276646 12.5630218983 15.3462197401 -4.3518306804 1
13.5761916637 12.5630218983 16.3270367615 -3.2313615422 1
16.8182556629 12.5630218983 14.9521327379 -2.9990287182 1
20.0603196621 12.5630218983 12.8211920733 -4.4158324531 1
23.3023836613 12.5630218983 11.0465970275 -6.3994151714 1
26.5444476604 12.5630218983 9.3641989798 -8.1504636713 1
29.7865116596 12.5630218983 7.4320500532 -9.3176276415 1
33.0285756588 12.5630218983 0 -0 0
36.270639658 12.5630218983 0 -0 0
39.5127036572 12.5630218983 0 -0 0
42.7547676563 12.5630218983 0 -0 0
-35.0547683239 9.3209578991 0 -0 0
-31.8127043247 9.3209578991 0 -0 0
-28.5706403255 9.3209578991 0 -0 0
-25.3285763264 9.3209578991 8.9541115344 10.5172900964 1
-22.0865123272 9.3209578991 10.2150570876 10.5895819538 1
-18.844448328 9.3209578991 11.2536788501 8.6899242653 1
-15.6023843288 9.3209578991 11.4201943318 6.5732986108 1
-12.3603203297 9.3209578991 10.8378291678 5.6878030701 1
-9.1182563305 9.3209578991 10.6389202769 5.4254685094 1
-5.8761923313 9.3209578991 10.8693698965 4.0543517284 1
-2.6341283321 9.3209578991 10.6872609878 1.1619044646 1
0.607935667 9.3209578991 10.5608190798 -1.9006817205 1
3.8499996662 9.3209578991 11.3466029215 -4.5663915749 1
7.0920636654 9.3209578991 13.470788568 -5.4022130344 1
10.3341276646 9.3209578991 15.5009063917 -4.5536850032 1
13.5761916637 9.3209578991 15.4724092256 -3.730327657 1
16.8182556629 9.3209578991 13.925214198 -3.5545718832 1
20.0603196621 9.3209578991 12.4689914969 -4.4877185021 1
23.3023836613 9.3209578991 11.3880509294 -5.7707944992 1
26.5444476604 9.3209578991 9.6815930365 -7.3457215751 1
29.7865116596 9.3209578991 7.0360312341 -8.8257625688 1
33.0285756588 9.3209578991 0 -0 0
36.270639658 9.3209578991 0 -0 0
39.5127036572 9.3209578991 0 -0 0
42.7547676563 9.3209578991 0 -0 0
-35.0547683239 6.0788938999 0 -0 0
-31.8127043247 6.0788938999 0 -0 0
-28.5706403255 6.0788938999 0 -0 0
-25.3285763264 6.0788938999 8.4265631061 8.5124121023 1
-22.0865123272 6.0788938999 9.7301976436 9.3742197887 1
-18.844448328 6.0788938999 11.1910949911 7.5964102819 1
-15.6023843288 6.0788938999 11.3398720587 4.7622596208 1
-12.3603203297 6.0788938999 10.1310656308 3.4369282262 1
-9.1182563305 6.0788938999 9.2135861125 3.5547995465 1
-5.8761923313 6.0788938999 9.097819621 3.0932236581 1
-2.6341283321 6.0788938999 9.6832760542 0.717247976 1
0.607935667 6.0788938999 10.4884728731 -2.432039433 1
3.8499996662 6.0788938999 12.2096183709 -5.0586672871 1
7.0920636654 6.0788938999 14.0794962491 -6.085779069 1
10.3341276646 6.0788938999 14.9379403158 -5.6943479374 1
13.5761916637 6.0788938999 14.1490247449 -5.282920479 1
16.8182556629 6.0788938999 12.8708601157 -4.7727614213 1
20.0603196621 6.0788938999 11.905179987 -4.9678734076 1
23.3023836613 6.0788938999 11.155022736 -5.4898845448 1
26.5444476604 6.0788938999 9.386475563 -6.5155898868 1
29.7865116596 6.0788938999 6.6016792278 -8.1376680271 1
33.0285756588 6.0788938999 4.3478511016 -9.4169359477 1
36.270639658 6.0788938999 0 -0 0
39.5127036572 6.0788938999 0 -0 0
42.7547676563 6.0788938999 0 -0 0
-35.0547683239 2.8368299007 0 -0 0
-31.8127043247 2.8368299007 0 -0 0
-28.5706403255 2.8368299007 7.9989806109 4.4898447687 1
-25.3285763264 2.8368299007 7.6872141254 7.0162287533 1
-22.0865123272 2.8368299007 8.0042838979 7.9476663877 1
-18.844448328 2.8368299007 9.1039816274 6.0359588485 1
-15.6023843288 2.8368299007 9.9064990244 2.5209093462 1
-12.3603203297 2.8368299007 9.3191929023 0.6358973683 1
-9.1182563305 2.8368299007 8.5371941896 0.8769389178 1
-5.8761923313 2.8368299007 8.7239258109 1.4380988597 1
-2.6341283321 2.8368299007 9.7789139688 0.2956947088 1
0.607935667 2.8368299007 10.7004871995 -2.5615781961 1
3.8499996662 2.8368299007 12.2437485433 -5.6626024929 1
7.0920636654 2.8368299007 13.5120819823 -8.0211472876 1
10.3341276646 2.8368299007 13.5523222273 -8.5468774288 1
13.5761916637 2.8368299007 12.6058733076 -7.7282484746 1
16.8182556629 2.8368299007 11.877043942 -6.2677225142 1
20.0603196621 2.8368299007 11.4534428372 -5.6087737073 1
23.3023836613 2.8368299007 10.7176929901 -5.6400958309 1
26.5444476604 2.8368299007 8.9983681949 -6.1877396225 1
29.7865116596 2.8368299007 6.2594517537 -7.6185129472 1
33.0285756588 2.8368299007 4.0646527383 -9.06931702 1
36.270639658 2.8368299007 0 -0 0
39.5127036572 2.8368299007 0 -0 0
42.7547676563 2.8368299007 0 -0 0
-35.0547683239 -0.4052340984 0 -0 0
-31.8127043247 -0.4052340984 0 -0 0
-28.5706403255 -0.4052340984 7.7058233365 5.8454650457 1
-25.3285763264 -0.4052340984 6.3938497999 7.5722785748 1
-22.0865123272 -0.4052340984 5.4822025687 7.5155040555 1
-18.844448328 -0.4052340984 5.5959919523 4.6325190103 1
-15.6023843288 -0.4052340984 6.9082040221 1.0010905298 1
-12.3603203297 -0.4052340984 7.6206277401 -0.7445724043 1
-9.1182563305 -0.4052340984 7.7138175193 -0.7942356156 1
-5.8761923313 -0.4052340984 8.6457122919 -0.289459444 1
-2.6341283321 -0.4052340984 9.8604107913 -1.0229634182 1
0.607935667 -0.4052340984 10.6421003167 -3.3635886345 1
3.8499996662 -0.4052340984 11.6747557304 -6.3519591469 1
7.0920636654 -0.4052340984 12.4660155691 -9.0763697515 1
10.3341276646 -0.4052340984 12.3987721607 -10.1804220703 1
13.5761916637 -0.4052340984 11.9613687413 -9.297981566 1
16.8182556629 -0.4052340984 11.6100003136 -7.2997384174 1
20.0603196621 -0.4052340984 11.3204935027 -5.9761033259 1
23.3023836613 -0.4052340984 10.4046335945 -6.0070884836 1
26.5444476604 -0.4052340984 8.7826200695 -6.61649244 1
29.7865116596 -0.4052340984 6.0571768275 -7.6551770062 1
33.0285756588 -0.4052340984 3.7151789887 -8.6430721222 1
36.270639658 -0.4052340984 0 -0 0
39.5127036572 -0.4052340984 0 -0 0
42.7547676563 -0.4052340984 0 -0 0
-35.0547683239 -3.6472980976 0 -0 0
-31.8127043247 -3.6472980976 0 -0 0
-28.5706403255 -3.6472980976 6.2168980388 6.6800968587 1
-25.3285763264 -3.6472980976 4.8554131671 8.2281807998 1
-22.0865123272 -3.6472980976 3.7358607209 7.2454844993 1
-18.844448328 -3.6472980976 3.3157482394 3.7487973715 1
-15.6023843288 -3.6472980976 4.563115216 0.3871325524 1
-12.3603203297 -3.6472980976 5.7275360547 -0.9330027442 1
-9.1182563305 -3.6472980976 6.4227974616 -1.3993216685 1
-5.8761923313 -3.6472980976 7.5753704479 -1.9917031123 1
-2.6341283321 -3.6472980976 8.9116308891 -3.1223558056 1
0.607935667 -3.6472980976 9.8980990332 -4.7396074233 1
3.8499996662 -3.6472980976 10.582775002 -6.7334878302 1
7.0920636654 -3.6472980976 10.8992475356 -8.6097137103 1
10.3341276646 -3.6472980976 11.1045116751 -9.598440975 1
13.5761916637 -3.6472980976 11.5552427583 -9.0416199968 1
16.8182556629 -3.6472980976 11.7546999736 -7.4469115759 1
20.0603196621 -3.6472980976 11.1943970149 -6.1588565761 1
23.3023836613 -3.6472980976 9.9836412576 -6.2925843139 1
26.5444476604 -3.6472980976 8.2204619869 -7.3300236766 1
29.7865116596 -3.6472980976 5.5434083703 -8.1428191359 1
33.0285756588 -3.6472980976 3.1310734383 -8.5851592863 1
36.270639658 -3.6472980976 0 -0 0
39.5127036572 -3.6472980976 0 -0 0
42.7547676563 -3.6472980976 0 -0 0
-35.0547683239 -6.8893620968 0 -0 0
-31.8127043247 -6.8893620968 0 -0 0
-28.5706403255 -6.8893620968 4.013665215 4.950071586 1
-25.3285763264 -6.8893620968 3.7699166159 6.3237886806 1
-22.0865123272 -6.8893620968 3.8163698953 5.6575932962 1
-18.844448328 -6.8893620968 4.1210887821 2.6422588727 1
-15.6023843288 -6.8893620968 5.1054403217 0.2921927436 1
-12.3603203297 -6.8893620968 5.8019040566 -0.3795317229 1
-9.1182563305 -6.8893620968 6.1472837918 -1.1778941134 1
-5.8761923313 -6.8893620968 6.3502562011 -3.2833931766 1
-2.6341283321 -6.8893620968 7.1718465901 -5.3855682497 1
0.607935667 -6.8893620968 8.5255761142 -6.3035302693 1
3.8499996662 -6.8893620968 9.4578271769 -6.9995199572 1
7.0920636654 -6.8893620968 9.7784284481 -7.7807348317 1
10.3341276646 -6.8893620968 9.9045448639 -8.5445778482 1
13.5761916637 -6.8893620968 10.8433389823 -8.3909830143 1
16.8182556629 -6.8893620968 11.6014831695 -7.3757640739 1
20.0603196621 -6.8893620968 10.8602875193 -6.398322146 1
23.3023836613 -6.8893620968 9.2882403542 -6.5863146718 1
26.5444476604 -6.8893620968 7.2464060224 -8.0674891509 1
29.7865116596 -6.8893620968 4.6857916211 -8.6788533065 1
33.0285756588 -6.8893620968 2.4229227856 -8.5749742216 1
36.270639658 -6.8893620968 0 -0 0
39.5127036572 -6.8893620968 0 -0 0
42.7547676563 -6.8893620968 0 -0 0
-35.0547683239 -10.131426096 0 -0 0
-31.8127043247 -10.131426096 0 -0 0
-28.5706403255 -10.131426096 2.0295060918 1.4054954507 1
-25.3285763264 -10.131426096 2.4979177674 2.5006769017 1
-22.0865123272 -10.131426096 3.4056402219 2.8002816675 1
-18.844448328 -10.131426096 4.9556949302 1.2906830919 1
-15.6023843288 -10.131426096 6.2076351011 -0.1844946368 1
-12.3603203297 -10.131426096 6.3047652068 -0.6921028804 1
-9.1182563305 -10.131426096 5.8014855667 -1.5599917286 1
-5.8761923313 -10.131426096 5.0769069227 -4.0157012013 1
-2.6341283321 -10.131426096 5.3097726721 -6.3701540953 1
0.607935667 -10.131426096 6.7255800025 -7.0683376845 1
3.8499996662 -10.131426096 8.2548246537 -7.2574401444 1
7.0920636654 -10.131426096 9.4151762371 -7.4923536558 1
10.3341276646 -10.131426096 9.624743032 -7.8166887261 1
13.5761916637 -10.131426096 10.1684144914 -7.5315002715 1
16.8182556629 -10.131426096 10.6826533722 -6.9402477841 1
20.0603196621 -10.131426096 9.8590085785 -6.6413844338 1
23.3023836613 -10.131426096 8.4481265053 -7.0972980277 1
26.5444476604 -10.131426096 6.4328351792 -8.4235334328 1
29.7865116596 -10.131426096 4.064241495 -8.5256165743 1
33.0285756588 -10.131426096 1.6965143808 -7.7767250588 1
36.270639658 -10.131426096 0 -0 0
39.5127036572 -10.131426096 0 -0 0
42.7547676563 -10.131426096 0 -0 0
-35.0547683239 -13.3734900951 0 -0 0
-31.8127043247 -13.3734900951 0 -0 0
-28.5706403255 -13.3734900951 0 -0 0
-25.3285763264 -13.3734900951 1.4690041541 0.0701323773 1
-22.0865123272 -13.3734900951 2.6647866706 0.6753617011 1
-18.844448328 -13.3734900951 4.6964736803 -0.1429776543 1
-15.6023843288 -13.3734900951 6.0760094747 -1.344565472 1
-12.3603203297 -13.3734900951 5.9093164519 -2.0833578249 1
-9.1182563305 -13.3734900951 5.1573904321 -2.6916430908 1
-5.8761923313 -13.3734900951 4.2197497274 -4.4097109067 1
-2.6341283321 -13.3734900951 3.7828336403 -6.2724551332 1
0.607935667 -13.3734900951 4.6295602931 -7.0070262037 1
3.8499996662 -13.3734900951 6.5614099965 -7.1316564673 1
7.0920636654 -13.3734900951 8.9390519385 -7.1485391813 1
10.3341276646 -13.3734900951 9.7100038476 -7.2625006711 1
13.5761916637 -13.3734900951 9.4147341959 -6.9892328365 1
16.8182556629 -13.3734900951 8.8606620861 -6.7522129866 1
20.0603196621 -13.3734900951 7.9332825352 -6.8965968166 1
23.3023836613 -13.3734900951 7.0455115692 -7.4161021477 1
26.5444476604 -13.3734900951 5.4872135771 -7.8228187268 1
29.7865116596 -13.3734900951 3.1802490154 -6.785007977 1
33.0285756588 -13.3734900951 0.78548643 -5.5182929403 1
36.270639658 -13.3734900951 0 -0 0
39.5127036572 -13.3734900951 0 -0 0
42.7547676563 -13.3734900951 0 -0 0
-35.0547683239 -16.6155540943 0 -0 0
-31.8127043247 -16.6155540943 0 -0 0
-28.5706403255 -16.6155540943 0 -0 0
-25.3285763264 -16.6155540943 1.1024841141 -0.3978548074 1
-22.0865123272 -16.6155540943 2.474475391 -0.2813024774 1
-18.844448328 -16.6155540943 4.0832779522 -1.278929747 1
-15.6023843288 -16.6155540943 4.9327679666 -2.6763467734 1
-12.3603203297 -16.6155540943 4.5872683609 -3.4926655792 1
-9.1182563305 -16.6155540943 4.00431713 -3.6148525384 1
-5.8761923313 -16.6155540943 3.4362283276 -4.0972771323 1
-2.6341283321 -16.6155540943 2.7401296391 -5.0729587457 1
0.607935667 -16.6155540943 3.0649994464 -5.8418985218 1
3.8499996662 -16.6155540943 4.8537081078 -6.0448993135 1
7.0920636654 -16.6155540943 7.6183130625 -5.8437216399 1
10.3341276646 -16.6155540943 8.9845749385 -5.9712765014 1
13.5761916637 -16.6155540943 8.3803740248 -6.3386188015 1
16.8182556629 -16.6155540943 6.9995537745 -6.8917422135 1
20.0603196621 -16.6155540943 5.7872714049 -7.37806607 1
23.3023836613 -16.6155540943 4.9530562701 -7.4176245328 1
26.5444476604 -16.6155540943 3.5754356857 -6.257437809 1
29.7865116596 -16.6155540943 1.6817755969 -4.2250071194 1
33.0285756588 -16.6155540943 0 -0 0
36.270639658 -16.6155540943 0 -0 0
39.5127036572 -16.6155540943 0 -0 0
42.7547676563 -16.6155540943 0 -0 0
-35.0547683239 -19.8576180935 0 -0 0
-31.8127043247 -19.8576180935 0 -0 0
-28.5706403255 -19.8576180935 0 -0 0
-25.3285763264 -19.8576180935 0 -0 0
-22.0865123272 -19.8576180935 2.7992740913 -1.0560285702 1
-18.844448328 -19.8576180935 3.4761285873 -2.5879641926 1
-15.6023843288 -19.8576180935 3.5680106612 -4.3562966857 1
-12.3603203297 -19.8576180935 3.1578736975 -5.2890547069 1
-9.1182563305 -19.8576180935 2.8586126913 -4.907100891 1
-5.8761923313 -19.8576180935 2.6772012657 -4.1399235429 1
-2.6341283321 -19.8576180935 2.3770534596 -3.7382098198 1
0.607935667 -19.8576180935 2.8025939296 -3.7315215307 1
3.8499996662 -19.8576180935 4.080482283 -3.6043812338 1
7.0920636654 -19.8576180935 6.0099357847 -3.560472107 1
10.3341276646 -19.8576180935 7.1985182226 -4.2380947403 1
13.5761916637 -19.8576180935 6.8351995846 -5.6760412709 1
16.8182556629 -19.8576180935 5.4836518842 -7.1239418816 1
20.0603196621 -19.8576180935 3.8945770735 -7.8136185927 1
23.3023836613 -19.8576180935 2.5072450184 -6.9744951094 1
26.5444476604 -19.8576180935 1.0768607444 -4.818540769 1
29.7865116596 -19.8576180935 -0.1920196225 -2.2691467872 1
33.0285756588 -19.8576180935 0 -0 0
36.270639658 -19.8576180935 0 -0 0
39.5127036572 -19.8576180935 0 -0 0
42.7547676563 -19.8576180935 0 -0 0
-35.0547683239 -23.0996820927 0 -0 0
-31.8127043247 -23.0996820927 0 -0 0
-28.5706403255 -23.0996820927 0 -0 0
-25.3285763264 -23.0996820927 0 -0 0
-22.0865123272 -23.0996820927 2.2259140076 -1.7646220945 1
-18.844448328 -23.0996820927 1.7730195191 -3.3081994192 1
-15.6023843288 -23.0996820927 1.4689875474 -4.9369504496 1
-12.3603203297 -23.0996820927 1.684521144 -5.6809840407 1
-9.1182563305 -23.0996820927 1.8475445301 -5.2109202964 1
-5.8761923313 -23.0996820927 2.0315989939 -3.9810528986 1
-2.6341283321 -23.0996820927 2.3010105925 -2.7757698171 1
0.607935667 -23.0996820927 3.0676900402 -1.8908070509 1
3.8499996662 -23.0996820927 4.0326612121 -1.5067256096 1
7.0920636654 -23.0996820927 4.9670684336 -1.9651601066 1
10.3341276646 -23.0996820927 5.3944616119 -3.2392310234 1
13.5761916637 -23.0996820927 5.1675525493 -5.2270348732 1
16.8182556629 -23.0996820927 4.0427786421 -6.8566065785 1
20.0603196621 -23.0996820927 2.2880398226 -7.3802388355 1
23.3023836613 -23.0996820927 0.1915329507 -5.924797557 1
26.5444476604 -23.0996820927 -1.256048754 -3.5825355201 1
29.7865116596 -23.0996820927 0 -0 0
33.0285756588 -23.0996820927 0 -0 0
36.270639658 -23.0996820927 0 -0 0
39.5127036572 -23.0996820927 0 -0 0
42.7547676563 -23.0996820927 0 -0 0
-35.0547683239 -26.3417460918 0 -0 0
-31.8127043247 -26.3417460918 0 -0 0
-28.5706403255 -26.3417460918 0 -0 0
-25.3285763264 -26.3417460918 0 -0 0
-22.0865123272 -26.3417460918 0 -0 0
-18.844448328 -26.3417460918 -1.8176628148 -3.7445795614 1
-15.6023843288 -26.3417460918 -1.706752587 -4.3619571686 1
-12.3603203297 -26.3417460918 -0.7927305165 -4.740816092 1
-9.1182563305 -26.3417460918 0.2469655134 -4.3821074852 1
-5.8761923313 -26.3417460918 0.9669339376 -3.4973915555 1
-2.6341283321 -26.3417460918 1.8419405102 -2.2519915717 1
0.607935667 -26.3417460918 2.8246386223 -1.145755844 1
3.8499996662 -26.3417460918 3.4908448766 -0.9199502993 1
7.0920636654 -26.3417460918 3.7073554024 -1.6890257977 1
10.3341276646 -26.3417460918 3.4341283298 -2.7360821236 1
13.5761916637 -26.3417460918 3.0406639294 -4.1138207668 1
16.8182556629 -26.3417460918 1.8579086457 -5.1522459659 1
20.0603196621 -26.3417460918 0.360002989 -5.6948654638 1
23.3023836613 -26.3417460918 -1.5628296695 -4.6672651418 1
26.5444476604 -26.3417460918 0 -0 0
29.7865116596 -26.3417460918 0 -0 0
33.0285756588 -26.3417460918 0 -0 0
36.270639658 -26.3417460918 0 -0 0
39.5127036572 -26.3417460918 0 -0 0
42.7547676563 -26.3417460918 0 -0 0
-35.0547683239 -29.583810091 0 -0 0
-31.8127043247 -29.583810091 0 -0 0
-28.5706403255 -29.583810091 0 -0 0
-25.3285763264 -29.583810091 0 -0 0
-22.0865123272 -29.583810091 0 -0 0
-18.844448328 -29.583810091 0 -0 0
-15.6023843288 -29.583810091 -4.1760486377 -3.4842731366 1
-12.3603203297 -29.583810091 -2.2917322558 -3.0043966205 1
-9.1182563305 -29.583810091 -0.6036865954 -2.8835194802 1
-5.8761923313 -29.583810091 0.4131858857 -2.7500580542 1
-2.6341283321 -29.583810091 1.1313377967 -2.1437180414 1
0.607935667 -29.583810091 1.7670398849 -1.1704951313 1
3.8499996662 -29.583810091 1.9825455519 -1.1513748855 1
7.0920636654 -29.583810091 1.716034698 -2.0486815927 1
10.3341276646 -29.583810091 1.2986360597 -2.7981514756 1
13.5761916637 -29.583810091 0.7267254426 -3.2290233131 1
16.8182556629 -29.583810091 -0.320965072 -3.5560447501 1
20.0603196621 -29.583810091 -1.5208679095 -4.0170303444 1
23.3023836613 -29.583810091 0 -0 0
26.5444476604 -29.583810091 0 -0 0
29.7865116596 -29.583810091 0 -0 0
33.0285756588 -29.583810091 0 -0 0
36.270639658 -29.583810091 0 -0 0
39.5127036572 -29.583810091 0 -0 0
42.7547676563 -29.583810091 0 -0 0
-35.0547683239 -32.8258740902 0 -0 0
-31.8127043247 -32.8258740902 0 -0 0
-28.5706403255 -32.8258740902 0 -0 0
-25.3285763264 -32.8258740902 0 -0 0
-22.0865123272 -32.8258740902 0 -0 0
-18.844448328 -32.8258740902 0 -0 0
-15.6023843288 -32.8258740902 0 -0 0
-12.3603203297 -32.8258740902 0 -0 0
-9.1182563305 -32.8258740902 -0.5392967534 -1.9030419912 1
-5.8761923313 -32.8258740902 0.0369215814 -2.8438668119 1
-2.6341283321 -32.8258740902 0.1965341648 -3.0151478241 1
0.607935667 -32.8258740902 0.4854520026 -2.6031895539 1
3.8499996662 -32.8258740902 0.3256150348 -2.4806032781 1
7.0920636654 -32.8258740902 -0.0445519586 -2.9272329494 1
10.3341276646 -32.8258740902 -0.5657437419 -3.0052426584 1
13.5761916637 -32.8258740902 -1.0925184093 -2.6046367558 1
16.8182556629 -32.8258740902 -1.9248374318 -2.3809183009 1
20.0603196621 -32.8258740902 0 -0 0
23.3023836613 -32.8258740902 0 -0 0
26.5444476604 -32.8258740902 0 -0 0
29.7865116596 -32.8258740902 0 -0 0
33.0285756588 -32.8258740902 0 -0 0
36.270639658 -32.8258740902 0 -0 0
39.5127036572 -32.8258740902 0 -0 0
42.7547676563 -32.8258740902 0 -0 0
-35.0547683239 -36.0679380894 0 -0 0
-31.8127043247 -36.0679380894 0 -0 0
-28.5706403255 -36.0679380894 0 -0 0
-25.3285763264 -36.0679380894 0 -0 0
-22.0865123272 -36.0679380894 0 -0 0
-18.844448328 -36.0679380894 0 -0 0
-15.6023843288 -36.0679380894 0 -0 0
-12.3603203297 -36.0679380894 0 -0 0
-9.1182563305 -36.0679380894 0 -0 0
-5.8761923313 -36.0679380894 0 -0 0
-2.6341283321 -36.0679380894 0 -0 0
0.607935667 -36.0679380894 0 -0 0
3.8499996662 -36.0679380894 0 -0 0
7.0920636654 -36.0679380894 0 -0 0
10.3341276646 -36.0679380894 0 -0 0
13.5761916637 -36.0679380894 0 -0 0
16.8182556629 -36.0679380894 0 -0 0
20.0603196621 -36.0679380894 0 -0 0
23.3023836613 -36.0679380894 0 -0 0
26.5444476604 -36.0679380894 0 -0 0
29.7865116596 -36.0679380894 0 -0 0
33.0285756588 -36.0679380894 0 -0 0
36.270639658 -36.0679380894 0 -0 0
39.5127036572 -36.0679380894 0 -0 0
42.7547676563 -36.0679380894 0 -0 0
-35.0547683239 -39.3100020885 0 -0 0
-31.8127043247 -39.3100020885 0 -0 0
-28.5706403255 -39.3100020885 0 -0 0
-25.3285763264 -39.3100020885 0 -0 0
-22.0865123272 -39.3100020885 0 -0 0
-18.844448328 -39.3100020885 0 -0 0
-15.6023843288 -39.3100020885 0 -0 0
-12.3603203297 -39.3100020885 0 -0 0
-9.1182563305 -39.3100020885 0 -0 0
-5.8761923313 -39.3100020885 0 -0 0
-2.6341283321 -39.3100020885 0 -0 0
0.607935667 -39.3100020885 0 -0 0
3.8499996662 -39.3100020885 0 -0 0
7.0920636654 -39.3100020885 0 -0 0
10.3341276646 -39.3100020885 0 -0 0
13.5761916637 -39.3100020885 0 -0 0
16.8182556629 -39.3100020885 0 -0 0
20.0603196621 -39.3100020885 0 -0 0
23.3023836613 -39.3100020885 0 -0 0
26.5444476604 -39.3100020885 0 -0 0
29.7865116596 -39.3100020885 0 -0 0
33.0285756588 -39.3100020885 0 -0 0
36.270639658 -39.3100020885 0 -0 0
39.5127036572 -39.3100020885 0 -0 0
42.7547676563 -39.3100020885 0 -0 0
-35.0547683239 -42.5520660877 0 -0 0
-31.8127043247 -42.5520660877 0 -0 0
-28.5706403255 -42.5520660877 0 -0 0
-25.3285763264 -42.5520660877 0 -0 0
-22.0865123272 -42.5520660877 0 -0 0
-18.844448328 -42.5520660877 0 -0 0
-15.6023843288 -42.5520660877 0 -0 0
-12.3603203297 -42.5520660877 0 -0 0
-9.1182563305 -42.5520660877 0 -0 0
-5.8761923313 -42.5520660877 0 -0 0
-2.6341283321 -42.5520660877 0 -0 0
0.607935667 -42.5520660877 0 -0 0
3.8499996662 -42.5520660877 0 -0 0
7.0920636654 -42.5520660877 0 -0 0
10.3341276646 -42.5520660877 0 -0 0
13.5761916637 -42.5520660877 0 -0 0
16.8182556629 -42.5520660877 0 -0 0
20.0603196621 -42.5520660877 0 -0 0
23.3023836613 -42.5520660877 0 -0 0
26.5444476604 -42.5520660877 0 -0 0
29.7865116596 -42.5520660877 0 -0 0
33.0285756588 -42.5520660877 0 -0 0
36.270639658 -42.5520660877 0 -0 0
39.5127036572 -42.5520660877 0 -0 0
42.7547676563 -42.5520660877 0 -0 0
