TITLE = "B00080"
VARIABLES = "x", "y", "Vx", "Vy", "isValid"
ZONE T="Frame 0", I=25, J=25, F=POINT
-35.0547683239 35.2574698925 0 -0 0
-31.8127043247 35.2574698925 0 -0 0
-28.5706403255 35.2574698925 0 -0 0
-25.3285763264 35.2574698925 0 -0 0
-22.0865123272 35.2574698925 0 -0 0
-18.844448328 35.2574698925 0 -0 0
-15.6023843288 35.2574698925 0 -0 0
-12.3603203297 35.2574698925 0 -0 0
-9.1182563305 35.2574698925 0 -0 0
-5.8761923313 35.2574698925 0 -0 0
-2.6341283321 35.2574698925 0 -0 0
0.607935667 35.2574698925 0 -0 0
3.8499996662 35.2574698925 0 -0 0
7.0920636654 35.2574698925 0 -0 0
10.3341276646 35.2574698925 0 -0 0
13.5761916637 35.2574698925 0 -0 0
16.8182556629 35.2574698925 0 -0 0
20.0603196621 35.2574698925 0 -0 0
23.3023836613 35.2574698925 0 -0 0
26.5444476604 35.2574698925 0 -0 0
29.7865116596 35.2574698925 0 -0 0
33.0285756588 35.2574698925 0 -0 0
36.270639658 35.2574698925 0 -0 0
39.5127036572 35.2574698925 0 -0 0
42.7547676563 35.2574698925 0 -0 0
-35.0547683239 32.0154058933 0 -0 0
-31.8127043247 32.0154058933 0 -0 0
-28.5706403255 32.0154058933 0 -0 0
-25.3285763264 32.0154058933 0 -0 0
-22.0865123272 32.0154058933 0 -0 0
-18.844448328 32.0154058933 0 -0 0
-15.6023843288 32.0154058933 0 -0 0
-12.3603203297 32.0154058933 0 -0 0
-9.1182563305 32.0154058933 0 -0 0
-5.8761923313 32.0154058933 0 -0 0
-2.6341283321 32.0154058933 0 -0 0
0.607935667 32.0154058933 0 -0 0
3.8499996662 32.0154058933 0 -0 0
7.0920636654 32.0154058933 0 -0 0
10.3341276646 32.0154058933 0 -0 0
13.5761916637 32.0154058933 0 -0 0
16.8182556629 32.0154058933 0 -0 0
20.0603196621 32.0154058933 0 -0 0
23.3023836613 32.0154058933 0 -0 0
26.5444476604 32.0154058933 0 -0 0
29.7865116596 32.0154058933 0 -0 0
33.0285756588 32.0154058933 0 -0 0
36.270639658 32.0154058933 0 -0 0
39.5127036572 32.0154058933 0 -0 0
42.7547676563 32.0154058933 0 -0 0
-35.0547683239 28.7733418941 0 -0 0
-31.8127043247 28.7733418941 0 -0 0
-28.5706403255 28.7733418941 0 -0 0
-25.3285763264 28.7733418941 0 -0 0
-22.0865123272 28.7733418941 0 -0 0
-18.844448328 28.7733418941 0 -0 0
-15.6023843288 28.7733418941 0 -0 0
-12.3603203297 28.7733418941 0 -0 0
-9.1182563305 28.7733418941 0 -0 0
-5.8761923313 28.7733418941 0 -0 0
-2.6341283321 28.7733418941 0 -0 0
0.607935667 28.7733418941 0 -0 0
3.8499996662 28.7733418941 0 -0 0
7.0920636654 28.7733418941 0 -0 0
10.3341276646 28.7733418941 0 -0 0
13.5761916637 28.7733418941 0 -0 0
16.8182556629 28.7733418941 0 -0 0
20.0603196621 28.7733418941 0 -0 0
23.3023836613 28.7733418941 0 -0 0
26.5444476604 28.7733418941 0 -0 0
29.7865116596 28.7733418941 0 -0 0
33.0285756588 28.7733418941 0 -0 0
36.270639658 28.7733418941 0 -0 0
39.5127036572 28.7733418941 0 -0 0
42.7547676563 28.7733418941 0 -0 0
-35.0547683239 25.531277895 0 -0 0
-31.8127043247 25.531277895 0 -0 0
-28.5706403255 25.531277895 0 -0 0
-25.3285763264 25.531277895 0 -0 0
-22.0865123272 25.531277895 0 -0 0
-18.844448328 25.531277895 0 -0 0
-15.6023843288 25.531277895 0 -0 0
-12.3603203297 25.531277895 0 -0 0
-9.1182563305 25.531277895 10.5063381023 3.1179414321 1
-5.8761923313 25.531277895 7.0894487765 2.1689435287 1
-2.6341283321 25.531277895 2.3318965627 0.7565330315 1
0.607935667 25.531277895 -1.4345024437 0.3465431507 1
3.8499996662 25.531277895 -4.2040669258 0.1824613113 1
7.0920636654 25.531277895 -5.4104735289 -0.2915303422 1
10.3341276646 25.531277895 -6.305029103 -1.861722459 1
13.5761916637 25.531277895 -6.1902378801 -3.6924419459 1
16.8182556629 25.531277895 0 -0 0
20.0603196621 25.531277895 0 -0 0
23.3023836613 25.531277895 0 -0 0
26.5444476604 25.531277895 0 -0 0
29.7865116596 25.531277895 0 -0 0
33.0285756588 25.531277895 0 -0 0
36.270639658 25.531277895 0 -0 0
39.5127036572 25.531277895 0 -0 0
42.7547676563 25.531277895 0 -0 0
-35.0547683239 22.2892138958 0 -0 0
-31.8127043247 22.2892138958 0 -0 0
-28.5706403255 22.2892138958 0 -0 0
-25.3285763264 22.2892138958 0 -0 0
-22.0865123272 22.2892138958 0 -0 0
-18.844448328 22.2892138958 0 -0 0
-15.6023843288 22.2892138958 11.32152614 -3.0775085489 1
-12.3603203297 22.2892138958 11.3845556635 0.0348318826 1
-9.1182563305 22.2892138958 9.2814424606 1.4359442107 1
-5.8761923313 22.2892138958 5.4673120597 1.0202815807 1
-2.6341283321 22.2892138958 1.7158028075 0.198820328 1
0.607935667 22.2892138958 -1.5396303555 -0.033849568 1
3.8499996662 22.2892138958 -4.2020164463 -0.3756239305 1
7.0920636654 22.2892138958 -6.0619927821 -1.1280484544 1
10.3341276646 22.2892138958 -6.1940375023 -2.7092235898 1
13.5761916637 22.2892138958 -4.8423478897 -4.1931940401 1
16.8182556629 22.2892138958 -2.1709873655 -4.3366690286 1
20.0603196621 22.2892138958 -0.065770315 -4.253756104 1
23.3023836613 22.2892138958 0 -0 0
26.5444476604 22.2892138958 0 -0 0
29.7865116596 22.2892138958 0 -0 0
33.0285756588 22.2892138958 0 -0 0
36.270639658 22.2892138958 0 -0 0
39.5127036572 22.2892138958 0 -0 0
42.7547676563 22.2892138958 0 -0 0
-35.0547683239 19.0471498966 0 -0 0
-31.8127043247 19.0471498966 0 -0 0
-28.5706403255 19.0471498966 0 -0 0
-25.3285763264 19.0471498966 0 -0 0
-22.0865123272 19.0471498966 0 -0 0
-18.844448328 19.0471498966 9.0230590962 -5.3081361533 1
-15.6023843288 19.0471498966 9.0246340191 -3.9048110526 1
-12.3603203297 19.0471498966 8.2934815215 -2.011531862 1
-9.1182563305 19.0471498966 5.9483881863 -1.1687280232 1
-5.8761923313 19.0471498966 2.4848224469 -1.4617947153 1
-2.6341283321 19.0471498966 -0.4862399925 -1.5935062439 1
0.607935667 19.0471498966 -2.3309030267 -1.6556636116 1
3.8499996662 19.0471498966 -3.570136324 -1.4456846677 1
7.0920636654 19.0471498966 -4.2824332268 -1.3977327054 1
10.3341276646 19.0471498966 -3.250374448 -2.5279948383 1
13.5761916637 19.0471498966 -1.2589248149 -4.0565353637 1
16.8182556629 19.0471498966 0.3482436809 -4.6059956308 1
20.0603196621 19.0471498966 0.0518654349 -6.087027292 1
23.3023836613 19.0471498966 -0.8683339089 -9.460536793 1
26.5444476604 19.0471498966 0 -0 0
29.7865116596 19.0471498966 0 -0 0
33.0285756588 19.0471498966 0 -0 0
36.270639658 19.0471498966 0 -0 0
39.5127036572 19.0471498966 0 -0 0
42.7547676563 19.0471498966 0 -0 0
-35.0547683239 15.8050858974 0 -0 0
-31.8127043247 15.8050858974 0 -0 0
-28.5706403255 15.8050858974 0 -0 0
-25.3285763264 15.8050858974 0 -0 0
-22.0865123272 15.8050858974 10.3031984178 -0.7082121732 1
-18.844448328 15.8050858974 9.8641047342 -3.3054263955 1
-15.6023843288 15.8050858974 8.1760247658 -4.1118647948 1
-12.3603203297 15.8050858974 5.7219900074 -3.9468641498 1
-9.1182563305 15.8050858974 2.6165640185 -4.3291419481 1
-5.8761923313 15.8050858974 -0.3896898016 -4.3722735775 1
-2.6341283321 15.8050858974 -2.5956467725 -4.0309027093 1
0.607935667 15.8050858974 -2.8029118732 -4.0613727562 1
3.8499996662 15.8050858974 -2.2438130541 -2.9319996877 1
7.0920636654 15.8050858974 -1.354560314 -1.6215456678 1
10.3341276646 15.8050858974 0.561256563 -2.0699145177 1
13.5761916637 15.8050858974 2.5628964693 -4.0886500817 1
16.8182556629 15.8050858974 2.6706847809 -6.20645874 1
20.0603196621 15.8050858974 0.1192818836 -8.8604066443 1
23.3023836613 15.8050858974 -1.9942474159 -12.6023538864 1
26.5444476604 15.8050858974 -2.4481206453 -15.7822668417 1
29.7865116596 15.8050858974 0 -0 0
33.0285756588 15.8050858974 0 -0 0
36.270639658 15.8050858974 0 -0 0
39.5127036572 15.8050858974 0 -0 0
42.7547676563 15.8050858974 0 -0 0
-35.0547683239 12.5630218983 0 -0 0
-31.8127043247 12.5630218983 0 -0 0
-28.5706403255 12.5630218983 0 -0 0
-25.3285763264 12.5630218983 0 -0 0
-22.0865123272 12.5630218983 10.483226351 1.4519393699 1
-18.844448328 12.5630218983 10.9124157748 -2.499055782 1
-15.6023843288 12.5630218983 9.2743800669 -5.2354427147 1
-12.3603203297 12.5630218983 5.8044162034 -6.2222828498 1
-9.1182563305 12.5630218983 1.6499995054 -6.6687106738 1
-5.8761923313 12.5630218983 -1.7143770434 -6.7667490172 1
-2.6341283321 12.5630218983 -3.7401615647 -6.3663556809 1
0.607935667 12.5630218983 -3.2597294776 -6.0602536035 1
3.8499996662 12.5630218983 -1.9215497502 -4.4072461645 1
7.0920636654 12.5630218983 -0.2095624356 -2.5778126433 1
10.3341276646 12.5630218983 1.8265798794 -2.644616426 1
13.5761916637 12.5630218983 4.241519654 -4.8343238148 1
16.8182556629 12.5630218983 4.81224923 -7.8574519324 1
20.0603196621 12.5630218983 1.7494397597 -10.9405373266 1
23.3023836613 12.5630218983 -0.9040658014 -13.9450215099 1
26.5444476604 12.5630218983 -1.7820819682 -15.6828607068 1
29.7865116596 12.5630218983 -0.4446464114 -16.3194520104 1
33.0285756588 12.5630218983 0 -0 0
36.270639658 12.5630218983 0 -0 0
39.5127036572 12.5630218983 0 -0 0
42.7547676563 12.5630218983 0 -0 0
-35.0547683239 9.3209578991 0 -0 0
-31.8127043247 9.3209578991 0 -0 0
-28.5706403255 9.3209578991 0 -0 0
-25.3285763264 9.3209578991 8.0189944502 6.5112727382 1
-22.0865123272 9.3209578991 8.7095769835 2.5056560554 1
-18.844448328 9.3209578991 9.465824983 -2.9259877459 1
-15.6023843288 9.3209578991 8.755005778 -6.8463581062 1
-12.3603203297 9.3209578991 6.0317334899 -7.8801904849 1
-9.1182563305 9.3209578991 1.7239597363 -7.7224016943 1
-5.8761923313 9.3209578991 -2.1778895797 -7.7988548988 1
-2.6341283321 9.3209578991 -4.5311958537 -7.6369995704 1
0.607935667 9.3209578991 -4.201462687 -6.9305107994 1
3.8499996662 9.3209578991 -2.9045526715 -5.041754379 1
7.0920636654 9.3209578991 -0.7533477832 -3.8196764482 1
10.3341276646 9.3209578991 1.5745964508 -4.3573616307 1
13.5761916637 9.3209578991 4.8905358186 -6.7217556212 1
16.8182556629 9.3209578991 7.2001758772 -9.7781428122 1
20.0603196621 9.3209578991 5.099065749 -12.3684331562 1
23.3023836613 9.3209578991 2.4201271164 -13.997207738 1
26.5444476604 9.3209578991 0.7166252987 -15.0875978426 1
29.7865116596 9.3209578991 1.5998796088 -16.7388114517 1
33.0285756588 9.3209578991 0 -0 0
36.270639658 9.3209578991 0 -0 0
39.5127036572 9.3209578991 0 -0 0
42.7547676563 9.3209578991 0 -0 0
-35.0547683239 6.0788938999 0 -0 0
-31.8127043247 6.0788938999 0 -0 0
-28.5706403255 6.0788938999 0 -0 0
-25.3285763264 6.0788938999 6.4424374983 6.6735048887 1
-22.0865123272 6.0788938999 5.7096973964 1.8908629099 1
-18.844448328 6.0788938999 5.4693133228 -4.464570216 1
-15.6023843288 6.0788938999 5.3781157486 -8.9028812507 1
-12.3603203297 6.0788938999 4.2990004128 -9.7081034326 1
-9.1182563305 6.0788938999 1.4046251065 -8.9705262402 1
-5.8761923313 6.0788938999 -2.1160241886 -8.5598530298 1
-2.6341283321 6.0788938999 -4.7082871114 -7.9191329887 1
0.607935667 6.0788938999 -5.0006711155 -6.4309027585 1
3.8499996662 6.0788938999 -3.3721728095 -4.9831461736 1
7.0920636654 6.0788938999 -0.3073600945 -4.9633901916 1
10.3341276646 6.0788938999 3.0844740196 -6.0922780413 1
13.5761916637 6.0788938999 6.778650313 -7.9029755363 1
16.8182556629 6.0788938999 9.4848206782 -10.2817364707 1
20.0603196621 6.0788938999 8.3766981984 -12.3142215097 1
23.3023836613 6.0788938999 6.0728294349 -13.1893918851 1
26.5444476604 6.0788938999 4.3113959856 -13.7699598978 1
29.7865116596 6.0788938999 4.4444129548 -16.0071631675 1
33.0285756588 6.0788938999 4.4372095548 -18.7100786116 1
36.270639658 6.0788938999 0 -0 0
39.5127036572 6.0788938999 0 -0 0
42.7547676563 6.0788938999 0 -0 0
-35.0547683239 2.8368299007 0 -0 0
-31.8127043247 2.8368299007 0 -0 0
-28.5706403255 2.8368299007 5.2217382289 8.8913350371 1
-25.3285763264 2.8368299007 4.0889918786 6.1874086955 1
-22.0865123272 2.8368299007 2.5827382024 0.9707965899 1
-18.844448328 2.8368299007 1.8212399066 -5.3917115358 1
-15.6023843288 2.8368299007 2.3434036749 -9.7541210116 1
-12.3603203297 2.8368299007 2.7282666897 -10.9704813927 1
-9.1182563305 2.8368299007 1.6152932302 -10.5552573316 1
-5.8761923313 2.8368299007 -0.818006579 -9.4934543714 1
-2.6341283321 2.8368299007 -3.0778609137 -7.6051726019 1
0.607935667 2.8368299007 -3.6816348832 -5.3330818925 1
3.8499996662 2.8368299007 -1.8377900329 -4.2278982018 1
7.0920636654 2.8368299007 1.7368811389 -4.9457903684 1
10.3341276646 2.8368299007 6.3095467402 -6.0868243878 1
13.5761916637 2.8368299007 10.0609036633 -7.4271344581 1
16.8182556629 2.8368299007 11.740943554 -9.4169262856 1
20.0603196621 2.8368299007 10.0689056965 -11.0502191085 1
23.3023836613 2.8368299007 7.3652408356 -11.3866970272 1
26.5444476604 2.8368299007 5.9596517833 -11.6598036254 1
29.7865116596 2.8368299007 5.5947721118 -14.040769331 1
33.0285756588 2.8368299007 5.4794561158 -17.3191451584 1
36.270639658 2.8368299007 0 -0 0
39.5127036572 2.8368299007 0 -0 0
42.7547676563 2.8368299007 0 -0 0
-35.0547683239 -0.4052340984 0 -0 0
-31.8127043247 -0.4052340984 0 -0 0
-28.5706403255 -0.4052340984 2.977526613 8.7547612061 1
-25.3285763264 -0.4052340984 1.4202991517 6.2531091867 1
-22.0865123272 -0.4052340984 0.2657658152 1.369736308 1
-18.844448328 -0.4052340984 0.3567076834 -4.3864252376 1
-15.6023843288 -0.4052340984 1.9136096148 -8.7708214335 1
-12.3603203297 -0.4052340984 3.1025678179 -10.942420229 1
-9.1182563305 -0.4052340984 2.508393752 -11.1342045265 1
-5.8761923313 -0.4052340984 0.7001289179 -9.5536685996 1
-2.6341283321 -0.4052340984 -0.7331303603 -6.8962362993 1
0.607935667 -0.4052340984 -0.8851925431 -4.7311648585 1
3.8499996662 -0.4052340984 0.7394300517 -4.5552822696 1
7.0920636654 -0.4052340984 3.3766753496 -5.2630551945 1
10.3341276646 -0.4052340984 7.8522283578 -5.3323771629 1
13.5761916637 -0.4052340984 11.1785185558 -5.656916949 1
16.8182556629 -0.4052340984 11.6200658098 -7.7102854166 1
20.0603196621 -0.4052340984 8.9986713434 -9.3494226043 1
23.3023836613 -0.4052340984 5.9203614438 -9.6515783163 1
26.5444476604 -0.4052340984 4.9023924272 -10.1790645448 1
29.7865116596 -0.4052340984 4.3361050033 -13.5230774559 1
33.0285756588 -0.4052340984 4.3435270084 -17.4085775872 1
36.270639658 -0.4052340984 0 -0 0
39.5127036572 -0.4052340984 0 -0 0
42.7547676563 -0.4052340984 0 -0 0
-35.0547683239 -3.6472980976 0 -0 0
-31.8127043247 -3.6472980976 0 -0 0
-28.5706403255 -3.6472980976 0.7213583706 7.0549973392 1
-25.3285763264 -3.6472980976 -0.6440221404 6.3615548233 1
-22.0865123272 -3.6472980976 -1.1621191445 3.4871690501 1
-18.844448328 -3.6472980976 -0.015489425 -1.3061338519 1
-15.6023843288 -3.6472980976 2.3394829745 -6.360302977 1
-12.3603203297 -3.6472980976 3.6863801838 -9.5769609114 1
-9.1182563305 -3.6472980976 2.5094435999 -10.0594283809 1
-5.8761923313 -3.6472980976 0.4916400137 -8.1446464812 1
-2.6341283321 -3.6472980976 -0.1825665188 -5.5117704167 1
0.607935667 -3.6472980976 0.3772450125 -4.6864830654 1
3.8499996662 -3.6472980976 1.427618648 -5.6291136426 1
7.0920636654 -3.6472980976 2.4024347483 -5.98561929 1
10.3341276646 -3.6472980976 5.3578512984 -4.6940493982 1
13.5761916637 -3.6472980976 8.469666957 -4.2443817502 1
16.8182556629 -3.6472980976 8.882079346 -6.4330628425 1
20.0603196621 -3.6472980976 6.4531666602 -8.4690739454 1
23.3023836613 -3.6472980976 3.5517463219 -9.4113440054 1
26.5444476604 -3.6472980976 2.6653600561 -10.8293929438 1
29.7865116596 -3.6472980976 2.2588838218 -14.9068609525 1
33.0285756588 -3.6472980976 2.3300492893 -18.6266161549 1
36.270639658 -3.6472980976 0 -0 0
39.5127036572 -3.6472980976 0 -0 0
42.7547676563 -3.6472980976 0 -0 0
-35.0547683239 -6.8893620968 0 -0 0
-31.8127043247 -6.8893620968 0 -0 0
-28.5706403255 -6.8893620968 -1.1982331429 4.145598519 1
-25.3285763264 -6.8893620968 -1.6809375604 5.9867769307 1
-22.0865123272 -6.8893620968 -1.9427397997 6.0642301629 1
-18.844448328 -6.8893620968 -1.2564599218 2.6131931522 1
-15.6023843288 -6.8893620968 0.8734241012 -2.9667295144 1
-12.3603203297 -6.8893620968 2.1962992079 -7.0458056595 1
-9.1182563305 -6.8893620968 0.5786032467 -7.8980973819 1
-5.8761923313 -6.8893620968 -1.9262262082 -6.1188385595 1
-2.6341283321 -6.8893620968 -2.4136879283 -3.8086015642 1
0.607935667 -6.8893620968 -1.1959772683 -4.4287947686 1
3.8499996662 -6.8893620968 0.1205121977 -6.4427442701 1
7.0920636654 -6.8893620968 0.5664826664 -6.5642138181 1
10.3341276646 -6.8893620968 2.0375615685 -4.4750095148 1
13.5761916637 -6.8893620968 4.4913170317 -3.3662209538 1
16.8182556629 -6.8893620968 5.3062725751 -5.7707214296 1
20.0603196621 -6.8893620968 4.2161104357 -8.5414775208 1
23.3023836613 -6.8893620968 2.1880648313 -10.1693746629 1
26.5444476604 -6.8893620968 1.3382399646 -11.7246810262 1
29.7865116596 -6.8893620968 0.8364998448 -15.1941708427 1
33.0285756588 -6.8893620968 0.7561776472 -18.2646302833 1
36.270639658 -6.8893620968 0 -0 0
39.5127036572 -6.8893620968 0 -0 0
42.7547676563 -6.8893620968 0 -0 0
-35.0547683239 -10.131426096 0 -0 0
-31.8127043247 -10.131426096 0 -0 0
-28.5706403255 -10.131426096 -3.7711980523 1.5846601353 1
-25.3285763264 -10.131426096 -3.1149697314 5.0868679474 1
-22.0865123272 -10.131426096 -2.962849576 7.4389475872 1
-18.844448328 -10.131426096 -3.2271168594 5.3975601277 1
-15.6023843288 -10.131426096 -2.067131832 0.0492702873 1
-12.3603203297 -10.131426096 -0.839965294 -4.4078729935 1
-9.1182563305 -10.131426096 -1.7457832575 -5.5048203449 1
-5.8761923313 -10.131426096 -3.8326774122 -3.868435649 1
-2.6341283321 -10.131426096 -4.3931114131 -1.7711988165 1
0.607935667 -10.131426096 -3.3365326315 -2.3594620907 1
3.8499996662 -10.131426096 -1.2968389085 -3.9445494721 1
7.0920636654 -10.131426096 0.1259702105 -4.1939497978 1
10.3341276646 -10.131426096 1.2120271542 -2.8628555625 1
13.5761916637 -10.131426096 2.2386664744 -2.1912169415 1
16.8182556629 -10.131426096 2.6413636185 -4.2101993421 1
20.0603196621 -10.131426096 2.1340322357 -7.3418676036 1
23.3023836613 -10.131426096 0.9361676114 -9.7256866491 1
26.5444476604 -10.131426096 0.2111942554 -11.3253245544 1
29.7865116596 -10.131426096 -0.3631748387 -13.6656864783 1
33.0285756588 -10.131426096 -0.5731366475 -15.9359148172 1
36.270639658 -10.131426096 0 -0 0
39.5127036572 -10.131426096 0 -0 0
42.7547676563 -10.131426096 0 -0 0
-35.0547683239 -13.3734900951 0 -0 0
-31.8127043247 -13.3734900951 0 -0 0
-28.5706403255 -13.3734900951 0 -0 0
-25.3285763264 -13.3734900951 -3.6596224982 6.6607974111 1
-22.0865123272 -13.3734900951 -4.014928233 9.0380625311 1
-18.844448328 -13.3734900951 -5.2942957941 7.1034020615 1
-15.6023843288 -13.3734900951 -5.4117761012 2.0184306038 1
-12.3603203297 -13.3734900951 -4.4473438935 -2.7766264229 1
-9.1182563305 -13.3734900951 -4.1647593758 -4.2637059569 1
-5.8761923313 -13.3734900951 -4.6626004595 -2.4544061455 1
-2.6341283321 -13.3734900951 -4.4310427174 0.3612918231 1
0.607935667 -13.3734900951 -3.4888910181 1.2401030375 1
3.8499996662 -13.3734900951 -1.1979355049 0.8761316037 1
7.0920636654 -13.3734900951 0.9916302738 0.398587542 1
10.3341276646 -13.3734900951 2.1977184803 0.505448254 1
13.5761916637 -13.3734900951 2.1618548662 0.3417421421 1
16.8182556629 -13.3734900951 1.5625488647 -1.6651948237 1
20.0603196621 -13.3734900951 0.6488811216 -5.1502809357 1
23.3023836613 -13.3734900951 -0.2371488163 -8.2104496323 1
26.5444476604 -13.3734900951 -0.6818610508 -10.1070196749 1
29.7865116596 -13.3734900951 -1.1576423448 -11.8497195136 1
33.0285756588 -13.3734900951 -1.5856731465 -13.7065559678 1
36.270639658 -13.3734900951 0 -0 0
39.5127036572 -13.3734900951 0 -0 0
42.7547676563 -13.3734900951 0 -0 0
-35.0547683239 -16.6155540943 0 -0 0
-31.8127043247 -16.6155540943 0 -0 0
-28.5706403255 -16.6155540943 0 -0 0
-25.3285763264 -16.6155540943 -3.2747271757 9.6780470446 1
-22.0865123272 -16.6155540943 -4.641369497 9.8930705123 1
-18.844448328 -16.6155540943 -6.7934272924 6.9950409684 1
-15.6023843288 -16.6155540943 -8.7270521052 2.092684925 1
-12.3603203297 -16.6155540943 -8.7682150811 -2.5514136633 1
-9.1182563305 -16.6155540943 -7.9130887391 -4.1017090183 1
-5.8761923313 -16.6155540943 -6.4521956188 -2.1068109201 1
-2.6341283321 -16.6155540943 -4.6302774024 1.3642568386 1
0.607935667 -16.6155540943 -3.5080627448 3.9382195866 1
3.8499996662 -16.6155540943 -1.3181385625 5.0750071116 1
7.0920636654 -16.6155540943 1.2227241595 4.644609623 1
10.3341276646 -16.6155540943 2.7952141962 3.5152084741 1
13.5761916637 -16.6155540943 2.6162934797 2.0909543517 1
16.8182556629 -16.6155540943 1.4827335501 -0.3402971292 1
20.0603196621 -16.6155540943 0.3255420406 -3.6182859064 1
23.3023836613 -16.6155540943 -0.2742727688 -6.4026743197 1
26.5444476604 -16.6155540943 -0.2861313778 -8.187063115 1
29.7865116596 -16.6155540943 -0.6049821853 -10.031877497 1
33.0285756588 -16.6155540943 0 -0 0
36.270639658 -16.6155540943 0 -0 0
39.5127036572 -16.6155540943 0 -0 0
42.7547676563 -16.6155540943 0 -0 0
-35.0547683239 -19.8576180935 0 -0 0
-31.8127043247 -19.8576180935 0 -0 0
-28.5706403255 -19.8576180935 0 -0 0
-25.3285763264 -19.8576180935 0 -0 0
-22.0865123272 -19.8576180935 -5.5011439146 7.8062119866 1
-18.844448328 -19.8576180935 -8.146063791 4.4763172202 1
-15.6023843288 -19.8576180935 -10.5856796718 1.0468759918 1
-12.3603203297 -19.8576180935 -11.664604483 -2.5821500219 1
-9.1182563305 -19.8576180935 -11.3436958361 -4.5186758813 1
-5.8761923313 -19.8576180935 -9.2316524341 -3.101410781 1
-2.6341283321 -19.8576180935 -6.4306750952 0.7557310769 1
0.607935667 -19.8576180935 -5.1423948477 4.2607061758 1
3.8499996662 -19.8576180935 -3.4561235043 6.2785935882 1
7.0920636654 -19.8576180935 -0.8926430816 6.151878122 1
10.3341276646 -19.8576180935 1.2087484553 4.6247292414 1
13.5761916637 -19.8576180935 1.8115091117 2.2617996634 1
16.8182556629 -19.8576180935 1.2924651461 -0.7602293144 1
20.0603196621 -19.8576180935 0.6395453407 -3.4023315554 1
23.3023836613 -19.8576180935 0.4593943667 -5.3602601815 1
26.5444476604 -19.8576180935 0.5962714972 -6.5819745757 1
29.7865116596 -19.8576180935 0.7967436108 -8.12560006 1
33.0285756588 -19.8576180935 0 -0 0
36.270639658 -19.8576180935 0 -0 0
39.5127036572 -19.8576180935 0 -0 0
42.7547676563 -19.8576180935 0 -0 0
-35.0547683239 -23.0996820927 0 -0 0
-31.8127043247 -23.0996820927 0 -0 0
-28.5706403255 -23.0996820927 0 -0 0
-25.3285763264 -23.0996820927 0 -0 0
-22.0865123272 -23.0996820927 -8.0371090824 2.9807600963 1
-18.844448328 -23.0996820927 -10.3140803617 1.0586659469 1
-15.6023843288 -23.0996820927 -11.4470936276 -0.081747839 1
-12.3603203297 -23.0996820927 -12.054184114 -1.8413070385 1
-9.1182563305 -23.0996820927 -12.6443695429 -3.7871408248 1
-5.8761923313 -23.0996820927 -11.7718900633 -3.5154294947 1
-2.6341283321 -23.0996820927 -9.5523183207 -0.3436530872 1
0.607935667 -23.0996820927 -8.1590943452 3.1307790461 1
3.8499996662 -23.0996820927 -6.9175593537 5.418048014 1
7.0920636654 -23.0996820927 -4.9390051563 5.9886272235 1
10.3341276646 -23.0996820927 -2.989523624 5.1802485531 1
13.5761916637 -23.0996820927 -1.6813540877 3.0039479366 1
16.8182556629 -23.0996820927 -0.9328008968 -0.1715044861 1
20.0603196621 -23.0996820927 -0.4509518396 -2.7888459643 1
23.3023836613 -23.0996820927 -0.0033194692 -4.4043816528 1
26.5444476604 -23.0996820927 0.5148736358 -5.1808469997 1
29.7865116596 -23.0996820927 0 -0 0
33.0285756588 -23.0996820927 0 -0 0
36.270639658 -23.0996820927 0 -0 0
39.5127036572 -23.0996820927 0 -0 0
42.7547676563 -23.0996820927 0 -0 0
-35.0547683239 -26.3417460918 0 -0 0
-31.8127043247 -26.3417460918 0 -0 0
-28.5706403255 -26.3417460918 0 -0 0
-25.3285763264 -26.3417460918 0 -0 0
-22.0865123272 -26.3417460918 0 -0 0
-18.844448328 -26.3417460918 -12.5293627343 -0.8319914923 1
-15.6023843288 -26.3417460918 -11.3085257799 -0.1075442114 1
-12.3603203297 -26.3417460918 -10.9647541809 -0.8864378977 1
-9.1182563305 -26.3417460918 -11.8337528878 -2.4593982826 1
-5.8761923313 -26.3417460918 -12.7602121235 -2.3929014227 1
-2.6341283321 -26.3417460918 -12.1484584643 -0.0293491768 1
0.607935667 -26.3417460918 -11.3830870238 2.4308843588 1
3.8499996662 -26.3417460918 -10.6668268469 4.0290714388 1
7.0920636654 -26.3417460918 -9.7146996298 4.8062457425 1
10.3341276646 -26.3417460918 -8.6770156952 4.936276216 1
13.5761916637 -26.3417460918 -7.411189572 3.9420500067 1
16.8182556629 -26.3417460918 -5.9504516492 1.8111741085 1
20.0603196621 -26.3417460918 -4.0486725252 -0.9120870078 1
23.3023836613 -26.3417460918 -2.4538961676 -3.3003281263 1
26.5444476604 -26.3417460918 0 -0 0
29.7865116596 -26.3417460918 0 -0 0
33.0285756588 -26.3417460918 0 -0 0
36.270639658 -26.3417460918 0 -0 0
39.5127036572 -26.3417460918 0 -0 0
42.7547676563 -26.3417460918 0 -0 0
-35.0547683239 -29.583810091 0 -0 0
-31.8127043247 -29.583810091 0 -0 0
-28.5706403255 -29.583810091 0 -0 0
-25.3285763264 -29.583810091 0 -0 0
-22.0865123272 -29.583810091 0 -0 0
-18.844448328 -29.583810091 0 -0 0
-15.6023843288 -29.583810091 -11.7014835238 0.2385838274 1
-12.3603203297 -29.583810091 -10.7543703345 -0.9742541887 1
-9.1182563305 -29.583810091 -11.424258454 -1.9469653092 1
-5.8761923313 -29.583810091 -12.8693806061 -1.3264457068 1
-2.6341283321 -29.583810091 -12.9519976287 0.8671630582 1
0.607935667 -29.583810091 -12.5721332426 2.433883838 1
3.8499996662 -29.583810091 -12.4071069326 3.1003820689 1
7.0920636654 -29.583810091 -12.819736719 3.7011031157 1
10.3341276646 -29.583810091 -13.112213419 4.440917387 1
13.5761916637 -29.583810091 -12.2286889474 4.8407482078 1
16.8182556629 -29.583810091 -10.6870580836 4.0707631129 1
20.0603196621 -29.583810091 -8.2479959621 2.0709959185 1
23.3023836613 -29.583810091 0 -0 0
26.5444476604 -29.583810091 0 -0 0
29.7865116596 -29.583810091 0 -0 0
33.0285756588 -29.583810091 0 -0 0
36.270639658 -29.583810091 0 -0 0
39.5127036572 -29.583810091 0 -0 0
42.7547676563 -29.583810091 0 -0 0
-35.0547683239 -32.8258740902 0 -0 0
-31.8127043247 -32.8258740902 0 -0 0
-28.5706403255 -32.8258740902 0 -0 0
-25.3285763264 -32.8258740902 0 -0 0
-22.0865123272 -32.8258740902 0 -0 0
-18.844448328 -32.8258740902 0 -0 0
-15.6023843288 -32.8258740902 0 -0 0
-12.3603203297 -32.8258740902 0 -0 0
-9.1182563305 -32.8258740902 -11.8670038088 -1.7036854731 1
-5.8761923313 -32.8258740902 -12.4656315005 -0.5388157995 1
-2.6341283321 -32.8258740902 -12.0850279635 1.2518145636 1
0.607935667 -32.8258740902 -11.312901505 2.2563674478 1
3.8499996662 -32.8258740902 -11.3519170784 2.6065347553 1
7.0920636654 -32.8258740902 -12.6046969465 2.8298513271 1
10.3341276646 -32.8258740902 -14.2319231762 3.2724816424 1
13.5761916637 -32.8258740902 -14.1905790359 4.0464173298 1
16.8182556629 -32.8258740902 0 -0 0
20.0603196621 -32.8258740902 0 -0 0
23.3023836613 -32.8258740902 0 -0 0
26.5444476604 -32.8258740902 0 -0 0
29.7865116596 -32.8258740902 0 -0 0
33.0285756588 -32.8258740902 0 -0 0
36.270639658 -32.8258740902 0 -0 0
39.5127036572 -32.8258740902 0 -0 0
42.7547676563 -32.8258740902 0 -0 0
-35.0547683239 -36.0679380894 0 -0 0
-31.8127043247 -36.0679380894 0 -0 0
-28.5706403255 -36.0679380894 0 -0 0
-25.3285763264 -36.0679380894 0 -0 0
-22.0865123272 -36.0679380894 0 -0 0
-18.844448328 -36.0679380894 0 -0 0
-15.6023843288 -36.0679380894 0 -0 0
-12.3603203297 -36.0679380894 0 -0 0
-9.1182563305 -36.0679380894 0 -0 0
-5.8761923313 -36.0679380894 0 -0 0
-2.6341283321 -36.0679380894 0 -0 0
0.607935667 -36.0679380894 0 -0 0
3.8499996662 -36.0679380894 0 -0 0
7.0920636654 -36.0679380894 0 -0 0
10.3341276646 -36.0679380894 0 -0 0
13.5761916637 -36.0679380894 0 -0 0
16.8182556629 -36.0679380894 0 -0 0
20.0603196621 -36.0679380894 0 -0 0
23.3023836613 -36.0679380894 0 -0 0
26.5444476604 -36.0679380894 0 -0 0
29.7865116596 -36.0679380894 0 -0 0
33.0285756588 -36.0679380894 0 -0 0
36.270639658 -36.0679380894 0 -0 0
39.5127036572 -36.0679380894 0 -0 0
42.7547676563 -36.0679380894 0 -0 0
-35.0547683239 -39.3100020885 0 -0 0
-31.8127043247 -39.3100020885 0 -0 0
-28.5706403255 -39.3100020885 0 -0 0
-25.3285763264 -39.3100020885 0 -0 0
-22.0865123272 -39.3100020885 0 -0 0
-18.844448328 -39.3100020885 0 -0 0
-15.6023843288 -39.3100020885 0 -0 0
-12.3603203297 -39.3100020885 0 -0 0
-9.1182563305 -39.3100020885 0 -0 0
-5.8761923313 -39.3100020885 0 -0 0
-2.6341283321 -39.3100020885 0 -0 0
0.607935667 -39.3100020885 0 -0 0
3.8499996662 -39.3100020885 0 -0 0
7.0920636654 -39.3100020885 0 -0 0
10.3341276646 -39.3100020885 0 -0 0
13.5761916637 -39.3100020885 0 -0 0
16.8182556629 -39.3100020885 0 -0 0
20.0603196621 -39.3100020885 0 -0 0
23.3023836613 -39.3100020885 0 -0 0
26.5444476604 -39.3100020885 0 -0 0
29.7865116596 -39.3100020885 0 -0 0
33.0285756588 -39.3100020885 0 -0 0
36.270639658 -39.3100020885 0 -0 0
39.5127036572 -39.3100020885 0 -0 0
42.7547676563 -39.3100020885 0 -0 0
-35.0547683239 -42.5520660877 0 -0 0
-31.8127043247 -42.5520660877 0 -0 0
-28.5706403255 -42.5520660877 0 -0 0
-25.3285763264 -42.5520660877 0 -0 0
-22.0865123272 -42.5520660877 0 -0 0
-18.844448328 -42.5520660877 0 -0 0
-15.6023843288 -42.5520660877 0 -0 0
-12.3603203297 -42.5520660877 0 -0 0
-9.1182563305 -42.5520660877 0 -0 0
-5.8761923313 -42.5520660877 0 -0 0
-2.6341283321 -42.5520660877 0 -0 0
0.607935667 -42.5520660877 0 -0 0
3.8499996662 -42.5520660877 0 -0 0
7.0920636654 -42.5520660877 0 -0 0
10.3341276646 -42.5520660877 0 -0 0
13.5761916637 -42.5520660877 0 -0 0
16.8182556629 -42.5520660877 0 -0 0
20.0603196621 -42.5520660877 0 -0 0
23.3023836613 -42.5520660877 0 -0 0
26.5444476604 -42.5520660877 0 -0 0
29.7865116596 -42.5520660877 0 -0 0
33.0285756588 -42.5520660877 0 -0 0
36.270639658 -42.5520660877 0 -0 0
39.5127036572 -42.5520660877 0 -0 0
42.7547676563 -42.5520660877 0 -0 0
