TITLE = "B00080"
VARIABLES = "x", "y", "Vx", "Vy", "isValid"
ZONE T="Frame 0", I=25, J=25, F=POINT
-35.0547683239 35.2574698925 0 -0 0
-31.8127043247 35.2574698925 0 -0 0
-28.5706403255 35.2574698925 0 -0 0
-25.3285763264 35.2574698925 0 -0 0
-22.0865123272 35.2574698925 0 -0 0
-18.844448328 35.2574698925 0 -0 0
-15.6023843288 35.2574698925 0 -0 0
-12.3603203297 35.2574698925 0 -0 0
-9.1182563305 35.2574698925 0 -0 0
-5.8761923313 35.2574698925 0 -0 0
-2.6341283321 35.2574698925 0 -0 0
0.607935667 35.2574698925 0 -0 0
3.8499996662 35.2574698925 0 -0 0
7.0920636654 35.2574698925 0 -0 0
10.3341276646 35.2574698925 0 -0 0
13.5761916637 35.2574698925 0 -0 0
16.8182556629 35.2574698925 0 -0 0
20.0603196621 35.2574698925 0 -0 0
23.3023836613 35.2574698925 0 -0 0
26.5444476604 35.2574698925 0 -0 0
29.7865116596 35.2574698925 0 -0 0
33.0285756588 35.2574698925 0 -0 0
36.270639658 35.2574698925 0 -0 0
39.5127036572 35.2574698925 0 -0 0
42.7547676563 35.2574698925 0 -0 0
-35.0547683239 32.0154058933 0 -0 0
-31.8127043247 32.0154058933 0 -0 0
-28.5706403255 32.0154058933 0 -0 0
-25.3285763264 32.0154058933 0 -0 0
-22.0865123272 32.0154058933 0 -0 0
-18.844448328 32.0154058933 0 -0 0
-15.6023843288 32.0154058933 0 -0 0
-12.3603203297 32.0154058933 0 -0 0
-9.1182563305 32.0154058933 0 -0 0
-5.8761923313 32.0154058933 0 -0 0
-2.6341283321 32.0154058933 0 -0 0
0.607935667 32.0154058933 0 -0 0
3.8499996662 32.0154058933 0 -0 0
7.0920636654 32.0154058933 0 -0 0
10.3341276646 32.0154058933 0 -0 0
13.5761916637 32.0154058933 0 -0 0
16.8182556629 32.0154058933 0 -0 0
20.0603196621 32.0154058933 0 -0 0
23.3023836613 32.0154058933 0 -0 0
26.5444476604 32.0154058933 0 -0 0
29.7865116596 32.0154058933 0 -0 0
33.0285756588 32.0154058933 0 -0 0
36.270639658 32.0154058933 0 -0 0
39.5127036572 32.0154058933 0 -0 0
42.7547676563 32.0154058933 0 -0 0
-35.0547683239 28.7733418941 0 -0 0
-31.8127043247 28.7733418941 0 -0 0
-28.5706403255 28.7733418941 0 -0 0
-25.3285763264 28.7733418941 0 -0 0
-22.0865123272 28.7733418941 0 -0 0
-18.844448328 28.7733418941 0 -0 0
-15.6023843288 28.7733418941 0 -0 0
-12.3603203297 28.7733418941 0 -0 0
-9.1182563305 28.7733418941 0 -0 0
-5.8761923313 28.7733418941 0 -0 0
-2.6341283321 28.7733418941 0 -0 0
0.607935667 28.7733418941 0 -0 0
3.8499996662 28.7733418941 0 -0 0
7.0920636654 28.7733418941 0 -0 0
10.3341276646 28.7733418941 0 -0 0
13.5761916637 28.7733418941 0 -0 0
16.8182556629 28.7733418941 0 -0 0
20.0603196621 28.7733418941 0 -0 0
23.3023836613 28.7733418941 0 -0 0
26.5444476604 28.7733418941 0 -0 0
29.7865116596 28.7733418941 0 -0 0
33.0285756588 28.7733418941 0 -0 0
36.270639658 28.7733418941 0 -0 0
39.5127036572 28.7733418941 0 -0 0
42.7547676563 28.7733418941 0 -0 0
-35.0547683239 25.531277895 0 -0 0
-31.8127043247 25.531277895 0 -0 0
-28.5706403255 25.531277895 0 -0 0
-25.3285763264 25.531277895 0 -0 0
-22.0865123272 25.531277895 0 -0 0
-18.844448328 25.531277895 0 -0 0
-15.6023843288 25.531277895 0 -0 0
-12.3603203297 25.531277895 0 -0 0
-9.1182563305 25.531277895 13.4992205149 0.7704652561 1
-5.8761923313 25.531277895 10.5632925783 2.1320531652 1
-2.6341283321 25.531277895 7.7043879103 2.3574775852 1
0.607935667 25.531277895 7.7463250622 1.9037800853 1
3.8499996662 25.531277895 8.8921883216 0.0852455204 1
7.0920636654 25.531277895 9.5028266117 -2.0134540167 1
10.3341276646 25.531277895 7.8415885703 -5.2253409857 1
13.5761916637 25.531277895 5.6317634745 -8.9035044563 1
16.8182556629 25.531277895 3.6321745761 -12.0403854227 1
20.0603196621 25.531277895 0 -0 0
23.3023836613 25.531277895 0 -0 0
26.5444476604 25.531277895 0 -0 0
29.7865116596 25.531277895 0 -0 0
33.0285756588 25.531277895 0 -0 0
36.270639658 25.531277895 0 -0 0
39.5127036572 25.531277895 0 -0 0
42.7547676563 25.531277895 0 -0 0
-35.0547683239 22.2892138958 0 -0 0
-31.8127043247 22.2892138958 0 -0 0
-28.5706403255 22.2892138958 0 -0 0
-25.3285763264 22.2892138958 0 -0 0
-22.0865123272 22.2892138958 0 -0 0
-18.844448328 22.2892138958 0 -0 0
-15.6023843288 22.2892138958 16.3525435066 -5.7263282918 1
-12.3603203297 22.2892138958 17.9527931438 -2.90212537 1
-9.1182563305 22.2892138958 17.8641916559 -0.8557359603 1
-5.8761923313 22.2892138958 15.0953794591 0.2460121733 1
-2.6341283321 22.2892138958 12.0423069735 1.0093913334 1
0.607935667 22.2892138958 11.8262043696 2.4828041241 1
3.8499996662 22.2892138958 12.9289897451 2.6528935272 1
7.0920636654 22.2892138958 12.08820438 1.0047277833 1
10.3341276646 22.2892138958 8.8641211191 -3.1682423422 1
13.5761916637 22.2892138958 5.1831840209 -8.4320252139 1
16.8182556629 22.2892138958 2.6685633453 -12.3010701792 1
20.0603196621 22.2892138958 0.5070510686 -13.8519138586 1
23.3023836613 22.2892138958 0 -0 0
26.5444476604 22.2892138958 0 -0 0
29.7865116596 22.2892138958 0 -0 0
33.0285756588 22.2892138958 0 -0 0
36.270639658 22.2892138958 0 -0 0
39.5127036572 22.2892138958 0 -0 0
42.7547676563 22.2892138958 0 -0 0
-35.0547683239 19.0471498966 0 -0 0
-31.8127043247 19.0471498966 0 -0 0
-28.5706403255 19.0471498966 0 -0 0
-25.3285763264 19.0471498966 0 -0 0
-22.0865123272 19.0471498966 0 -0 0
-18.844448328 19.0471498966 13.3614932703 0.0653580905 1
-15.6023843288 19.0471498966 16.1713331735 -1.2657462599 1
-12.3603203297 19.0471498966 18.8227568532 -1.1314323042 1
-9.1182563305 19.0471498966 19.6423278626 -1.3562930009 1
-5.8761923313 19.0471498966 17.4113747661 -1.7552241892 1
-2.6341283321 19.0471498966 14.5855936001 -1.1523131664 1
0.607935667 19.0471498966 13.7676301232 0.8418526501 1
3.8499996662 19.0471498966 13.3210899773 2.2671696793 1
7.0920636654 19.0471498966 11.1461251465 1.5542953148 1
10.3341276646 19.0471498966 8.1680909712 -2.5939097075 1
13.5761916637 19.0471498966 6.4117742094 -7.9222894771 1
16.8182556629 19.0471498966 4.4713466719 -12.3668075073 1
20.0603196621 19.0471498966 2.1884138748 -14.1577665329 1
23.3023836613 19.0471498966 -0.3308540461 -14.4873722806 1
26.5444476604 19.0471498966 0 -0 0
29.7865116596 19.0471498966 0 -0 0
33.0285756588 19.0471498966 0 -0 0
36.270639658 19.0471498966 0 -0 0
39.5127036572 19.0471498966 0 -0 0
42.7547676563 19.0471498966 0 -0 0
-35.0547683239 15.8050858974 0 -0 0
-31.8127043247 15.8050858974 0 -0 0
-28.5706403255 15.8050858974 0 -0 0
-25.3285763264 15.8050858974 0 -0 0
-22.0865123272 15.8050858974 10.3672098526 9.9901565347 1
-18.844448328 15.8050858974 12.3558543053 7.2754925768 1
-15.6023843288 15.8050858974 15.2631449754 4.291159012 1
-12.3603203297 15.8050858974 17.5867540198 2.0093116918 1
-9.1182563305 15.8050858974 17.7493092469 -0.7380730546 1
-5.8761923313 15.8050858974 15.4112312026 -2.0015584578 1
-2.6341283321 15.8050858974 13.2141329085 -2.2775854267 1
0.607935667 15.8050858974 12.0803406356 -1.493325329 1
3.8499996662 15.8050858974 10.3912395037 0.422354165 1
7.0920636654 15.8050858974 7.7096628149 0.6184819554 1
10.3341276646 15.8050858974 6.4661863445 -2.52261199 1
13.5761916637 15.8050858974 7.5804871355 -7.9940076471 1
16.8182556629 15.8050858974 7.5907869377 -13.3107213326 1
20.0603196621 15.8050858974 5.9368685435 -15.2923052033 1
23.3023836613 15.8050858974 3.4287562003 -15.0145136927 1
26.5444476604 15.8050858974 2.8197613737 -14.1401126623 1
29.7865116596 15.8050858974 0 -0 0
33.0285756588 15.8050858974 0 -0 0
36.270639658 15.8050858974 0 -0 0
39.5127036572 15.8050858974 0 -0 0
42.7547676563 15.8050858974 0 -0 0
-35.0547683239 12.5630218983 0 -0 0
-31.8127043247 12.5630218983 0 -0 0
-28.5706403255 12.5630218983 0 -0 0
-25.3285763264 12.5630218983 0 -0 0
-22.0865123272 12.5630218983 10.4451854423 13.6573106425 1
-18.844448328 12.5630218983 11.4281897223 11.7908712653 1
-15.6023843288 12.5630218983 13.3061704819 8.392298872 1
-12.3603203297 12.5630218983 14.5581834206 4.8480183367 1
-9.1182563305 12.5630218983 13.2316273545 2.2263311388 1
-5.8761923313 12.5630218983 10.611542707 0.9209423256 1
-2.6341283321 12.5630218983 9.2119526131 -0.1077517767 1
0.607935667 12.5630218983 9.0951184592 -1.1445985052 1
3.8499996662 12.5630218983 7.7269024228 -0.3899904214 1
7.0920636654 12.5630218983 5.4588009544 -0.5340674041 1
10.3341276646 12.5630218983 4.9639551227 -3.4031688371 1
13.5761916637 12.5630218983 7.2276482565 -8.8087228456 1
16.8182556629 12.5630218983 8.66786206 -13.8803288968 1
20.0603196621 12.5630218983 8.4686488128 -15.3000324705 1
23.3023836613 12.5630218983 7.4184639281 -13.9338400408 1
26.5444476604 12.5630218983 6.6123516248 -13.0934013037 1
29.7865116596 12.5630218983 6.3867807635 -14.1922529953 1
33.0285756588 12.5630218983 0 -0 0
36.270639658 12.5630218983 0 -0 0
39.5127036572 12.5630218983 0 -0 0
42.7547676563 12.5630218983 0 -0 0
-35.0547683239 9.3209578991 0 -0 0
-31.8127043247 9.3209578991 0 -0 0
-28.5706403255 9.3209578991 0 -0 0
-25.3285763264 9.3209578991 10.0648820344 13.0907381865 1
-22.0865123272 9.3209578991 9.6822047685 13.8175856131 1
-18.844448328 9.3209578991 9.6221771396 12.5709810368 1
-15.6023843288 9.3209578991 10.8594759027 9.3419181694 1
-12.3603203297 9.3209578991 11.4494717128 6.0845380926 1
-9.1182563305 9.3209578991 9.7360571054 4.0640588209 1
-5.8761923313 9.3209578991 7.1602864873 2.8998140137 1
-2.6341283321 9.3209578991 6.2646541925 1.1400336898 1
0.607935667 9.3209578991 6.6914637194 -1.3932238245 1
3.8499996662 9.3209578991 6.3509500609 -2.4989935822 1
7.0920636654 9.3209578991 5.1451690791 -3.6081062766 1
10.3341276646 9.3209578991 4.1329025151 -5.907568819 1
13.5761916637 9.3209578991 4.7693045019 -9.9659463231 1
16.8182556629 9.3209578991 5.8606176393 -13.7312643816 1
20.0603196621 9.3209578991 7.3976885942 -14.2330814209 1
23.3023836613 9.3209578991 8.9766973049 -12.141068163 1
26.5444476604 9.3209578991 8.3972072205 -11.6344720059 1
29.7865116596 9.3209578991 7.0960165912 -14.4266230134 1
33.0285756588 9.3209578991 0 -0 0
36.270639658 9.3209578991 0 -0 0
39.5127036572 9.3209578991 0 -0 0
42.7547676563 9.3209578991 0 -0 0
-35.0547683239 6.0788938999 0 -0 0
-31.8127043247 6.0788938999 0 -0 0
-28.5706403255 6.0788938999 0 -0 0
-25.3285763264 6.0788938999 7.3427945617 8.6494593764 1
-22.0865123272 6.0788938999 6.7129329131 10.8329244426 1
-18.844448328 6.0788938999 6.4682135746 10.8465166065 1
-15.6023843288 6.0788938999 7.8689739907 8.8384199242 1
-12.3603203297 6.0788938999 8.2012277585 6.1289922224 1
-9.1182563305 6.0788938999 6.8327605074 3.8468976128 1
-5.8761923313 6.0788938999 5.0014009062 2.2834534939 1
-2.6341283321 6.0788938999 4.4078923177 0.3692727204 1
0.607935667 6.0788938999 4.6593216851 -2.326795576 1
3.8499996662 6.0788938999 4.7030590076 -5.1145033747 1
7.0920636654 6.0788938999 4.3063393841 -7.3943992519 1
10.3341276646 6.0788938999 2.8998913105 -8.892553066 1
13.5761916637 6.0788938999 2.1889602365 -10.382297227 1
16.8182556629 6.0788938999 2.5926170992 -12.5333543908 1
20.0603196621 6.0788938999 5.1012427417 -12.9440626263 1
23.3023836613 6.0788938999 8.1680565499 -10.8936712942 1
26.5444476604 6.0788938999 8.1431023563 -10.0525791574 1
29.7865116596 6.0788938999 6.8406574653 -13.158979207 1
33.0285756588 6.0788938999 4.4986092023 -17.9694989205 1
36.270639658 6.0788938999 0 -0 0
39.5127036572 6.0788938999 0 -0 0
42.7547676563 6.0788938999 0 -0 0
-35.0547683239 2.8368299007 0 -0 0
-31.8127043247 2.8368299007 0 -0 0
-28.5706403255 2.8368299007 3.0402089047 1.7112119497 1
-25.3285763264 2.8368299007 3.0417992265 5.549375323 1
-22.0865123272 2.8368299007 2.7774166018 9.0159683201 1
-18.844448328 2.8368299007 2.9803573073 10.12182866 1
-15.6023843288 2.8368299007 4.0849075264 8.8770508251 1
-12.3603203297 2.8368299007 4.2053897282 6.179621644 1
-9.1182563305 2.8368299007 3.3536257982 3.1744538669 1
-5.8761923313 2.8368299007 2.3473221107 0.6117120668 1
-2.6341283321 2.8368299007 1.9021095982 -1.9182453108 1
0.607935667 2.8368299007 1.7001308758 -4.3651664966 1
3.8499996662 2.8368299007 1.6563422234 -6.5615108447 1
7.0920636654 2.8368299007 1.8426576194 -8.0528003383 1
10.3341276646 2.8368299007 1.4439068406 -8.2730818019 1
13.5761916637 2.8368299007 1.5159625804 -8.5327067465 1
16.8182556629 2.8368299007 2.380662859 -10.5391771761 1
20.0603196621 2.8368299007 5.0892508636 -12.0180357698 1
23.3023836613 2.8368299007 7.8379218021 -11.3712545705 1
26.5444476604 2.8368299007 8.0132654268 -10.3062347338 1
29.7865116596 2.8368299007 6.9614512699 -12.4414871119 1
33.0285756588 2.8368299007 5.2896984445 -16.2279373983 1
36.270639658 2.8368299007 0 -0 0
39.5127036572 2.8368299007 0 -0 0
42.7547676563 2.8368299007 0 -0 0
-35.0547683239 -0.4052340984 0 -0 0
-31.8127043247 -0.4052340984 0 -0 0
-28.5706403255 -0.4052340984 -1.2975410717 2.1266937172 1
-25.3285763264 -0.4052340984 -0.6158903981 5.3043166031 1
-22.0865123272 -0.4052340984 -0.3846569403 8.6652424222 1
-18.844448328 -0.4052340984 -0.0838155291 9.8481139531 1
-15.6023843288 -0.4052340984 0.3248764123 8.813570806 1
-12.3603203297 -0.4052340984 0.5973627487 6.6851815406 1
-9.1182563305 -0.4052340984 0.244401829 3.624441874 1
-5.8761923313 -0.4052340984 -0.5992393481 0.0039142255 1
-2.6341283321 -0.4052340984 -1.1720431814 -3.8997752851 1
0.607935667 -0.4052340984 -1.2012099011 -6.269470751 1
3.8499996662 -0.4052340984 -1.1395162388 -6.7903565551 1
7.0920636654 -0.4052340984 -0.6559924297 -6.2820785881 1
10.3341276646 -0.4052340984 0.218447268 -5.6782206791 1
13.5761916637 -0.4052340984 1.7772494068 -6.1971076356 1
16.8182556629 -0.4052340984 3.8900207879 -9.0404738298 1
20.0603196621 -0.4052340984 6.4031018677 -12.0832465132 1
23.3023836613 -0.4052340984 8.4015533554 -13.1112665328 1
26.5444476604 -0.4052340984 8.7351900118 -12.5991255361 1
29.7865116596 -0.4052340984 8.3505392613 -13.8794327368 1
33.0285756588 -0.4052340984 7.4956774194 -16.4177228482 1
36.270639658 -0.4052340984 0 -0 0
39.5127036572 -0.4052340984 0 -0 0
42.7547676563 -0.4052340984 0 -0 0
-35.0547683239 -3.6472980976 0 -0 0
-31.8127043247 -3.6472980976 0 -0 0
-28.5706403255 -3.6472980976 -4.9200610929 3.2297355913 1
-25.3285763264 -3.6472980976 -3.8620200123 5.9546039382 1
-22.0865123272 -3.6472980976 -3.3568272757 7.7058583616 1
-18.844448328 -3.6472980976 -3.7825223394 8.1818304822 1
-15.6023843288 -3.6472980976 -3.5945621213 7.4546539401 1
-12.3603203297 -3.6472980976 -2.5778685023 6.4863414921 1
-9.1182563305 -3.6472980976 -2.2838979506 4.2628511627 1
-5.8761923313 -3.6472980976 -3.2659669692 0.180284111 1
-2.6341283321 -3.6472980976 -3.6331118001 -4.8155494422 1
0.607935667 -3.6472980976 -2.4248594334 -7.5768433148 1
3.8499996662 -3.6472980976 -1.3692811324 -7.3387841849 1
7.0920636654 -3.6472980976 -0.3514063968 -5.6146120333 1
10.3341276646 -3.6472980976 1.0812645499 -4.7019315609 1
13.5761916637 -3.6472980976 2.9990845772 -5.3022875614 1
16.8182556629 -3.6472980976 4.8520398852 -7.7668902453 1
20.0603196621 -3.6472980976 6.4822640845 -11.6349744353 1
23.3023836613 -3.6472980976 8.1590816637 -14.7810446658 1
26.5444476604 -3.6472980976 9.5498381795 -16.2843483811 1
29.7865116596 -3.6472980976 10.0070791049 -17.2473847167 1
33.0285756588 -3.6472980976 9.7185771527 -18.1776882617 1
36.270639658 -3.6472980976 0 -0 0
39.5127036572 -3.6472980976 0 -0 0
42.7547676563 -3.6472980976 0 -0 0
-35.0547683239 -6.8893620968 0 -0 0
-31.8127043247 -6.8893620968 0 -0 0
-28.5706403255 -6.8893620968 -7.0514054522 1.6231987933 1
-25.3285763264 -6.8893620968 -6.6727301088 3.1638750715 1
-22.0865123272 -6.8893620968 -7.2541526138 4.1777860047 1
-18.844448328 -6.8893620968 -8.1922118083 4.7061916427 1
-15.6023843288 -6.8893620968 -7.4817120567 4.7403181918 1
-12.3603203297 -6.8893620968 -5.5246403384 4.540104313 1
-9.1182563305 -6.8893620968 -4.7822644019 2.9234840533 1
-5.8761923313 -6.8893620968 -5.4391482361 -0.6106363274 1
-2.6341283321 -6.8893620968 -5.1520116599 -5.1928461243 1
0.607935667 -6.8893620968 -2.7075595945 -8.0578783775 1
3.8499996662 -6.8893620968 -0.3150833421 -8.3661985114 1
7.0920636654 -6.8893620968 1.2973928188 -6.757239092 1
10.3341276646 -6.8893620968 2.3139620382 -5.1566772481 1
13.5761916637 -6.8893620968 2.9424260031 -4.7480499881 1
16.8182556629 -6.8893620968 3.3415762494 -6.3912881347 1
20.0603196621 -6.8893620968 4.1581462699 -10.743221475 1
23.3023836613 -6.8893620968 6.0336206195 -15.0077731679 1
26.5444476604 -6.8893620968 8.3897287525 -17.5682595462 1
29.7865116596 -6.8893620968 9.5423639387 -18.3955457451 1
33.0285756588 -6.8893620968 9.7718467441 -18.5571069833 1
36.270639658 -6.8893620968 0 -0 0
39.5127036572 -6.8893620968 0 -0 0
42.7547676563 -6.8893620968 0 -0 0
-35.0547683239 -10.131426096 0 -0 0
-31.8127043247 -10.131426096 0 -0 0
-28.5706403255 -10.131426096 -7.9467647926 -1.4235649427 1
-25.3285763264 -10.131426096 -8.6593310266 -0.6288816245 1
-22.0865123272 -10.131426096 -10.0802683301 0.5398066935 1
-18.844448328 -10.131426096 -10.9233617301 2.165431958 1
-15.6023843288 -10.131426096 -9.8168431595 3.143163749 1
-12.3603203297 -10.131426096 -7.6403897609 2.8667675066 1
-9.1182563305 -10.131426096 -7.0341960384 0.8185068193 1
-5.8761923313 -10.131426096 -7.2063638505 -2.1896023135 1
-2.6341283321 -10.131426096 -6.3549417174 -5.462547435 1
0.607935667 -10.131426096 -3.4066450807 -7.7919283784 1
3.8499996662 -10.131426096 -0.3738632763 -8.5745883413 1
7.0920636654 -10.131426096 1.5738686226 -7.2708124955 1
10.3341276646 -10.131426096 1.7563836416 -4.6949189875 1
13.5761916637 -10.131426096 0.8276880065 -3.2202093613 1
16.8182556629 -10.131426096 0.0304678318 -4.5336844492 1
20.0603196621 -10.131426096 0.6711017703 -8.605711184 1
23.3023836613 -10.131426096 2.5998229148 -12.5740427158 1
26.5444476604 -10.131426096 5.4860498975 -15.0052718909 1
29.7865116596 -10.131426096 7.2115771591 -16.0361869182 1
33.0285756588 -10.131426096 8.1156191072 -16.319046202 1
36.270639658 -10.131426096 0 -0 0
39.5127036572 -10.131426096 0 -0 0
42.7547676563 -10.131426096 0 -0 0
-35.0547683239 -13.3734900951 0 -0 0
-31.8127043247 -13.3734900951 0 -0 0
-28.5706403255 -13.3734900951 0 -0 0
-25.3285763264 -13.3734900951 -8.6630672412 -0.8703397012 1
-22.0865123272 -13.3734900951 -10.2986922543 0.689330989 1
-18.844448328 -13.3734900951 -10.8345331828 2.4048416688 1
-15.6023843288 -13.3734900951 -9.8768019458 3.3798360652 1
-12.3603203297 -13.3734900951 -7.8472276154 2.5606506341 1
-9.1182563305 -13.3734900951 -6.9914484776 -0.0325097579 1
-5.8761923313 -13.3734900951 -7.030178415 -2.9725590841 1
-2.6341283321 -13.3734900951 -6.2577620934 -5.3200893829 1
0.607935667 -13.3734900951 -4.2692692149 -6.7483801509 1
3.8499996662 -13.3734900951 -1.6993749672 -7.2205049427 1
7.0920636654 -13.3734900951 -0.1226228295 -5.8237530917 1
10.3341276646 -13.3734900951 -0.5961754046 -3.1693909248 1
13.5761916637 -13.3734900951 -2.0534933202 -1.8051772636 1
16.8182556629 -13.3734900951 -2.9676163143 -3.3079820219 1
20.0603196621 -13.3734900951 -2.3203175886 -6.3133427391 1
23.3023836613 -13.3734900951 -0.7904309359 -8.8246007008 1
26.5444476604 -13.3734900951 1.7733030414 -10.5485820259 1
29.7865116596 -13.3734900951 3.794007259 -11.6621140759 1
33.0285756588 -13.3734900951 5.3632572452 -12.5543887898 1
36.270639658 -13.3734900951 0 -0 0
39.5127036572 -13.3734900951 0 -0 0
42.7547676563 -13.3734900951 0 -0 0
-35.0547683239 -16.6155540943 0 -0 0
-31.8127043247 -16.6155540943 0 -0 0
-28.5706403255 -16.6155540943 0 -0 0
-25.3285763264 -16.6155540943 -8.0292392992 2.3107348956 1
-22.0865123272 -16.6155540943 -8.4269471747 3.0117826946 1
-18.844448328 -16.6155540943 -8.4805996269 3.513303832 1
-15.6023843288 -16.6155540943 -7.6487076241 3.8972564955 1
-12.3603203297 -16.6155540943 -5.9306763431 3.248489432 1
-9.1182563305 -16.6155540943 -4.9759747793 0.8154492919 1
-5.8761923313 -16.6155540943 -5.3271149398 -2.2406890244 1
-2.6341283321 -16.6155540943 -5.1798385176 -4.2903990272 1
0.607935667 -16.6155540943 -3.9307797671 -4.9875391093 1
3.8499996662 -16.6155540943 -1.9891586578 -4.5774903123 1
7.0920636654 -16.6155540943 -1.1541210365 -2.9028953188 1
10.3341276646 -16.6155540943 -2.1380281193 -0.7567831894 1
13.5761916637 -16.6155540943 -3.3735490553 -0.1657759344 1
16.8182556629 -16.6155540943 -3.8486455477 -2.1221499621 1
20.0603196621 -16.6155540943 -3.8041032512 -4.4331019531 1
23.3023836613 -16.6155540943 -3.2704396173 -6.3543855426 1
26.5444476604 -16.6155540943 -1.5530606792 -8.0146308028 1
29.7865116596 -16.6155540943 0.98095682 -9.1711290187 1
33.0285756588 -16.6155540943 0 -0 0
36.270639658 -16.6155540943 0 -0 0
39.5127036572 -16.6155540943 0 -0 0
42.7547676563 -16.6155540943 0 -0 0
-35.0547683239 -19.8576180935 0 -0 0
-31.8127043247 -19.8576180935 0 -0 0
-28.5706403255 -19.8576180935 0 -0 0
-25.3285763264 -19.8576180935 0 -0 0
-22.0865123272 -19.8576180935 -6.3704493933 4.296263622 1
-18.844448328 -19.8576180935 -6.0374039368 3.0900801532 1
-15.6023843288 -19.8576180935 -5.7068120507 2.6627706124 1
-12.3603203297 -19.8576180935 -4.955226922 2.4987401029 1
-9.1182563305 -19.8576180935 -4.1619531386 0.9669790022 1
-5.8761923313 -19.8576180935 -4.3194004343 -1.8606161482 1
-2.6341283321 -19.8576180935 -4.0999245486 -3.8497575954 1
0.607935667 -19.8576180935 -3.034338573 -4.0469997735 1
3.8499996662 -19.8576180935 -1.3600634858 -2.2130317064 1
7.0920636654 -19.8576180935 -0.9000485554 -0.1730310984 1
10.3341276646 -19.8576180935 -1.7689185601 1.2107045029 1
13.5761916637 -19.8576180935 -2.6915977997 1.1919707412 1
16.8182556629 -19.8576180935 -3.6473108649 -0.7168400541 1
20.0603196621 -19.8576180935 -5.1926848879 -2.8151226583 1
23.3023836613 -19.8576180935 -5.8776380383 -5.3182064805 1
26.5444476604 -19.8576180935 -4.7719555415 -7.0209843198 1
29.7865116596 -19.8576180935 -1.5903345075 -8.2126936558 1
33.0285756588 -19.8576180935 0 -0 0
36.270639658 -19.8576180935 0 -0 0
39.5127036572 -19.8576180935 0 -0 0
42.7547676563 -19.8576180935 0 -0 0
-35.0547683239 -23.0996820927 0 -0 0
-31.8127043247 -23.0996820927 0 -0 0
-28.5706403255 -23.0996820927 0 -0 0
-25.3285763264 -23.0996820927 0 -0 0
-22.0865123272 -23.0996820927 -5.1082115337 2.8107203624 1
-18.844448328 -23.0996820927 -5.2068217529 0.2928655996 1
-15.6023843288 -23.0996820927 -6.3962007104 -0.2589937564 1
-12.3603203297 -23.0996820927 -7.1320278544 0.3271416471 1
-9.1182563305 -23.0996820927 -6.252516779 -0.0945232816 1
-5.8761923313 -23.0996820927 -4.7017920643 -2.3323695528 1
-2.6341283321 -23.0996820927 -3.412216793 -4.5437737987 1
0.607935667 -23.0996820927 -2.438805019 -4.0693322157 1
3.8499996662 -23.0996820927 -1.5865280916 -0.9632730572 1
7.0920636654 -23.0996820927 -1.5709355704 1.673940084 1
10.3341276646 -23.0996820927 -2.3581222287 2.0415659065 1
13.5761916637 -23.0996820927 -3.1284088114 1.2161023728 1
16.8182556629 -23.0996820927 -4.4444558304 -0.1483862903 1
20.0603196621 -23.0996820927 -6.913044132 -1.3722247526 1
23.3023836613 -23.0996820927 -8.2547860053 -4.1004399614 1
26.5444476604 -23.0996820927 -7.7725359331 -6.284458485 1
29.7865116596 -23.0996820927 0 -0 0
33.0285756588 -23.0996820927 0 -0 0
36.270639658 -23.0996820927 0 -0 0
39.5127036572 -23.0996820927 0 -0 0
42.7547676563 -23.0996820927 0 -0 0
-35.0547683239 -26.3417460918 0 -0 0
-31.8127043247 -26.3417460918 0 -0 0
-28.5706403255 -26.3417460918 0 -0 0
-25.3285763264 -26.3417460918 0 -0 0
-22.0865123272 -26.3417460918 0 -0 0
-18.844448328 -26.3417460918 -6.3523444232 -3.1949677201 1
-15.6023843288 -26.3417460918 -8.6990634073 -3.304135297 1
-12.3603203297 -26.3417460918 -10.7686485077 -1.9687781114 1
-9.1182563305 -26.3417460918 -10.3147120217 -1.3821145192 1
-5.8761923313 -26.3417460918 -7.6996981669 -2.9172679995 1
-2.6341283321 -26.3417460918 -5.1934167923 -4.6319866888 1
0.607935667 -26.3417460918 -3.7886010102 -3.6022984467 1
3.8499996662 -26.3417460918 -4.0235960456 -0.3750034045 1
7.0920636654 -26.3417460918 -5.0264496073 1.8852202415 1
10.3341276646 -26.3417460918 -6.1271950712 1.6663198548 1
13.5761916637 -26.3417460918 -6.7783133472 0.3737559364 1
16.8182556629 -26.3417460918 -6.9769106353 -0.6177605435 1
20.0603196621 -26.3417460918 -8.5142442786 -1.1366111916 1
23.3023836613 -26.3417460918 -9.6560385848 -2.9774846432 1
26.5444476604 -26.3417460918 0 -0 0
29.7865116596 -26.3417460918 0 -0 0
33.0285756588 -26.3417460918 0 -0 0
36.270639658 -26.3417460918 0 -0 0
39.5127036572 -26.3417460918 0 -0 0
42.7547676563 -26.3417460918 0 -0 0
-35.0547683239 -29.583810091 0 -0 0
-31.8127043247 -29.583810091 0 -0 0
-28.5706403255 -29.583810091 0 -0 0
-25.3285763264 -29.583810091 0 -0 0
-22.0865123272 -29.583810091 0 -0 0
-18.844448328 -29.583810091 0 -0 0
-15.6023843288 -29.583810091 -11.6971102143 -4.8302041355 1
-12.3603203297 -29.583810091 -13.3825759798 -2.67290012 1
-9.1182563305 -29.583810091 -12.7240517016 -1.5718679634 1
-5.8761923313 -29.583810091 -9.98245765 -2.3960169981 1
-2.6341283321 -29.583810091 -7.614173455 -3.8306652791 1
0.607935667 -29.583810091 -6.8288956661 -3.0398652961 1
3.8499996662 -29.583810091 -8.1559771091 -1.0342487549 1
7.0920636654 -29.583810091 -9.9468672922 0.5347544703 1
10.3341276646 -29.583810091 -11.2120653787 -0.0131984332 1
13.5761916637 -29.583810091 -11.3510909685 -1.5924370717 1
16.8182556629 -29.583810091 -10.1013353387 -2.4708832021 1
20.0603196621 -29.583810091 -9.469136065 -2.3595478418 1
23.3023836613 -29.583810091 0 -0 0
26.5444476604 -29.583810091 0 -0 0
29.7865116596 -29.583810091 0 -0 0
33.0285756588 -29.583810091 0 -0 0
36.270639658 -29.583810091 0 -0 0
39.5127036572 -29.583810091 0 -0 0
42.7547676563 -29.583810091 0 -0 0
-35.0547683239 -32.8258740902 0 -0 0
-31.8127043247 -32.8258740902 0 -0 0
-28.5706403255 -32.8258740902 0 -0 0
-25.3285763264 -32.8258740902 0 -0 0
-22.0865123272 -32.8258740902 0 -0 0
-18.844448328 -32.8258740902 0 -0 0
-15.6023843288 -32.8258740902 0 -0 0
-12.3603203297 -32.8258740902 0 -0 0
-9.1182563305 -32.8258740902 -13.716183046 -1.0800250832 1
-5.8761923313 -32.8258740902 -11.9097996801 -1.9591985889 1
-2.6341283321 -32.8258740902 -9.8332741701 -2.6552876153 1
0.607935667 -32.8258740902 -9.1946423511 -2.4009253466 1
3.8499996662 -32.8258740902 -10.9913237574 -1.3864387634 1
7.0920636654 -32.8258740902 -13.4906876699 -0.9379514017 1
10.3341276646 -32.8258740902 -14.7201516749 -1.0387185345 1
13.5761916637 -32.8258740902 -14.4761569941 -2.1082812205 1
16.8182556629 -32.8258740902 -12.5057666701 -3.1543482376 1
20.0603196621 -32.8258740902 0 -0 0
23.3023836613 -32.8258740902 0 -0 0
26.5444476604 -32.8258740902 0 -0 0
29.7865116596 -32.8258740902 0 -0 0
33.0285756588 -32.8258740902 0 -0 0
36.270639658 -32.8258740902 0 -0 0
39.5127036572 -32.8258740902 0 -0 0
42.7547676563 -32.8258740902 0 -0 0
-35.0547683239 -36.0679380894 0 -0 0
-31.8127043247 -36.0679380894 0 -0 0
-28.5706403255 -36.0679380894 0 -0 0
-25.3285763264 -36.0679380894 0 -0 0
-22.0865123272 -36.0679380894 0 -0 0
-18.844448328 -36.0679380894 0 -0 0
-15.6023843288 -36.0679380894 0 -0 0
-12.3603203297 -36.0679380894 0 -0 0
-9.1182563305 -36.0679380894 0 -0 0
-5.8761923313 -36.0679380894 0 -0 0
-2.6341283321 -36.0679380894 0 -0 0
0.607935667 -36.0679380894 0 -0 0
3.8499996662 -36.0679380894 0 -0 0
7.0920636654 -36.0679380894 0 -0 0
10.3341276646 -36.0679380894 0 -0 0
13.5761916637 -36.0679380894 0 -0 0
16.8182556629 -36.0679380894 0 -0 0
20.0603196621 -36.0679380894 0 -0 0
23.3023836613 -36.0679380894 0 -0 0
26.5444476604 -36.0679380894 0 -0 0
29.7865116596 -36.0679380894 0 -0 0
33.0285756588 -36.0679380894 0 -0 0
36.270639658 -36.0679380894 0 -0 0
39.5127036572 -36.0679380894 0 -0 0
42.7547676563 -36.0679380894 0 -0 0
-35.0547683239 -39.3100020885 0 -0 0
-31.8127043247 -39.3100020885 0 -0 0
-28.5706403255 -39.3100020885 0 -0 0
-25.3285763264 -39.3100020885 0 -0 0
-22.0865123272 -39.3100020885 0 -0 0
-18.844448328 -39.3100020885 0 -0 0
-15.6023843288 -39.3100020885 0 -0 0
-12.3603203297 -39.3100020885 0 -0 0
-9.1182563305 -39.3100020885 0 -0 0
-5.8761923313 -39.3100020885 0 -0 0
-2.6341283321 -39.3100020885 0 -0 0
0.607935667 -39.3100020885 0 -0 0
3.8499996662 -39.3100020885 0 -0 0
7.0920636654 -39.3100020885 0 -0 0
10.3341276646 -39.3100020885 0 -0 0
13.5761916637 -39.3100020885 0 -0 0
16.8182556629 -39.3100020885 0 -0 0
20.0603196621 -39.3100020885 0 -0 0
23.3023836613 -39.3100020885 0 -0 0
26.5444476604 -39.3100020885 0 -0 0
29.7865116596 -39.3100020885 0 -0 0
33.0285756588 -39.3100020885 0 -0 0
36.270639658 -39.3100020885 0 -0 0
39.5127036572 -39.3100020885 0 -0 0
42.7547676563 -39.3100020885 0 -0 0
-35.0547683239 -42.5520660877 0 -0 0
-31.8127043247 -42.5520660877 0 -0 0
-28.5706403255 -42.5520660877 0 -0 0
-25.3285763264 -42.5520660877 0 -0 0
-22.0865123272 -42.5520660877 0 -0 0
-18.844448328 -42.5520660877 0 -0 0
-15.6023843288 -42.5520660877 0 -0 0
-12.3603203297 -42.5520660877 0 -0 0
-9.1182563305 -42.5520660877 0 -0 0
-5.8761923313 -42.5520660877 0 -0 0
-2.6341283321 -42.5520660877 0 -0 0
0.607935667 -42.5520660877 0 -0 0
3.8499996662 -42.5520660877 0 -0 0
7.0920636654 -42.5520660877 0 -0 0
10.3341276646 -42.5520660877 0 -0 0
13.5761916637 -42.5520660877 0 -0 0
16.8182556629 -42.5520660877 0 -0 0
20.0603196621 -42.5520660877 0 -0 0
23.3023836613 -42.5520660877 0 -0 0
26.5444476604 -42.5520660877 0 -0 0
29.7865116596 -42.5520660877 0 -0 0
33.0285756588 -42.5520660877 0 -0 0
36.270639658 -42.5520660877 0 -0 0
39.5127036572 -42.5520660877 0 -0 0
42.7547676563 -42.5520660877 0 -0 0
