TITLE = "B00080"
VARIABLES = "x", "y", "Vx", "Vy", "isValid"
ZONE T="Frame 0", I=25, J=25, F=POINT
-35.0547683239 35.2574698925 0 -0 0
-31.8127043247 35.2574698925 0 -0 0
-28.5706403255 35.2574698925 0 -0 0
-25.3285763264 35.2574698925 0 -0 0
-22.0865123272 35.2574698925 0 -0 0
-18.844448328 35.2574698925 0 -0 0
-15.6023843288 35.2574698925 0 -0 0
-12.3603203297 35.2574698925 0 -0 0
-9.1182563305 35.2574698925 0 -0 0
-5.8761923313 35.2574698925 0 -0 0
-2.6341283321 35.2574698925 0 -0 0
0.607935667 35.2574698925 0 -0 0
3.8499996662 35.2574698925 0 -0 0
7.0920636654 35.2574698925 0 -0 0
10.3341276646 35.2574698925 0 -0 0
13.5761916637 35.2574698925 0 -0 0
16.8182556629 35.2574698925 0 -0 0
20.0603196621 35.2574698925 0 -0 0
23.3023836613 35.2574698925 0 -0 0
26.5444476604 35.2574698925 0 -0 0
29.7865116596 35.2574698925 0 -0 0
33.0285756588 35.2574698925 0 -0 0
36.270639658 35.2574698925 0 -0 0
39.5127036572 35.2574698925 0 -0 0
42.7547676563 35.2574698925 0 -0 0
-35.0547683239 32.0154058933 0 -0 0
-31.8127043247 32.0154058933 0 -0 0
-28.5706403255 32.0154058933 0 -0 0
-25.3285763264 32.0154058933 0 -0 0
-22.0865123272 32.0154058933 0 -0 0
-18.844448328 32.0154058933 0 -0 0
-15.6023843288 32.0154058933 0 -0 0
-12.3603203297 32.0154058933 0 -0 0
-9.1182563305 32.0154058933 0 -0 0
-5.8761923313 32.0154058933 0 -0 0
-2.6341283321 32.0154058933 0 -0 0
0.607935667 32.0154058933 0 -0 0
3.8499996662 32.0154058933 0 -0 0
7.0920636654 32.0154058933 0 -0 0
10.3341276646 32.0154058933 0 -0 0
13.5761916637 32.0154058933 0 -0 0
16.8182556629 32.0154058933 0 -0 0
20.0603196621 32.0154058933 0 -0 0
23.3023836613 32.0154058933 0 -0 0
26.5444476604 32.0154058933 0 -0 0
29.7865116596 32.0154058933 0 -0 0
33.0285756588 32.0154058933 0 -0 0
36.270639658 32.0154058933 0 -0 0
39.5127036572 32.0154058933 0 -0 0
42.7547676563 32.0154058933 0 -0 0
-35.0547683239 28.7733418941 0 -0 0
-31.8127043247 28.7733418941 0 -0 0
-28.5706403255 28.7733418941 0 -0 0
-25.3285763264 28.7733418941 0 -0 0
-22.0865123272 28.7733418941 0 -0 0
-18.844448328 28.7733418941 0 -0 0
-15.6023843288 28.7733418941 0 -0 0
-12.3603203297 28.7733418941 0 -0 0
-9.1182563305 28.7733418941 0 -0 0
-5.8761923313 28.7733418941 0 -0 0
-2.6341283321 28.7733418941 0 -0 0
0.607935667 28.7733418941 0 -0 0
3.8499996662 28.7733418941 0 -0 0
7.0920636654 28.7733418941 0 -0 0
10.3341276646 28.7733418941 0 -0 0
13.5761916637 28.7733418941 0 -0 0
16.8182556629 28.7733418941 0 -0 0
20.0603196621 28.7733418941 0 -0 0
23.3023836613 28.7733418941 0 -0 0
26.5444476604 28.7733418941 0 -0 0
29.7865116596 28.7733418941 0 -0 0
33.0285756588 28.7733418941 0 -0 0
36.270639658 28.7733418941 0 -0 0
39.5127036572 28.7733418941 0 -0 0
42.7547676563 28.7733418941 0 -0 0
-35.0547683239 25.531277895 0 -0 0
-31.8127043247 25.531277895 0 -0 0
-28.5706403255 25.531277895 0 -0 0
-25.3285763264 25.531277895 0 -0 0
-22.0865123272 25.531277895 0 -0 0
-18.844448328 25.531277895 0 -0 0
-15.6023843288 25.531277895 0 -0 0
-12.3603203297 25.531277895 0 -0 0
-9.1182563305 25.531277895 9.0839853006 2.7671071375 1
-5.8761923313 25.531277895 4.9622666701 -0.3220717226 1
-2.6341283321 25.531277895 -0.4198461698 -1.03739694 1
0.607935667 25.531277895 -2.1754467282 0.524039726 1
3.8499996662 25.531277895 0.4925053381 0.9161863816 1
7.0920636654 25.531277895 3.4163210733 -1.7852758972 1
10.3341276646 25.531277895 4.7352241497 -5.5270733768 1
13.5761916637 25.531277895 4.2059060468 -6.7755028829 1
16.8182556629 25.531277895 4.4479677031 -6.1757580105 1
20.0603196621 25.531277895 0 -0 0
23.3023836613 25.531277895 0 -0 0
26.5444476604 25.531277895 0 -0 0
29.7865116596 25.531277895 0 -0 0
33.0285756588 25.531277895 0 -0 0
36.270639658 25.531277895 0 -0 0
39.5127036572 25.531277895 0 -0 0
42.7547676563 25.531277895 0 -0 0
-35.0547683239 22.2892138958 0 -0 0
-31.8127043247 22.2892138958 0 -0 0
-28.5706403255 22.2892138958 0 -0 0
-25.3285763264 22.2892138958 0 -0 0
-22.0865123272 22.2892138958 0 -0 0
-18.844448328 22.2892138958 0 -0 0
-15.6023843288 22.2892138958 9.6454911912 4.0022669524 1
-12.3603203297 22.2892138958 9.0180052123 3.4387253774 1
-9.1182563305 22.2892138958 8.0039330427 1.2714447873 1
-5.8761923313 22.2892138958 5.4369790939 -2.365252861 1
-2.6341283321 22.2892138958 1.3433823172 -3.9387026918 1
0.607935667 22.2892138958 -0.2378444878 -1.9459304073 1
3.8499996662 22.2892138958 0.7455171768 0.55896555 1
7.0920636654 22.2892138958 2.342969937 0.0743531077 1
10.3341276646 22.2892138958 3.9772073815 -3.1185468233 1
13.5761916637 22.2892138958 4.5577107789 -5.5719719633 1
16.8182556629 22.2892138958 5.7354897774 -6.2821884946 1
20.0603196621 22.2892138958 6.7326665515 -5.9500283283 1
23.3023836613 22.2892138958 0 -0 0
26.5444476604 22.2892138958 0 -0 0
29.7865116596 22.2892138958 0 -0 0
33.0285756588 22.2892138958 0 -0 0
36.270639658 22.2892138958 0 -0 0
39.5127036572 22.2892138958 0 -0 0
42.7547676563 22.2892138958 0 -0 0
-35.0547683239 19.0471498966 0 -0 0
-31.8127043247 19.0471498966 0 -0 0
-28.5706403255 19.0471498966 0 -0 0
-25.3285763264 19.0471498966 0 -0 0
-22.0865123272 19.0471498966 0 -0 0
-18.844448328 19.0471498966 15.2249627584 9.3720953337 1
-15.6023843288 19.0471498966 11.7678295643 6.6991982332 1
-12.3603203297 19.0471498966 8.0746391074 3.7555436332 1
-9.1182563305 19.0471498966 5.3541108566 0.8806706787 1
-5.8761923313 19.0471498966 4.2871610148 -3.2010119697 1
-2.6341283321 19.0471498966 3.381182117 -5.255181788 1
0.607935667 19.0471498966 3.00800602 -4.2105492914 1
3.8499996662 19.0471498966 2.2908502869 -0.9494154874 1
7.0920636654 19.0471498966 2.2148546735 0.7937224673 1
10.3341276646 19.0471498966 3.4679909827 -1.0975913155 1
13.5761916637 19.0471498966 4.829188105 -4.5570066531 1
16.8182556629 19.0471498966 5.9176391462 -6.9836934318 1
20.0603196621 19.0471498966 6.191884061 -7.2048167062 1
23.3023836613 19.0471498966 6.7389583924 -6.8325684731 1
26.5444476604 19.0471498966 0 -0 0
29.7865116596 19.0471498966 0 -0 0
33.0285756588 19.0471498966 0 -0 0
36.270639658 19.0471498966 0 -0 0
39.5127036572 19.0471498966 0 -0 0
42.7547676563 19.0471498966 0 -0 0
-35.0547683239 15.8050858974 0 -0 0
-31.8127043247 15.8050858974 0 -0 0
-28.5706403255 15.8050858974 0 -0 0
-25.3285763264 15.8050858974 0 -0 0
-22.0865123272 15.8050858974 11.1514320568 9.6598164672 1
-18.844448328 15.8050858974 11.8349558197 10.9278920488 1
-15.6023843288 15.8050858974 9.3684442664 9.1473560172 1
-12.3603203297 15.8050858974 4.5999664783 5.0086218188 1
-9.1182563305 15.8050858974 1.141120148 0.6403118927 1
-5.8761923313 15.8050858974 1.7484949872 -2.3350254235 1
-2.6341283321 15.8050858974 3.9344942419 -3.5869314752 1
0.607935667 15.8050858974 5.4358540628 -3.2828970879 1
3.8499996662 15.8050858974 4.2180576515 -1.6361204978 1
7.0920636654 15.8050858974 2.8100379764 0.3607764857 1
10.3341276646 15.8050858974 3.0495421946 -0.2607780185 1
13.5761916637 15.8050858974 4.2560943331 -3.3115249944 1
16.8182556629 15.8050858974 4.9124494691 -6.3325594549 1
20.0603196621 15.8050858974 4.4946281138 -7.2948022904 1
23.3023836613 15.8050858974 5.0028203296 -6.5925666565 1
26.5444476604 15.8050858974 5.6477270809 -5.6532580312 1
29.7865116596 15.8050858974 0 -0 0
33.0285756588 15.8050858974 0 -0 0
36.270639658 15.8050858974 0 -0 0
39.5127036572 15.8050858974 0 -0 0
42.7547676563 15.8050858974 0 -0 0
-35.0547683239 12.5630218983 0 -0 0
-31.8127043247 12.5630218983 0 -0 0
-28.5706403255 12.5630218983 0 -0 0
-25.3285763264 12.5630218983 0 -0 0
-22.0865123272 12.5630218983 5.4631090447 6.4863946337 1
-18.844448328 12.5630218983 3.7516187057 8.363439377 1
-15.6023843288 12.5630218983 1.0656784449 8.7674892156 1
-12.3603203297 12.5630218983 -2.3227438333 5.0228528893 1
-9.1182563305 12.5630218983 -3.5491955266 -0.010875234 1
-5.8761923313 12.5630218983 -0.9105437133 -2.6020409714 1
-2.6341283321 12.5630218983 2.2809864871 -2.1244259914 1
0.607935667 12.5630218983 4.164890418 -0.5543706914 1
3.8499996662 12.5630218983 3.5107874579 0.2044114588 1
7.0920636654 12.5630218983 2.3079824039 0.7428311121 1
10.3341276646 12.5630218983 1.831982052 -0.3411602646 1
13.5761916637 12.5630218983 2.5667462136 -2.3806691998 1
16.8182556629 12.5630218983 2.962136694 -4.4523724144 1
20.0603196621 12.5630218983 2.8930248763 -5.6128595693 1
23.3023836613 12.5630218983 3.6088901148 -5.7650872156 1
26.5444476604 12.5630218983 4.9268073547 -5.5267853253 1
29.7865116596 12.5630218983 5.0682539053 -5.1183519112 1
33.0285756588 12.5630218983 0 -0 0
36.270639658 12.5630218983 0 -0 0
39.5127036572 12.5630218983 0 -0 0
42.7547676563 12.5630218983 0 -0 0
-35.0547683239 9.3209578991 0 -0 0
-31.8127043247 9.3209578991 0 -0 0
-28.5706403255 9.3209578991 0 -0 0
-25.3285763264 9.3209578991 6.0926119877 8.4888136225 1
-22.0865123272 9.3209578991 2.5331287366 6.1021786778 1
-18.844448328 9.3209578991 -2.2861674881 4.9162521106 1
-15.6023843288 9.3209578991 -5.309059488 5.4072288738 1
-12.3603203297 9.3209578991 -6.5666190779 3.3866016511 1
-9.1182563305 9.3209578991 -4.9450065302 -0.9667385065 1
-5.8761923313 9.3209578991 -2.0591036809 -3.3191773802 1
-2.6341283321 9.3209578991 -0.0060849779 -1.5241516659 1
0.607935667 9.3209578991 1.1150797226 1.7160131092 1
3.8499996662 9.3209578991 1.2311988809 2.1246471629 1
7.0920636654 9.3209578991 1.085120786 1.0663870243 1
10.3341276646 9.3209578991 0.4127886827 -0.8456165677 1
13.5761916637 9.3209578991 0.6044633379 -2.1415407468 1
16.8182556629 9.3209578991 1.5732437563 -3.1212760655 1
20.0603196621 9.3209578991 2.4696808741 -4.1656763698 1
23.3023836613 9.3209578991 3.3243155057 -5.3404033514 1
26.5444476604 9.3209578991 4.0900519925 -6.3069723936 1
29.7865116596 9.3209578991 3.7775795697 -7.1701647802 1
33.0285756588 9.3209578991 0 -0 0
36.270639658 9.3209578991 0 -0 0
39.5127036572 9.3209578991 0 -0 0
42.7547676563 9.3209578991 0 -0 0
-35.0547683239 6.0788938999 0 -0 0
-31.8127043247 6.0788938999 0 -0 0
-28.5706403255 6.0788938999 0 -0 0
-25.3285763264 6.0788938999 5.5809830825 13.0866281692 1
-22.0865123272 6.0788938999 2.180715292 9.5843300769 1
-18.844448328 6.0788938999 -2.9185458127 5.6364157773 1
-15.6023843288 6.0788938999 -5.6734862485 4.6203489873 1
-12.3603203297 6.0788938999 -5.4979904456 3.1363057692 1
-9.1182563305 6.0788938999 -3.247297672 -0.4095400646 1
-5.8761923313 6.0788938999 -1.8841337078 -2.8130205469 1
-2.6341283321 6.0788938999 -1.4459638119 -1.004364926 1
0.607935667 6.0788938999 -0.641084861 2.2744290893 1
3.8499996662 6.0788938999 -0.1702247858 2.5945860547 1
7.0920636654 6.0788938999 0.0787160805 0.4695159483 1
10.3341276646 6.0788938999 -0.5979961826 -1.8850032971 1
13.5761916637 6.0788938999 -0.4137785199 -2.7580344225 1
16.8182556629 6.0788938999 1.0581269827 -2.7462982882 1
20.0603196621 6.0788938999 2.4324559603 -2.7372738837 1
23.3023836613 6.0788938999 2.7824861867 -4.2439457478 1
26.5444476604 6.0788938999 2.6071404484 -6.7107625631 1
29.7865116596 6.0788938999 2.1570345334 -8.9781701717 1
33.0285756588 6.0788938999 1.6877182434 -10.054002506 1
36.270639658 6.0788938999 0 -0 0
39.5127036572 6.0788938999 0 -0 0
42.7547676563 6.0788938999 0 -0 0
-35.0547683239 2.8368299007 0 -0 0
-31.8127043247 2.8368299007 0 -0 0
-28.5706403255 2.8368299007 3.475784073 15.2802517294 1
-25.3285763264 2.8368299007 3.8653576652 14.2743494721 1
-22.0865123272 2.8368299007 1.9039389061 11.3764503666 1
-18.844448328 2.8368299007 -1.3364686293 8.3397799053 1
-15.6023843288 2.8368299007 -2.8854455601 6.7054290821 1
-12.3603203297 2.8368299007 -2.6293481891 4.5233459986 1
-9.1182563305 2.8368299007 -1.4774859712 0.3108083898 1
-5.8761923313 2.8368299007 -1.6042956429 -2.7973999452 1
-2.6341283321 2.8368299007 -1.4013849805 -1.7138145278 1
0.607935667 2.8368299007 -0.4773809005 0.8384000333 1
3.8499996662 2.8368299007 -0.3302700173 1.1450945184 1
7.0920636654 2.8368299007 -0.5606102589 -0.8070454511 1
10.3341276646 2.8368299007 -1.1577411549 -2.799585996 1
13.5761916637 2.8368299007 -0.7329499507 -3.4886334627 1
16.8182556629 2.8368299007 0.5907817996 -2.7553634548 1
20.0603196621 2.8368299007 1.3444323161 -1.8374594078 1
23.3023836613 2.8368299007 1.0068341218 -2.8494400339 1
26.5444476604 2.8368299007 0.4077987347 -6.0798616346 1
29.7865116596 2.8368299007 0.6522993172 -9.474332465 1
33.0285756588 2.8368299007 1.143106918 -11.3198147399 1
36.270639658 2.8368299007 0 -0 0
39.5127036572 2.8368299007 0 -0 0
42.7547676563 2.8368299007 0 -0 0
-35.0547683239 -0.4052340984 0 -0 0
-31.8127043247 -0.4052340984 0 -0 0
-28.5706403255 -0.4052340984 1.1605197644 15.3927608843 1
-25.3285763264 -0.4052340984 0.6889251806 12.2441289886 1
-22.0865123272 -0.4052340984 -0.1140664991 9.9903056934 1
-18.844448328 -0.4052340984 -1.0552240491 9.9315214565 1
-15.6023843288 -0.4052340984 -1.2148721153 9.9040013706 1
-12.3603203297 -0.4052340984 -1.5497562398 5.9641482846 1
-9.1182563305 -0.4052340984 -1.9872155182 -0.081621156 1
-5.8761923313 -0.4052340984 -2.7068445988 -3.7116948946 1
-2.6341283321 -0.4052340984 -2.1183346391 -2.9098692439 1
0.607935667 -0.4052340984 -1.0920431546 -0.7359495054 1
3.8499996662 -0.4052340984 -1.207425804 -0.0440677778 1
7.0920636654 -0.4052340984 -1.6467895735 -1.2934120322 1
10.3341276646 -0.4052340984 -1.7188602593 -3.042433302 1
13.5761916637 -0.4052340984 -0.6723964922 -3.5794678022 1
16.8182556629 -0.4052340984 0.1694818795 -2.3607589261 1
20.0603196621 -0.4052340984 0.0690368042 -1.3204209325 1
23.3023836613 -0.4052340984 -0.8729538285 -2.8109247763 1
26.5444476604 -0.4052340984 -1.4422277482 -6.6280096672 1
29.7865116596 -0.4052340984 -0.4628727239 -10.3421137469 1
33.0285756588 -0.4052340984 0.6645515436 -12.3885508631 1
36.270639658 -0.4052340984 0 -0 0
39.5127036572 -0.4052340984 0 -0 0
42.7547676563 -0.4052340984 0 -0 0
-35.0547683239 -3.6472980976 0 -0 0
-31.8127043247 -3.6472980976 0 -0 0
-28.5706403255 -3.6472980976 -0.810125171 17.6256367393 1
-25.3285763264 -3.6472980976 -2.2158553051 13.5103729978 1
-22.0865123272 -3.6472980976 -2.4379805698 9.971591407 1
-18.844448328 -3.6472980976 -1.977476118 10.6659053238 1
-15.6023843288 -3.6472980976 -1.2910180951 10.8464151544 1
-12.3603203297 -3.6472980976 -2.3824277026 5.9961316584 1
-9.1182563305 -3.6472980976 -4.112433953 -0.4645539299 1
-5.8761923313 -3.6472980976 -5.0957311156 -3.6522515211 1
-2.6341283321 -3.6472980976 -4.1662280155 -3.0071536413 1
0.607935667 -3.6472980976 -2.753894815 -1.2308660667 1
3.8499996662 -3.6472980976 -2.6799884806 -0.4540286912 1
7.0920636654 -3.6472980976 -2.9543233737 -1.1639162957 1
10.3341276646 -3.6472980976 -2.6724453972 -3.1411048152 1
13.5761916637 -3.6472980976 -1.4748900358 -4.4277168402 1
16.8182556629 -3.6472980976 -0.9635736392 -3.7150808579 1
20.0603196621 -3.6472980976 -1.2480495892 -2.9453312768 1
23.3023836613 -3.6472980976 -2.1293301127 -4.4735795236 1
26.5444476604 -3.6472980976 -2.718728986 -8.2157402378 1
29.7865116596 -3.6472980976 -1.7421845769 -11.5386517191 1
33.0285756588 -3.6472980976 -0.471333858 -13.3806326893 1
36.270639658 -3.6472980976 0 -0 0
39.5127036572 -3.6472980976 0 -0 0
42.7547676563 -3.6472980976 0 -0 0
-35.0547683239 -6.8893620968 0 -0 0
-31.8127043247 -6.8893620968 0 -0 0
-28.5706403255 -6.8893620968 -2.8571247274 16.0314331633 1
-25.3285763264 -6.8893620968 -4.5795643431 13.2115217251 1
-22.0865123272 -6.8893620968 -4.1164017562 11.8999950608 1
-18.844448328 -6.8893620968 -2.4681542618 13.0792994638 1
-15.6023843288 -6.8893620968 -0.9838082727 12.1103197268 1
-12.3603203297 -6.8893620968 -2.7106366724 6.7113809377 1
-9.1182563305 -6.8893620968 -5.6602105185 0.9176486051 1
-5.8761923313 -6.8893620968 -6.9138062304 -1.5966646949 1
-2.6341283321 -6.8893620968 -5.5918674419 -1.2428857233 1
0.607935667 -6.8893620968 -3.6608012748 0.1102081023 1
3.8499996662 -6.8893620968 -3.4604285752 0.8537950098 1
7.0920636654 -6.8893620968 -3.7884249788 -0.26808472 1
10.3341276646 -6.8893620968 -3.474698596 -3.1123159743 1
13.5761916637 -6.8893620968 -2.5944486717 -5.6069034864 1
16.8182556629 -6.8893620968 -2.3315084179 -5.9378196568 1
20.0603196621 -6.8893620968 -2.6658537292 -5.7296593019 1
23.3023836613 -6.8893620968 -3.4987206986 -6.8669577106 1
26.5444476604 -6.8893620968 -4.140198309 -9.4692393287 1
29.7865116596 -6.8893620968 -3.4732405242 -11.8234639555 1
33.0285756588 -6.8893620968 -2.1910537426 -13.4424580732 1
36.270639658 -6.8893620968 0 -0 0
39.5127036572 -6.8893620968 0 -0 0
42.7547676563 -6.8893620968 0 -0 0
-35.0547683239 -10.131426096 0 -0 0
-31.8127043247 -10.131426096 0 -0 0
-28.5706403255 -10.131426096 -5.0676639131 12.0653390124 1
-25.3285763264 -10.131426096 -7.0856286224 12.6904819312 1
-22.0865123272 -10.131426096 -6.2208957341 13.7344951474 1
-18.844448328 -10.131426096 -3.6831080521 14.8995020531 1
-15.6023843288 -10.131426096 -1.4000087347 11.9853537052 1
-12.3603203297 -10.131426096 -3.0095842642 6.70943342 1
-9.1182563305 -10.131426096 -5.7666760277 2.5763720841 1
-5.8761923313 -10.131426096 -6.5264911549 1.2458681429 1
-2.6341283321 -10.131426096 -4.7832973411 1.4298839583 1
0.607935667 -10.131426096 -2.6818907072 1.7575107864 1
3.8499996662 -10.131426096 -3.1147571652 1.6216530078 1
7.0920636654 -10.131426096 -4.4196242248 -0.1484507074 1
10.3341276646 -10.131426096 -4.6912540309 -3.1982313975 1
13.5761916637 -10.131426096 -3.7752135621 -5.9115816113 1
16.8182556629 -10.131426096 -3.4133635639 -7.1325043168 1
20.0603196621 -10.131426096 -4.1774167312 -7.7172058982 1
23.3023836613 -10.131426096 -5.52252313 -8.3560599456 1
26.5444476604 -10.131426096 -6.1573963908 -9.3753834683 1
29.7865116596 -10.131426096 -5.476628139 -10.9918744973 1
33.0285756588 -10.131426096 -4.0306194889 -12.597404474 1
36.270639658 -10.131426096 0 -0 0
39.5127036572 -10.131426096 0 -0 0
42.7547676563 -10.131426096 0 -0 0
-35.0547683239 -13.3734900951 0 -0 0
-31.8127043247 -13.3734900951 0 -0 0
-28.5706403255 -13.3734900951 0 -0 0
-25.3285763264 -13.3734900951 -8.7873919408 10.7674177973 1
-22.0865123272 -13.3734900951 -7.3297126776 14.0737340122 1
-18.844448328 -13.3734900951 -4.6360834207 13.9540616154 1
-15.6023843288 -13.3734900951 -2.8244710452 9.7708340349 1
-12.3603203297 -13.3734900951 -4.2969650303 5.2785103327 1
-9.1182563305 -13.3734900951 -5.8948854967 3.2825643492 1
-5.8761923313 -13.3734900951 -5.7132874716 2.9187777032 1
-2.6341283321 -13.3734900951 -4.3788996668 2.9224964052 1
0.607935667 -13.3734900951 -3.3237937521 2.5870991324 1
3.8499996662 -13.3734900951 -4.4461777984 1.7558661152 1
7.0920636654 -13.3734900951 -6.3007952901 -0.5078336989 1
10.3341276646 -13.3734900951 -6.4961050476 -3.3893003974 1
13.5761916637 -13.3734900951 -5.2250958098 -5.7707516237 1
16.8182556629 -13.3734900951 -4.6290234425 -7.3462240045 1
20.0603196621 -13.3734900951 -6.0059803612 -8.3582091597 1
23.3023836613 -13.3734900951 -7.7129008272 -8.4090275962 1
26.5444476604 -13.3734900951 -8.0206967921 -8.1669484274 1
29.7865116596 -13.3734900951 -7.0889970731 -9.2249294218 1
33.0285756588 -13.3734900951 -5.5509478303 -11.13689663 1
36.270639658 -13.3734900951 0 -0 0
39.5127036572 -13.3734900951 0 -0 0
42.7547676563 -13.3734900951 0 -0 0
-35.0547683239 -16.6155540943 0 -0 0
-31.8127043247 -16.6155540943 0 -0 0
-28.5706403255 -16.6155540943 0 -0 0
-25.3285763264 -16.6155540943 -8.0442089167 11.4439715604 1
-22.0865123272 -16.6155540943 -5.9582284347 13.212256045 1
-18.844448328 -16.6155540943 -4.889260421 12.06408777 1
-15.6023843288 -16.6155540943 -5.6464148465 8.1329831147 1
-12.3603203297 -16.6155540943 -7.4143780661 5.0741912678 1
-9.1182563305 -16.6155540943 -7.2745227432 4.2788516059 1
-5.8761923313 -16.6155540943 -6.303006704 3.6962183186 1
-2.6341283321 -16.6155540943 -6.4253011541 2.7662644209 1
0.607935667 -16.6155540943 -6.7835586615 1.9881216424 1
3.8499996662 -16.6155540943 -7.6010305789 0.8253841233 1
7.0920636654 -16.6155540943 -8.7836659922 -1.4306054457 1
10.3341276646 -16.6155540943 -8.5392618797 -3.9226702429 1
13.5761916637 -16.6155540943 -7.5029644569 -5.923197875 1
16.8182556629 -16.6155540943 -6.8684951928 -7.4974806094 1
20.0603196621 -16.6155540943 -8.0375686362 -8.3931171314 1
23.3023836613 -16.6155540943 -9.057650634 -7.948494913 1
26.5444476604 -16.6155540943 -8.8483676635 -7.0846986449 1
29.7865116596 -16.6155540943 -7.9355549411 -7.748154823 1
33.0285756588 -16.6155540943 0 -0 0
36.270639658 -16.6155540943 0 -0 0
39.5127036572 -16.6155540943 0 -0 0
42.7547676563 -16.6155540943 0 -0 0
-35.0547683239 -19.8576180935 0 -0 0
-31.8127043247 -19.8576180935 0 -0 0
-28.5706403255 -19.8576180935 0 -0 0
-25.3285763264 -19.8576180935 0 -0 0
-22.0865123272 -19.8576180935 -4.0093891303 12.8251426658 1
-18.844448328 -19.8576180935 -5.41521581 11.5249315323 1
-15.6023843288 -19.8576180935 -9.2779163967 9.2612444373 1
-12.3603203297 -19.8576180935 -11.3534787158 7.3217957917 1
-9.1182563305 -19.8576180935 -10.0280138635 6.2227013397 1
-5.8761923313 -19.8576180935 -8.2606496942 4.4807639013 1
-2.6341283321 -19.8576180935 -9.0518793389 2.3532138802 1
0.607935667 -19.8576180935 -9.9251082354 0.8416808458 1
3.8499996662 -19.8576180935 -10.1968488538 -0.8651340165 1
7.0920636654 -19.8576180935 -10.7781089147 -2.9019955354 1
10.3341276646 -19.8576180935 -10.8993296635 -4.6756829474 1
13.5761916637 -19.8576180935 -11.0799481928 -6.6023833535 1
16.8182556629 -19.8576180935 -10.4284579258 -8.1879882614 1
20.0603196621 -19.8576180935 -9.8198039903 -8.893347774 1
23.3023836613 -19.8576180935 -8.8841470361 -7.9292848399 1
26.5444476604 -19.8576180935 -8.0870386054 -6.8658972948 1
29.7865116596 -19.8576180935 -8.0728081388 -6.8763843002 1
33.0285756588 -19.8576180935 0 -0 0
36.270639658 -19.8576180935 0 -0 0
39.5127036572 -19.8576180935 0 -0 0
42.7547676563 -19.8576180935 0 -0 0
-35.0547683239 -23.0996820927 0 -0 0
-31.8127043247 -23.0996820927 0 -0 0
-28.5706403255 -23.0996820927 0 -0 0
-25.3285763264 -23.0996820927 0 -0 0
-22.0865123272 -23.0996820927 -3.9240425635 11.4246388993 1
-18.844448328 -23.0996820927 -7.5172003585 11.5503633961 1
-15.6023843288 -23.0996820927 -12.0334492402 11.1015743957 1
-12.3603203297 -23.0996820927 -13.8013895123 10.0784325305 1
-9.1182563305 -23.0996820927 -12.2567621887 8.2217265147 1
-5.8761923313 -23.0996820927 -10.3380496246 5.2897914423 1
-2.6341283321 -23.0996820927 -10.5586970404 2.1858727416 1
0.607935667 -23.0996820927 -11.3069158319 -0.1873073845 1
3.8499996662 -23.0996820927 -11.6306542673 -2.4029157399 1
7.0920636654 -23.0996820927 -12.3349177351 -4.0764263132 1
10.3341276646 -23.0996820927 -13.0200949255 -4.9759747793 1
13.5761916637 -23.0996820927 -14.518094146 -6.4939407364 1
16.8182556629 -23.0996820927 -13.8185530312 -8.3667287193 1
20.0603196621 -23.0996820927 -11.3721193287 -9.498077084 1
23.3023836613 -23.0996820927 -8.369878565 -8.8362338733 1
26.5444476604 -23.0996820927 -6.9278657986 -7.6618505002 1
29.7865116596 -23.0996820927 0 -0 0
33.0285756588 -23.0996820927 0 -0 0
36.270639658 -23.0996820927 0 -0 0
39.5127036572 -23.0996820927 0 -0 0
42.7547676563 -23.0996820927 0 -0 0
-35.0547683239 -26.3417460918 0 -0 0
-31.8127043247 -26.3417460918 0 -0 0
-28.5706403255 -26.3417460918 0 -0 0
-25.3285763264 -26.3417460918 0 -0 0
-22.0865123272 -26.3417460918 0 -0 0
-18.844448328 -26.3417460918 -10.2829949597 10.8990699945 1
-15.6023843288 -26.3417460918 -13.081585759 10.6499664766 1
-12.3603203297 -26.3417460918 -13.7294454907 9.528918518 1
-9.1182563305 -26.3417460918 -12.7498748806 7.3051769739 1
-5.8761923313 -26.3417460918 -11.1754810321 4.5207242472 1
-2.6341283321 -26.3417460918 -10.5500204716 1.8495456423 1
0.607935667 -26.3417460918 -10.9200681606 -0.4362461183 1
3.8499996662 -26.3417460918 -12.2848728707 -2.7102070108 1
7.0920636654 -26.3417460918 -13.716993455 -4.2278574399 1
10.3341276646 -26.3417460918 -14.6165956665 -4.6868909873 1
13.5761916637 -26.3417460918 -15.656613603 -5.799701097 1
16.8182556629 -26.3417460918 -14.8258405925 -7.5722356993 1
20.0603196621 -26.3417460918 -11.9939614315 -9.2982714291 1
23.3023836613 -26.3417460918 -8.3633306784 -9.4775227707 1
26.5444476604 -26.3417460918 0 -0 0
29.7865116596 -26.3417460918 0 -0 0
33.0285756588 -26.3417460918 0 -0 0
36.270639658 -26.3417460918 0 -0 0
39.5127036572 -26.3417460918 0 -0 0
42.7547676563 -26.3417460918 0 -0 0
-35.0547683239 -29.583810091 0 -0 0
-31.8127043247 -29.583810091 0 -0 0
-28.5706403255 -29.583810091 0 -0 0
-25.3285763264 -29.583810091 0 -0 0
-22.0865123272 -29.583810091 0 -0 0
-18.844448328 -29.583810091 0 -0 0
-15.6023843288 -29.583810091 -12.6449541002 8.5821821507 1
-12.3603203297 -29.583810091 -12.4435270235 7.4638063675 1
-9.1182563305 -29.583810091 -11.8505746098 5.5654059602 1
-5.8761923313 -29.583810091 -11.0266290831 3.1648177305 1
-2.6341283321 -29.583810091 -10.3132192267 1.1369547247 1
0.607935667 -29.583810091 -10.6025798984 -0.5536385229 1
3.8499996662 -29.583810091 -12.5537692074 -2.5531806205 1
7.0920636654 -29.583810091 -14.0843236774 -4.2537280236 1
10.3341276646 -29.583810091 -14.591431926 -4.8780825752 1
13.5761916637 -29.583810091 -14.5747370192 -5.3543747528 1
16.8182556629 -29.583810091 -13.9943912348 -6.547112499 1
20.0603196621 -29.583810091 -12.3724912396 -8.3451653202 1
23.3023836613 -29.583810091 0 -0 0
26.5444476604 -29.583810091 0 -0 0
29.7865116596 -29.583810091 0 -0 0
33.0285756588 -29.583810091 0 -0 0
36.270639658 -29.583810091 0 -0 0
39.5127036572 -29.583810091 0 -0 0
42.7547676563 -29.583810091 0 -0 0
-35.0547683239 -32.8258740902 0 -0 0
-31.8127043247 -32.8258740902 0 -0 0
-28.5706403255 -32.8258740902 0 -0 0
-25.3285763264 -32.8258740902 0 -0 0
-22.0865123272 -32.8258740902 0 -0 0
-18.844448328 -32.8258740902 0 -0 0
-15.6023843288 -32.8258740902 0 -0 0
-12.3603203297 -32.8258740902 0 -0 0
-9.1182563305 -32.8258740902 -11.0663741453 3.6653753749 1
-5.8761923313 -32.8258740902 -10.4368132297 1.6972133735 1
-2.6341283321 -32.8258740902 -9.9806864656 0.3628833904 1
0.607935667 -32.8258740902 -9.9375783876 -0.4253859141 1
3.8499996662 -32.8258740902 -11.8111701367 -2.1377725265 1
7.0920636654 -32.8258740902 -13.1282670037 -4.0154258314 1
10.3341276646 -32.8258740902 -13.7658643738 -5.2121467796 1
13.5761916637 -32.8258740902 -13.0248873287 -5.4894177444 1
16.8182556629 -32.8258740902 -12.6051100014 -5.8899288376 1
20.0603196621 -32.8258740902 0 -0 0
23.3023836613 -32.8258740902 0 -0 0
26.5444476604 -32.8258740902 0 -0 0
29.7865116596 -32.8258740902 0 -0 0
33.0285756588 -32.8258740902 0 -0 0
36.270639658 -32.8258740902 0 -0 0
39.5127036572 -32.8258740902 0 -0 0
42.7547676563 -32.8258740902 0 -0 0
-35.0547683239 -36.0679380894 0 -0 0
-31.8127043247 -36.0679380894 0 -0 0
-28.5706403255 -36.0679380894 0 -0 0
-25.3285763264 -36.0679380894 0 -0 0
-22.0865123272 -36.0679380894 0 -0 0
-18.844448328 -36.0679380894 0 -0 0
-15.6023843288 -36.0679380894 0 -0 0
-12.3603203297 -36.0679380894 0 -0 0
-9.1182563305 -36.0679380894 0 -0 0
-5.8761923313 -36.0679380894 0 -0 0
-2.6341283321 -36.0679380894 0 -0 0
0.607935667 -36.0679380894 0 -0 0
3.8499996662 -36.0679380894 0 -0 0
7.0920636654 -36.0679380894 0 -0 0
10.3341276646 -36.0679380894 0 -0 0
13.5761916637 -36.0679380894 0 -0 0
16.8182556629 -36.0679380894 0 -0 0
20.0603196621 -36.0679380894 0 -0 0
23.3023836613 -36.0679380894 0 -0 0
26.5444476604 -36.0679380894 0 -0 0
29.7865116596 -36.0679380894 0 -0 0
33.0285756588 -36.0679380894 0 -0 0
36.270639658 -36.0679380894 0 -0 0
39.5127036572 -36.0679380894 0 -0 0
42.7547676563 -36.0679380894 0 -0 0
-35.0547683239 -39.3100020885 0 -0 0
-31.8127043247 -39.3100020885 0 -0 0
-28.5706403255 -39.3100020885 0 -0 0
-25.3285763264 -39.3100020885 0 -0 0
-22.0865123272 -39.3100020885 0 -0 0
-18.844448328 -39.3100020885 0 -0 0
-15.6023843288 -39.3100020885 0 -0 0
-12.3603203297 -39.3100020885 0 -0 0
-9.1182563305 -39.3100020885 0 -0 0
-5.8761923313 -39.3100020885 0 -0 0
-2.6341283321 -39.3100020885 0 -0 0
0.607935667 -39.3100020885 0 -0 0
3.8499996662 -39.3100020885 0 -0 0
7.0920636654 -39.3100020885 0 -0 0
10.3341276646 -39.3100020885 0 -0 0
13.5761916637 -39.3100020885 0 -0 0
16.8182556629 -39.3100020885 0 -0 0
20.0603196621 -39.3100020885 0 -0 0
23.3023836613 -39.3100020885 0 -0 0
26.5444476604 -39.3100020885 0 -0 0
29.7865116596 -39.3100020885 0 -0 0
33.0285756588 -39.3100020885 0 -0 0
36.270639658 -39.3100020885 0 -0 0
39.5127036572 -39.3100020885 0 -0 0
42.7547676563 -39.3100020885 0 -0 0
-35.0547683239 -42.5520660877 0 -0 0
-31.8127043247 -42.5520660877 0 -0 0
-28.5706403255 -42.5520660877 0 -0 0
-25.3285763264 -42.5520660877 0 -0 0
-22.0865123272 -42.5520660877 0 -0 0
-18.844448328 -42.5520660877 0 -0 0
-15.6023843288 -42.5520660877 0 -0 0
-12.3603203297 -42.5520660877 0 -0 0
-9.1182563305 -42.5520660877 0 -0 0
-5.8761923313 -42.5520660877 0 -0 0
-2.6341283321 -42.5520660877 0 -0 0
0.607935667 -42.5520660877 0 -0 0
3.8499996662 -42.5520660877 0 -0 0
7.0920636654 -42.5520660877 0 -0 0
10.3341276646 -42.5520660877 0 -0 0
13.5761916637 -42.5520660877 0 -0 0
16.8182556629 -42.5520660877 0 -0 0
20.0603196621 -42.5520660877 0 -0 0
23.3023836613 -42.5520660877 0 -0 0
26.5444476604 -42.5520660877 0 -0 0
29.7865116596 -42.5520660877 0 -0 0
33.0285756588 -42.5520660877 0 -0 0
36.270639658 -42.5520660877 0 -0 0
39.5127036572 -42.5520660877 0 -0 0
42.7547676563 -42.5520660877 0 -0 0
