TITLE = "B00080"
VARIABLES = "x", "y", "Vx", "Vy", "isValid"
ZONE T="Frame 0", I=25, J=25, F=POINT
-35.0547683239 35.2574698925 0 -0 0
-31.8127043247 35.2574698925 0 -0 0
-28.5706403255 35.2574698925 0 -0 0
-25.3285763264 35.2574698925 0 -0 0
-22.0865123272 35.2574698925 0 -0 0
-18.844448328 35.2574698925 0 -0 0
-15.6023843288 35.2574698925 0 -0 0
-12.3603203297 35.2574698925 0 -0 0
-9.1182563305 35.2574698925 0 -0 0
-5.8761923313 35.2574698925 0 -0 0
-2.6341283321 35.2574698925 0 -0 0
0.607935667 35.2574698925 0 -0 0
3.8499996662 35.2574698925 0 -0 0
7.0920636654 35.2574698925 0 -0 0
10.3341276646 35.2574698925 0 -0 0
13.5761916637 35.2574698925 0 -0 0
16.8182556629 35.2574698925 0 -0 0
20.0603196621 35.2574698925 0 -0 0
23.3023836613 35.2574698925 0 -0 0
26.5444476604 35.2574698925 0 -0 0
29.7865116596 35.2574698925 0 -0 0
33.0285756588 35.2574698925 0 -0 0
36.270639658 35.2574698925 0 -0 0
39.5127036572 35.2574698925 0 -0 0
42.7547676563 35.2574698925 0 -0 0
-35.0547683239 32.0154058933 0 -0 0
-31.8127043247 32.0154058933 0 -0 0
-28.5706403255 32.0154058933 0 -0 0
-25.3285763264 32.0154058933 0 -0 0
-22.0865123272 32.0154058933 0 -0 0
-18.844448328 32.0154058933 0 -0 0
-15.6023843288 32.0154058933 0 -0 0
-12.3603203297 32.0154058933 0 -0 0
-9.1182563305 32.0154058933 0 -0 0
-5.8761923313 32.0154058933 0 -0 0
-2.6341283321 32.0154058933 0 -0 0
0.607935667 32.0154058933 0 -0 0
3.8499996662 32.0154058933 0 -0 0
7.0920636654 32.0154058933 0 -0 0
10.3341276646 32.0154058933 0 -0 0
13.5761916637 32.0154058933 0 -0 0
16.8182556629 32.0154058933 0 -0 0
20.0603196621 32.0154058933 0 -0 0
23.3023836613 32.0154058933 0 -0 0
26.5444476604 32.0154058933 0 -0 0
29.7865116596 32.0154058933 0 -0 0
33.0285756588 32.0154058933 0 -0 0
36.270639658 32.0154058933 0 -0 0
39.5127036572 32.0154058933 0 -0 0
42.7547676563 32.0154058933 0 -0 0
-35.0547683239 28.7733418941 0 -0 0
-31.8127043247 28.7733418941 0 -0 0
-28.5706403255 28.7733418941 0 -0 0
-25.3285763264 28.7733418941 0 -0 0
-22.0865123272 28.7733418941 0 -0 0
-18.844448328 28.7733418941 0 -0 0
-15.6023843288 28.7733418941 0 -0 0
-12.3603203297 28.7733418941 0 -0 0
-9.1182563305 28.7733418941 0 -0 0
-5.8761923313 28.7733418941 0 -0 0
-2.6341283321 28.7733418941 0 -0 0
0.607935667 28.7733418941 0 -0 0
3.8499996662 28.7733418941 0 -0 0
7.0920636654 28.7733418941 0 -0 0
10.3341276646 28.7733418941 0 -0 0
13.5761916637 28.7733418941 0 -0 0
16.8182556629 28.7733418941 0 -0 0
20.0603196621 28.7733418941 0 -0 0
23.3023836613 28.7733418941 0 -0 0
26.5444476604 28.7733418941 0 -0 0
29.7865116596 28.7733418941 0 -0 0
33.0285756588 28.7733418941 0 -0 0
36.270639658 28.7733418941 0 -0 0
39.5127036572 28.7733418941 0 -0 0
42.7547676563 28.7733418941 0 -0 0
-35.0547683239 25.531277895 0 -0 0
-31.8127043247 25.531277895 0 -0 0
-28.5706403255 25.531277895 0 -0 0
-25.3285763264 25.531277895 0 -0 0
-22.0865123272 25.531277895 0 -0 0
-18.844448328 25.531277895 0 -0 0
-15.6023843288 25.531277895 0 -0 0
-12.3603203297 25.531277895 0 -0 0
-9.1182563305 25.531277895 5.6077072526 5.5577263997 1
-5.8761923313 25.531277895 5.6687391363 5.1051106024 1
-2.6341283321 25.531277895 5.2186711149 5.7996165536 1
0.607935667 25.531277895 5.2864525817 5.7944835612 1
3.8499996662 25.531277895 5.7301170441 3.6541495205 1
7.0920636654 25.531277895 6.0844167124 1.1774470147 1
10.3341276646 25.531277895 5.7264979825 -0.1850691923 1
13.5761916637 25.531277895 5.7081411938 0.6174414676 1
16.8182556629 25.531277895 0 -0 0
20.0603196621 25.531277895 0 -0 0
23.3023836613 25.531277895 0 -0 0
26.5444476604 25.531277895 0 -0 0
29.7865116596 25.531277895 0 -0 0
33.0285756588 25.531277895 0 -0 0
36.270639658 25.531277895 0 -0 0
39.5127036572 25.531277895 0 -0 0
42.7547676563 25.531277895 0 -0 0
-35.0547683239 22.2892138958 0 -0 0
-31.8127043247 22.2892138958 0 -0 0
-28.5706403255 22.2892138958 0 -0 0
-25.3285763264 22.2892138958 0 -0 0
-22.0865123272 22.2892138958 0 -0 0
-18.844448328 22.2892138958 0 -0 0
-15.6023843288 22.2892138958 3.7543304354 10.3713875045 1
-12.3603203297 22.2892138958 6.3681335079 10.2100654034 1
-9.1182563305 22.2892138958 8.7403924506 8.4694942469 1
-5.8761923313 22.2892138958 9.4360186019 6.3043056531 1
-2.6341283321 22.2892138958 8.0562919809 5.3721336988 1
0.607935667 22.2892138958 7.2331834339 4.5060463044 1
3.8499996662 22.2892138958 6.7612627541 2.6659117018 1
7.0920636654 22.2892138958 6.0198231359 0.6777922485 1
10.3341276646 22.2892138958 4.9616896614 -0.5206370804 1
13.5761916637 22.2892138958 4.7573554994 -0.3331922751 1
16.8182556629 22.2892138958 6.3159116508 1.565461234 1
20.0603196621 22.2892138958 8.7310552354 3.2955789005 1
23.3023836613 22.2892138958 0 -0 0
26.5444476604 22.2892138958 0 -0 0
29.7865116596 22.2892138958 0 -0 0
33.0285756588 22.2892138958 0 -0 0
36.270639658 22.2892138958 0 -0 0
39.5127036572 22.2892138958 0 -0 0
42.7547676563 22.2892138958 0 -0 0
-35.0547683239 19.0471498966 0 -0 0
-31.8127043247 19.0471498966 0 -0 0
-28.5706403255 19.0471498966 0 -0 0
-25.3285763264 19.0471498966 0 -0 0
-22.0865123272 19.0471498966 0 -0 0
-18.844448328 19.0471498966 3.9755171173 6.9773182553 1
-15.6023843288 19.0471498966 4.6326029499 7.2563006201 1
-12.3603203297 19.0471498966 8.3599072744 7.6344916507 1
-9.1182563305 19.0471498966 11.5881881153 7.7422241032 1
-5.8761923313 19.0471498966 12.4244709402 6.7075245507 1
-2.6341283321 19.0471498966 8.2805602699 4.8712245954 1
0.607935667 19.0471498966 5.6607968873 2.967169744 1
3.8499996662 19.0471498966 4.7157525959 1.2039346143 1
7.0920636654 19.0471498966 4.4129081571 -0.1185411286 1
10.3341276646 19.0471498966 3.8758582579 -1.060390104 1
13.5761916637 19.0471498966 4.0732701267 -1.535939432 1
16.8182556629 19.0471498966 6.1651822344 -0.7241424151 1
20.0603196621 19.0471498966 8.2779418399 -0.5640993727 1
23.3023836613 19.0471498966 9.8931284849 -1.5627475417 1
26.5444476604 19.0471498966 0 -0 0
29.7865116596 19.0471498966 0 -0 0
33.0285756588 19.0471498966 0 -0 0
36.270639658 19.0471498966 0 -0 0
39.5127036572 19.0471498966 0 -0 0
42.7547676563 19.0471498966 0 -0 0
-35.0547683239 15.8050858974 0 -0 0
-31.8127043247 15.8050858974 0 -0 0
-28.5706403255 15.8050858974 0 -0 0
-25.3285763264 15.8050858974 0 -0 0
-22.0865123272 15.8050858974 -0.8623187212 10.5941412588 1
-18.844448328 15.8050858974 3.0242830409 6.7242883001 1
-15.6023843288 15.8050858974 5.5407307599 4.3926476322 1
-12.3603203297 15.8050858974 9.9176877401 4.1030466157 1
-9.1182563305 15.8050858974 12.4166398054 5.2855419285 1
-5.8761923313 15.8050858974 11.8436275575 5.8630760407 1
-2.6341283321 15.8050858974 6.4164609334 4.4122876689 1
0.607935667 15.8050858974 2.7682807811 2.0067308535 1
3.8499996662 15.8050858974 2.350611604 0.0446539485 1
7.0920636654 15.8050858974 3.250990709 -1.1973042223 1
10.3341276646 15.8050858974 3.8228111969 -1.606552348 1
13.5761916637 15.8050858974 3.9127418278 -1.6701504259 1
16.8182556629 15.8050858974 5.3787341232 -1.3422100323 1
20.0603196621 15.8050858974 6.841361591 -1.5369465553 1
23.3023836613 15.8050858974 7.8407515906 -2.5072536238 1
26.5444476604 15.8050858974 8.0644872562 -3.7419629431 1
29.7865116596 15.8050858974 0 -0 0
33.0285756588 15.8050858974 0 -0 0
36.270639658 15.8050858974 0 -0 0
39.5127036572 15.8050858974 0 -0 0
42.7547676563 15.8050858974 0 -0 0
-35.0547683239 12.5630218983 0 -0 0
-31.8127043247 12.5630218983 0 -0 0
-28.5706403255 12.5630218983 0 -0 0
-25.3285763264 12.5630218983 0 -0 0
-22.0865123272 12.5630218983 -4.0367114451 10.4055043915 1
-18.844448328 12.5630218983 1.3699076594 7.3740647515 1
-15.6023843288 12.5630218983 6.713901539 4.3852099262 1
-12.3603203297 12.5630218983 11.0085005617 3.6550299797 1
-9.1182563305 12.5630218983 11.8705642939 5.1378319194 1
-5.8761923313 12.5630218983 10.0499100013 6.3633477473 1
-2.6341283321 12.5630218983 5.5346569201 5.7958042499 1
0.607935667 12.5630218983 2.4891231397 3.5933148041 1
3.8499996662 12.5630218983 2.4931404611 1.0138337873 1
7.0920636654 12.5630218983 4.0805876603 -1.1374206947 1
10.3341276646 12.5630218983 4.6196750556 -1.5362765488 1
13.5761916637 12.5630218983 4.233017003 -0.7504341307 1
16.8182556629 12.5630218983 4.7181638946 0.1715817829 1
20.0603196621 12.5630218983 5.2435739786 -0.2683466725 1
23.3023836613 12.5630218983 5.2756696743 -1.6515368367 1
26.5444476604 12.5630218983 5.2181028625 -3.9311952375 1
29.7865116596 12.5630218983 5.4240348948 -6.9465492871 1
33.0285756588 12.5630218983 0 -0 0
36.270639658 12.5630218983 0 -0 0
39.5127036572 12.5630218983 0 -0 0
42.7547676563 12.5630218983 0 -0 0
-35.0547683239 9.3209578991 0 -0 0
-31.8127043247 9.3209578991 0 -0 0
-28.5706403255 9.3209578991 0 -0 0
-25.3285763264 9.3209578991 -3.877437408 9.2373959507 1
-22.0865123272 9.3209578991 -3.2191015408 9.7513383258 1
-18.844448328 9.3209578991 1.7885712783 9.3612810245 1
-15.6023843288 9.3209578991 7.9885497664 8.2255056049 1
-12.3603203297 9.3209578991 11.8418026277 7.4402857885 1
-9.1182563305 9.3209578991 10.9370009968 7.3519010941 1
-5.8761923313 9.3209578991 8.2898956734 7.0816236805 1
-2.6341283321 9.3209578991 5.6849455031 6.8784749378 1
0.607935667 9.3209578991 4.2569488253 5.3701282085 1
3.8499996662 9.3209578991 4.3835308338 2.3623112034 1
7.0920636654 9.3209578991 4.9496379991 -0.3523189371 1
10.3341276646 9.3209578991 4.5130803157 -0.7046679174 1
13.5761916637 9.3209578991 3.7829003692 0.5575849637 1
16.8182556629 9.3209578991 3.5689255416 1.9531748713 1
20.0603196621 9.3209578991 3.5902700338 1.7968355471 1
23.3023836613 9.3209578991 3.0080232306 -0.3658523358 1
26.5444476604 9.3209578991 2.8889088203 -4.6232412775 1
29.7865116596 9.3209578991 3.2945634739 -9.1353725935 1
33.0285756588 9.3209578991 0 -0 0
36.270639658 9.3209578991 0 -0 0
39.5127036572 9.3209578991 0 -0 0
42.7547676563 9.3209578991 0 -0 0
-35.0547683239 6.0788938999 0 -0 0
-31.8127043247 6.0788938999 0 -0 0
-28.5706403255 6.0788938999 0 -0 0
-25.3285763264 6.0788938999 0.2171407516 9.4820379924 1
-22.0865123272 6.0788938999 0.9679902772 10.1298608873 1
-18.844448328 6.0788938999 4.7403589538 11.3198545961 1
-15.6023843288 6.0788938999 9.5190184853 11.3504266989 1
-12.3603203297 6.0788938999 12.073858572 10.1389342062 1
-9.1182563305 6.0788938999 10.1857615902 8.6047129679 1
-5.8761923313 6.0788938999 7.1798232603 7.251863903 1
-2.6341283321 6.0788938999 4.758998057 7.243004962 1
0.607935667 6.0788938999 4.0540060062 6.2782052925 1
3.8499996662 6.0788938999 4.1082255031 3.5027959926 1
7.0920636654 6.0788938999 4.0064234685 1.0075984848 1
10.3341276646 6.0788938999 3.1715232302 0.5107989079 1
13.5761916637 6.0788938999 2.7550521539 1.1636564757 1
16.8182556629 6.0788938999 2.5261976871 1.8359693303 1
20.0603196621 6.0788938999 2.388508487 1.3366747039 1
23.3023836613 6.0788938999 1.9250539233 -1.5571874541 1
26.5444476604 6.0788938999 1.8359542332 -6.7332408427 1
29.7865116596 6.0788938999 1.8396966376 -11.3535318574 1
33.0285756588 6.0788938999 1.4961362462 -13.5907943074 1
36.270639658 6.0788938999 0 -0 0
39.5127036572 6.0788938999 0 -0 0
42.7547676563 6.0788938999 0 -0 0
-35.0547683239 2.8368299007 0 -0 0
-31.8127043247 2.8368299007 0 -0 0
-28.5706403255 2.8368299007 1.6902619431 11.6201008349 1
-25.3285763264 2.8368299007 1.9852015736 11.2199412007 1
-22.0865123272 2.8368299007 3.1829329665 10.7885886735 1
-18.844448328 2.8368299007 5.3075220058 11.1879185746 1
-15.6023843288 2.8368299007 8.003167321 10.9955376423 1
-12.3603203297 2.8368299007 9.6554818061 9.9761537314 1
-9.1182563305 2.8368299007 7.7007863613 8.7027120591 1
-5.8761923313 2.8368299007 4.7858266986 7.3754591138 1
-2.6341283321 2.8368299007 1.8958571605 7.2107824511 1
0.607935667 2.8368299007 1.714557453 6.4416041419 1
3.8499996662 2.8368299007 2.5013059953 4.39350454 1
7.0920636654 2.8368299007 2.761261565 2.265602154 1
10.3341276646 2.8368299007 2.0877528741 1.4776490192 1
13.5761916637 2.8368299007 1.7506206499 1.3259432774 1
16.8182556629 2.8368299007 1.6966417997 0.8289268693 1
20.0603196621 2.8368299007 1.6445887276 -0.4720066197 1
23.3023836613 2.8368299007 1.6596616088 -3.5611698921 1
26.5444476604 2.8368299007 1.6394034994 -8.4089502994 1
29.7865116596 2.8368299007 0.9884739364 -12.4314034993 1
33.0285756588 2.8368299007 0.0828664634 -14.2943850512 1
36.270639658 2.8368299007 0 -0 0
39.5127036572 2.8368299007 0 -0 0
42.7547676563 2.8368299007 0 -0 0
-35.0547683239 -0.4052340984 0 -0 0
-31.8127043247 -0.4052340984 0 -0 0
-28.5706403255 -0.4052340984 0.1241895622 12.7133678308 1
-25.3285763264 -0.4052340984 0.5920271164 11.1676390274 1
-22.0865123272 -0.4052340984 1.703701476 9.7050719477 1
-18.844448328 -0.4052340984 2.4917447401 10.0935869357 1
-15.6023843288 -0.4052340984 3.7088047179 10.4879535351 1
-12.3603203297 -0.4052340984 4.5864630849 10.66847182 1
-9.1182563305 -0.4052340984 2.8872726035 10.1892870502 1
-5.8761923313 -0.4052340984 0.4539041406 9.0906219579 1
-2.6341283321 -0.4052340984 -1.8363364902 8.0316983045 1
0.607935667 -0.4052340984 -1.1675363386 6.7326804407 1
3.8499996662 -0.4052340984 0.4539470917 5.1043756787 1
7.0920636654 -0.4052340984 1.4999041646 3.230618768 1
10.3341276646 -0.4052340984 1.1509797961 1.985240222 1
13.5761916637 -0.4052340984 0.5228292834 0.8034296354 1
16.8182556629 -0.4052340984 0.2898223012 -0.8552056769 1
20.0603196621 -0.4052340984 0.3900440913 -2.6567327036 1
23.3023836613 -0.4052340984 0.9373142313 -5.3697097186 1
26.5444476604 -0.4052340984 1.1110903307 -9.4630513554 1
29.7865116596 -0.4052340984 0.5528161873 -13.2180134508 1
33.0285756588 -0.4052340984 -0.2235553126 -15.1248102259 1
36.270639658 -0.4052340984 0 -0 0
39.5127036572 -0.4052340984 0 -0 0
42.7547676563 -0.4052340984 0 -0 0
-35.0547683239 -3.6472980976 0 -0 0
-31.8127043247 -3.6472980976 0 -0 0
-28.5706403255 -3.6472980976 -0.6521755969 11.7591807741 1
-25.3285763264 -3.6472980976 0.0525231939 9.3137628002 1
-22.0865123272 -3.6472980976 0.3748788917 7.8083002087 1
-18.844448328 -3.6472980976 -0.932068766 8.9270340936 1
-15.6023843288 -3.6472980976 -1.818899564 10.2825710349 1
-12.3603203297 -3.6472980976 -2.1637915141 11.4717078359 1
-9.1182563305 -3.6472980976 -3.5334955144 11.6900484245 1
-5.8761923313 -3.6472980976 -4.8881290491 10.5878270743 1
-2.6341283321 -3.6472980976 -5.6260664568 8.9792782942 1
0.607935667 -3.6472980976 -4.1815952889 7.0365855973 1
3.8499996662 -3.6472980976 -2.3753915778 5.1583457726 1
7.0920636654 -3.6472980976 -0.840948715 3.3268768689 1
10.3341276646 -3.6472980976 -0.4081744999 1.6662039096 1
13.5761916637 -3.6472980976 -0.7935871979 -0.5062233735 1
16.8182556629 -3.6472980976 -1.4495431683 -3.5160865177 1
20.0603196621 -3.6472980976 -1.6501368885 -5.8499440345 1
23.3023836613 -3.6472980976 -1.188451622 -7.6631174435 1
26.5444476604 -3.6472980976 -0.4980986014 -10.2917584874 1
29.7865116596 -3.6472980976 -0.2163688401 -13.3741047307 1
33.0285756588 -3.6472980976 -0.2023587902 -15.1693356138 1
36.270639658 -3.6472980976 0 -0 0
39.5127036572 -3.6472980976 0 -0 0
42.7547676563 -3.6472980976 0 -0 0
-35.0547683239 -6.8893620968 0 -0 0
-31.8127043247 -6.8893620968 0 -0 0
-28.5706403255 -6.8893620968 0.0121935744 12.6410409483 1
-25.3285763264 -6.8893620968 1.2339579398 9.8944020709 1
-22.0865123272 -6.8893620968 0.7537406836 8.3232341572 1
-18.844448328 -6.8893620968 -2.7491132816 9.00337558 1
-15.6023843288 -6.8893620968 -6.0782359857 10.2431194591 1
-12.3603203297 -6.8893620968 -7.6436126762 11.2476303734 1
-9.1182563305 -6.8893620968 -8.1781371431 11.0035535648 1
-5.8761923313 -6.8893620968 -8.79783909 9.62381547 1
-2.6341283321 -6.8893620968 -8.8288991291 8.1751183397 1
0.607935667 -6.8893620968 -7.4949086783 6.3683527169 1
3.8499996662 -6.8893620968 -5.6820637807 4.2866135962 1
7.0920636654 -6.8893620968 -3.8692321686 2.4722552208 1
10.3341276646 -6.8893620968 -2.6992245206 1.0297976957 1
13.5761916637 -6.8893620968 -2.6641876202 -1.1985002095 1
16.8182556629 -6.8893620968 -3.6128280258 -5.1561192616 1
20.0603196621 -6.8893620968 -4.3213971684 -8.4920697514 1
23.3023836613 -6.8893620968 -3.985095885 -9.8739890659 1
26.5444476604 -6.8893620968 -2.500369828 -10.9337182972 1
29.7865116596 -6.8893620968 -1.2424627798 -12.4734107015 1
33.0285756588 -6.8893620968 -0.5584029966 -13.7722510241 1
36.270639658 -6.8893620968 0 -0 0
39.5127036572 -6.8893620968 0 -0 0
42.7547676563 -6.8893620968 0 -0 0
-35.0547683239 -10.131426096 0 -0 0
-31.8127043247 -10.131426096 0 -0 0
-28.5706403255 -10.131426096 1.0799783579 16.2584020102 1
-25.3285763264 -10.131426096 1.4284174322 13.2706091105 1
-22.0865123272 -10.131426096 -0.4813702924 10.13862985 1
-18.844448328 -10.131426096 -5.092488876 8.9081803105 1
-15.6023843288 -10.131426096 -8.6086955662 9.1240208298 1
-12.3603203297 -10.131426096 -9.5827497191 9.7732048735 1
-9.1182563305 -10.131426096 -8.9757588731 9.6444343986 1
-5.8761923313 -10.131426096 -9.5650487457 8.1877756951 1
-2.6341283321 -10.131426096 -9.9304670795 6.6557568125 1
0.607935667 -10.131426096 -9.1743863553 4.9507908088 1
3.8499996662 -10.131426096 -7.6247178292 3.1707200678 1
7.0920636654 -10.131426096 -6.4285578868 1.7560034983 1
10.3341276646 -10.131426096 -5.4603704423 0.6011696175 1
13.5761916637 -10.131426096 -5.3108179909 -1.7860998935 1
16.8182556629 -10.131426096 -5.8993928679 -6.1226883038 1
20.0603196621 -10.131426096 -6.4179193071 -9.7853616112 1
23.3023836613 -10.131426096 -5.8001195868 -10.6036620539 1
26.5444476604 -10.131426096 -3.6249914061 -10.3595139873 1
29.7865116596 -10.131426096 -2.1316854014 -10.820649948 1
33.0285756588 -10.131426096 -1.1868705094 -11.6383694569 1
36.270639658 -10.131426096 0 -0 0
39.5127036572 -10.131426096 0 -0 0
42.7547676563 -10.131426096 0 -0 0
-35.0547683239 -13.3734900951 0 -0 0
-31.8127043247 -13.3734900951 0 -0 0
-28.5706403255 -13.3734900951 0 -0 0
-25.3285763264 -13.3734900951 -1.0928477512 14.4576226643 1
-22.0865123272 -13.3734900951 -4.3951791033 10.3492661189 1
-18.844448328 -13.3734900951 -8.4291181285 7.7618641399 1
-15.6023843288 -13.3734900951 -9.7352732673 7.1133455736 1
-12.3603203297 -13.3734900951 -8.8228361592 7.9157168312 1
-9.1182563305 -13.3734900951 -7.5278002898 8.0304380039 1
-5.8761923313 -13.3734900951 -8.6080753799 6.6999385918 1
-2.6341283321 -13.3734900951 -9.7067767051 4.8661335727 1
0.607935667 -13.3734900951 -9.6651221697 3.4519838968 1
3.8499996662 -13.3734900951 -8.7591284768 2.6109258793 1
7.0920636654 -13.3734900951 -8.6712117905 1.6444019772 1
10.3341276646 -13.3734900951 -8.5743715479 0.2332925614 1
13.5761916637 -13.3734900951 -8.6041586048 -2.3906663064 1
16.8182556629 -13.3734900951 -8.4646124691 -6.1167147084 1
20.0603196621 -13.3734900951 -7.8521426066 -9.0318081308 1
23.3023836613 -13.3734900951 -6.3393899581 -9.3423626262 1
26.5444476604 -13.3734900951 -3.6774049955 -8.8534499298 1
29.7865116596 -13.3734900951 -2.4221862012 -8.9663932755 1
33.0285756588 -13.3734900951 -1.672982479 -9.7809707891 1
36.270639658 -13.3734900951 0 -0 0
39.5127036572 -13.3734900951 0 -0 0
42.7547676563 -13.3734900951 0 -0 0
-35.0547683239 -16.6155540943 0 -0 0
-31.8127043247 -16.6155540943 0 -0 0
-28.5706403255 -16.6155540943 0 -0 0
-25.3285763264 -16.6155540943 -3.7410145472 12.6238363655 1
-22.0865123272 -16.6155540943 -7.4009888064 8.8832454411 1
-18.844448328 -16.6155540943 -10.0767235459 6.9877962025 1
-15.6023843288 -16.6155540943 -9.240822978 6.4965984187 1
-12.3603203297 -16.6155540943 -7.3492663593 7.3734820058 1
-9.1182563305 -16.6155540943 -6.5270902053 7.3622353175 1
-5.8761923313 -16.6155540943 -8.1070524448 5.9909871923 1
-2.6341283321 -16.6155540943 -9.5643615286 3.8459507267 1
0.607935667 -16.6155540943 -10.0245373179 2.4077381863 1
3.8499996662 -16.6155540943 -9.8362851231 1.9168711786 1
7.0920636654 -16.6155540943 -10.4498304985 1.1686357048 1
10.3341276646 -16.6155540943 -10.8882291145 -0.4676050032 1
13.5761916637 -16.6155540943 -11.0713066491 -3.060121292 1
16.8182556629 -16.6155540943 -10.6256034829 -5.8848713304 1
20.0603196621 -16.6155540943 -8.9829649905 -7.3362140654 1
23.3023836613 -16.6155540943 -6.5235858812 -7.1314481282 1
26.5444476604 -16.6155540943 -3.5897096318 -7.0234535911 1
29.7865116596 -16.6155540943 -2.4948095895 -7.8276304543 1
33.0285756588 -16.6155540943 0 -0 0
36.270639658 -16.6155540943 0 -0 0
39.5127036572 -16.6155540943 0 -0 0
42.7547676563 -16.6155540943 0 -0 0
-35.0547683239 -19.8576180935 0 -0 0
-31.8127043247 -19.8576180935 0 -0 0
-28.5706403255 -19.8576180935 0 -0 0
-25.3285763264 -19.8576180935 0 -0 0
-22.0865123272 -19.8576180935 -8.1646029519 7.3847371485 1
-18.844448328 -19.8576180935 -9.1653190751 6.2354275376 1
-15.6023843288 -19.8576180935 -7.8904558659 6.138999746 1
-12.3603203297 -19.8576180935 -6.714161208 7.1892401878 1
-9.1182563305 -19.8576180935 -7.0039210452 7.2406558631 1
-5.8761923313 -19.8576180935 -8.6720209916 5.8296131574 1
-2.6341283321 -19.8576180935 -10.1193612003 3.8666170599 1
0.607935667 -19.8576180935 -11.1718263415 2.4969494434 1
3.8499996662 -19.8576180935 -11.5960421975 1.6365435168 1
7.0920636654 -19.8576180935 -11.9113589021 0.5730207022 1
10.3341276646 -19.8576180935 -11.831902595 -0.8748519034 1
13.5761916637 -19.8576180935 -11.695680223 -2.7978036399 1
16.8182556629 -19.8576180935 -11.1465309549 -4.8583697707 1
20.0603196621 -19.8576180935 -9.3283869975 -5.4907758738 1
23.3023836613 -19.8576180935 -6.8225681961 -5.1969193047 1
26.5444476604 -19.8576180935 -4.2598172623 -5.2138273817 1
29.7865116596 -19.8576180935 -3.1628623623 -6.5903443728 1
33.0285756588 -19.8576180935 0 -0 0
36.270639658 -19.8576180935 0 -0 0
39.5127036572 -19.8576180935 0 -0 0
42.7547676563 -19.8576180935 0 -0 0
-35.0547683239 -23.0996820927 0 -0 0
-31.8127043247 -23.0996820927 0 -0 0
-28.5706403255 -23.0996820927 0 -0 0
-25.3285763264 -23.0996820927 0 -0 0
-22.0865123272 -23.0996820927 -7.8662843027 6.9429314333 1
-18.844448328 -23.0996820927 -7.5735044542 6.5125378699 1
-15.6023843288 -23.0996820927 -6.6608288129 6.4709660663 1
-12.3603203297 -23.0996820927 -6.8872372578 6.7472937682 1
-9.1182563305 -23.0996820927 -7.818793253 6.6593215248 1
-5.8761923313 -23.0996820927 -9.1862556454 5.4813372066 1
-2.6341283321 -23.0996820927 -10.3381051817 3.9652843459 1
0.607935667 -23.0996820927 -12.0789819023 2.8587222958 1
3.8499996662 -23.0996820927 -13.0520958118 1.7885175329 1
7.0920636654 -23.0996820927 -12.9065434712 0.5826441572 1
10.3341276646 -23.0996820927 -11.9429890052 -0.4190668985 1
13.5761916637 -23.0996820927 -11.1451782604 -1.7147227655 1
16.8182556629 -23.0996820927 -10.6982395527 -3.4075684154 1
20.0603196621 -23.0996820927 -9.329739692 -4.0789598979 1
23.3023836613 -23.0996820927 -7.6401705519 -4.1771398515 1
26.5444476604 -23.0996820927 -5.8055351958 -4.2966896603 1
29.7865116596 -23.0996820927 0 -0 0
33.0285756588 -23.0996820927 0 -0 0
36.270639658 -23.0996820927 0 -0 0
39.5127036572 -23.0996820927 0 -0 0
42.7547676563 -23.0996820927 0 -0 0
-35.0547683239 -26.3417460918 0 -0 0
-31.8127043247 -26.3417460918 0 -0 0
-28.5706403255 -26.3417460918 0 -0 0
-25.3285763264 -26.3417460918 0 -0 0
-22.0865123272 -26.3417460918 0 -0 0
-18.844448328 -26.3417460918 -7.1131613898 6.6712143663 1
-15.6023843288 -26.3417460918 -7.2004089754 5.8472760862 1
-12.3603203297 -26.3417460918 -7.9142161858 5.3606466657 1
-9.1182563305 -26.3417460918 -8.5161585828 5.0700124081 1
-5.8761923313 -26.3417460918 -9.0651635233 4.1926529624 1
-2.6341283321 -26.3417460918 -9.7102097712 3.1119811221 1
0.607935667 -26.3417460918 -11.8577777079 2.1155196456 1
3.8499996662 -26.3417460918 -13.90969686 1.1933277384 1
7.0920636654 -26.3417460918 -14.2818726273 0.5385269932 1
10.3341276646 -26.3417460918 -12.8055889841 -0.0422942487 1
13.5761916637 -26.3417460918 -11.1411636564 -1.1409848786 1
16.8182556629 -26.3417460918 -10.4675193942 -2.8246192981 1
20.0603196621 -26.3417460918 -9.4868768946 -3.7133492278 1
23.3023836613 -26.3417460918 -8.4112214976 -3.9410388072 1
26.5444476604 -26.3417460918 0 -0 0
29.7865116596 -26.3417460918 0 -0 0
33.0285756588 -26.3417460918 0 -0 0
36.270639658 -26.3417460918 0 -0 0
39.5127036572 -26.3417460918 0 -0 0
42.7547676563 -26.3417460918 0 -0 0
-35.0547683239 -29.583810091 0 -0 0
-31.8127043247 -29.583810091 0 -0 0
-28.5706403255 -29.583810091 0 -0 0
-25.3285763264 -29.583810091 0 -0 0
-22.0865123272 -29.583810091 0 -0 0
-18.844448328 -29.583810091 0 -0 0
-15.6023843288 -29.583810091 -8.5778873457 4.4032717187 1
-12.3603203297 -29.583810091 -9.2250260429 2.9576725003 1
-9.1182563305 -29.583810091 -9.0590250682 2.3821142881 1
-5.8761923313 -29.583810091 -8.4296332394 1.9962077661 1
-2.6341283321 -29.583810091 -8.6479043816 0.9205279119 1
0.607935667 -29.583810091 -11.3923590198 -0.2680503742 1
3.8499996662 -29.583810091 -14.9322734922 -0.8543575254 1
7.0920636654 -29.583810091 -16.0322556499 -0.8566743166 1
10.3341276646 -29.583810091 -14.2857845714 -1.1527769473 1
13.5761916637 -29.583810091 -11.8388919191 -2.1374311825 1
16.8182556629 -29.583810091 -10.9463140567 -3.2856154603 1
20.0603196621 -29.583810091 -10.254800942 -3.8654156378 1
23.3023836613 -29.583810091 0 -0 0
26.5444476604 -29.583810091 0 -0 0
29.7865116596 -29.583810091 0 -0 0
33.0285756588 -29.583810091 0 -0 0
36.270639658 -29.583810091 0 -0 0
39.5127036572 -29.583810091 0 -0 0
42.7547676563 -29.583810091 0 -0 0
-35.0547683239 -32.8258740902 0 -0 0
-31.8127043247 -32.8258740902 0 -0 0
-28.5706403255 -32.8258740902 0 -0 0
-25.3285763264 -32.8258740902 0 -0 0
-22.0865123272 -32.8258740902 0 -0 0
-18.844448328 -32.8258740902 0 -0 0
-15.6023843288 -32.8258740902 0 -0 0
-12.3603203297 -32.8258740902 0 -0 0
-9.1182563305 -32.8258740902 -9.2753849256 0.7936869138 1
-5.8761923313 -32.8258740902 -7.4313199605 0.3440436853 1
-2.6341283321 -32.8258740902 -7.572349229 -0.80429228 1
0.607935667 -32.8258740902 -10.9112309593 -2.1590656887 1
3.8499996662 -32.8258740902 -15.5865041732 -2.829963649 1
7.0920636654 -32.8258740902 -17.2034716647 -2.7547801053 1
10.3341276646 -32.8258740902 -15.4459519711 -2.8682666423 1
13.5761916637 -32.8258740902 -12.9335381802 -3.4624989828 1
16.8182556629 -32.8258740902 -11.7676967104 -4.2337618908 1
20.0603196621 -32.8258740902 0 -0 0
23.3023836613 -32.8258740902 0 -0 0
26.5444476604 -32.8258740902 0 -0 0
29.7865116596 -32.8258740902 0 -0 0
33.0285756588 -32.8258740902 0 -0 0
36.270639658 -32.8258740902 0 -0 0
39.5127036572 -32.8258740902 0 -0 0
42.7547676563 -32.8258740902 0 -0 0
-35.0547683239 -36.0679380894 0 -0 0
-31.8127043247 -36.0679380894 0 -0 0
-28.5706403255 -36.0679380894 0 -0 0
-25.3285763264 -36.0679380894 0 -0 0
-22.0865123272 -36.0679380894 0 -0 0
-18.844448328 -36.0679380894 0 -0 0
-15.6023843288 -36.0679380894 0 -0 0
-12.3603203297 -36.0679380894 0 -0 0
-9.1182563305 -36.0679380894 0 -0 0
-5.8761923313 -36.0679380894 0 -0 0
-2.6341283321 -36.0679380894 0 -0 0
0.607935667 -36.0679380894 0 -0 0
3.8499996662 -36.0679380894 0 -0 0
7.0920636654 -36.0679380894 0 -0 0
10.3341276646 -36.0679380894 0 -0 0
13.5761916637 -36.0679380894 0 -0 0
16.8182556629 -36.0679380894 0 -0 0
20.0603196621 -36.0679380894 0 -0 0
23.3023836613 -36.0679380894 0 -0 0
26.5444476604 -36.0679380894 0 -0 0
29.7865116596 -36.0679380894 0 -0 0
33.0285756588 -36.0679380894 0 -0 0
36.270639658 -36.0679380894 0 -0 0
39.5127036572 -36.0679380894 0 -0 0
42.7547676563 -36.0679380894 0 -0 0
-35.0547683239 -39.3100020885 0 -0 0
-31.8127043247 -39.3100020885 0 -0 0
-28.5706403255 -39.3100020885 0 -0 0
-25.3285763264 -39.3100020885 0 -0 0
-22.0865123272 -39.3100020885 0 -0 0
-18.844448328 -39.3100020885 0 -0 0
-15.6023843288 -39.3100020885 0 -0 0
-12.3603203297 -39.3100020885 0 -0 0
-9.1182563305 -39.3100020885 0 -0 0
-5.8761923313 -39.3100020885 0 -0 0
-2.6341283321 -39.3100020885 0 -0 0
0.607935667 -39.3100020885 0 -0 0
3.8499996662 -39.3100020885 0 -0 0
7.0920636654 -39.3100020885 0 -0 0
10.3341276646 -39.3100020885 0 -0 0
13.5761916637 -39.3100020885 0 -0 0
16.8182556629 -39.3100020885 0 -0 0
20.0603196621 -39.3100020885 0 -0 0
23.3023836613 -39.3100020885 0 -0 0
26.5444476604 -39.3100020885 0 -0 0
29.7865116596 -39.3100020885 0 -0 0
33.0285756588 -39.3100020885 0 -0 0
36.270639658 -39.3100020885 0 -0 0
39.5127036572 -39.3100020885 0 -0 0
42.7547676563 -39.3100020885 0 -0 0
-35.0547683239 -42.5520660877 0 -0 0
-31.8127043247 -42.5520660877 0 -0 0
-28.5706403255 -42.5520660877 0 -0 0
-25.3285763264 -42.5520660877 0 -0 0
-22.0865123272 -42.5520660877 0 -0 0
-18.844448328 -42.5520660877 0 -0 0
-15.6023843288 -42.5520660877 0 -0 0
-12.3603203297 -42.5520660877 0 -0 0
-9.1182563305 -42.5520660877 0 -0 0
-5.8761923313 -42.5520660877 0 -0 0
-2.6341283321 -42.5520660877 0 -0 0
0.607935667 -42.5520660877 0 -0 0
3.8499996662 -42.5520660877 0 -0 0
7.0920636654 -42.5520660877 0 -0 0
10.3341276646 -42.5520660877 0 -0 0
13.5761916637 -42.5520660877 0 -0 0
16.8182556629 -42.5520660877 0 -0 0
20.0603196621 -42.5520660877 0 -0 0
23.3023836613 -42.5520660877 0 -0 0
26.5444476604 -42.5520660877 0 -0 0
29.7865116596 -42.5520660877 0 -0 0
33.0285756588 -42.5520660877 0 -0 0
36.270639658 -42.5520660877 0 -0 0
39.5127036572 -42.5520660877 0 -0 0
42.7547676563 -42.5520660877 0 -0 0
