,0,1,2,3,4,5,6,7,8,9,10,11,12,13,14,15,16,17,18,19,20,21,22,23,24
0,1.0,1.0,1.0,1.0,1.0,1.0,1.0,1.0,1.0,1.0,1.0,1.0,1.0,1.0,1.0,1.0,1.0,1.0,1.0,1.0,1.0,1.0,1.0,1.0,1.0
1,1.0,1.0,1.0,1.0,1.0,1.0,1.0,1.0,1.0,1.0,1.0,1.0,1.0,1.0,1.0,1.0,1.0,1.0,1.0,1.0,1.0,1.0,1.0,1.0,1.0
2,1.0,1.0,1.0,1.0,1.0,1.0,1.0,1.0,1.0,1.0,1.0,1.0,1.0,1.0,1.0,1.0,1.0,1.0,1.0,1.0,1.0,1.0,1.0,1.0,1.0
3,1.0,1.0,1.0,1.0,1.0,1.0,1.0,1.0,0.976183908901879,1.0230883772564008,1.0052045566202588,1.0056901758894345,0.9279144335045132,0.9897390116084837,1.0520029254057566,1.0807129744504473,2.0,1.0,1.0,1.0,1.0,1.0,1.0,1.0,1.0
4,1.0,1.0,1.0,1.0,1.0,1.0,1.1004765871951485,1.0046200399482523,0.9677353720046815,1.04547574622425,0.9655457020446436,0.9080493790081008,0.9783955996044333,1.026363389655618,1.0389893829731938,1.1318100942219689,1.0105476883498445,1.0049186248259747,1.0,1.0,1.0,1.0,1.0,1.0,1.0
5,1.0,1.0,1.0,1.0,1.0,1.178183208552159,1.078883777008028,0.9971094099499548,1.0133503603269467,1.082626810688351,0.9329331446381445,0.9407991117503198,1.1076437626460482,0.9936624466686719,0.9939876229039427,1.1083632864410944,0.9842390925738198,1.021912079000001,1.0076203247956699,1.0,1.0,1.0,1.0,1.0,1.0
6,1.0,1.0,1.0,1.0,1.134158827447195,1.1435224067286782,1.1103267390944704,1.0144649399094183,1.0591141351427582,1.110587720018776,1.0055245743213541,1.0356557454659312,1.0522067964634636,1.0122393077736465,1.0303539038264082,1.1557756870466276,0.9855805525255495,1.0311688584422338,1.009742562643116,1.0107507601215189,1.0,1.0,1.0,1.0,1.0
7,1.0,1.0,1.0,1.0,1.1339177263943945,1.1112928702600362,0.9855927126501325,1.0500685512483479,1.0875129704052509,1.1056498885013213,1.0744201911467337,1.0464330006758944,1.008624116915722,1.0931640719216504,1.1600736172454174,1.4417119720002713,0.9751628255810151,1.0808569881311498,1.0550745972484692,0.9802750108810843,0.9814070716378486,1.0,1.0,1.0,1.0
8,1.0,1.0,1.0,1.1601147065617572,1.1548327514837464,1.134687178307173,0.9995071182129637,0.9981819741196444,1.1176884966138256,1.079653286527574,1.0997113487899919,1.0311236579604819,0.9416940624243912,1.055936667365735,1.0270817558559286,0.8921766742300721,0.9687206896024424,1.0955442181113801,0.9724740588656449,0.9867352841469998,0.9533335021645616,1.0,1.0,1.0,1.0
9,1.0,1.0,1.0,1.0471817448221454,1.061820491228835,0.921651866266578,0.8882915156957285,0.9905590613281972,1.0717787644734202,1.0743059825424888,1.0354397429880227,1.0210000159232526,1.0088451395699611,1.0054444619208178,0.9958346907041541,0.8735316023332195,1.2965846896177693,1.2134788057569716,1.062723872513538,1.0019743672345365,1.0035927694344475,1.0113187698403996,1.0,1.0,1.0
10,1.0,1.0,1.0406816267548646,1.0605862789571014,0.9765392272412966,0.8882715394861316,0.949585442852568,1.0167955082223525,1.1220373408822815,1.054821267849982,1.0239361815108385,0.9453757032426034,0.939041790331041,1.0443197581293588,0.9620288603221335,0.8376278986827049,1.0056746159577084,1.0554316914836166,0.9761474079516937,1.033646139414768,1.0975085562678581,1.0741568159083066,1.0,1.0,1.0
11,1.0,1.0,1.1316738492602931,1.1368026548477266,1.0206835727947492,0.9766717398219996,1.0297152311637074,1.0685249604902738,0.9709320823972739,0.9715189624530316,1.0197395125764968,0.965765029657002,0.9701397270044647,1.0885543190831606,1.3470455674750805,0.7986266691081998,0.9539914338284198,1.0399975314106749,1.0734264377878233,1.0960684999356218,1.1054302792716215,1.1565644559821753,1.0,1.0,1.0
12,1.0,1.0,1.1253899674376078,1.1641855532155854,1.0833823097596544,1.042124472689861,1.0495670433176474,1.0398618936820896,0.9582431618781174,1.0184176935362352,1.0512524994658694,1.040993665766191,1.6249004804250526,0.9575905118800428,0.9350156482285189,0.9201543990700126,0.9325523654267803,1.013366095815264,1.0785894465605335,1.102981908918046,1.0947455332500364,1.1365958548965265,1.0,1.0,1.0
13,1.0,1.0,1.0530687923673403,1.0807752311645846,0.9892131330325898,0.9813084960769577,1.0168030553918241,1.0306837820350985,0.9974049136306141,1.034171417915136,1.052521210468628,1.0373818253149307,1.0672738043088754,1.2262908857727244,0.9735674965609425,0.9875370980749945,1.0345990578179323,1.021636475128856,1.0231416857245732,1.0479054530794794,1.0330719374733985,1.0623794912227753,1.0,1.0,1.0
14,1.0,1.0,1.0470731047546178,1.1754228433187475,1.0645414392058834,1.0234378202507102,0.968415829321113,0.9851645706596794,1.0763878954699422,1.105456742686906,1.072927686407867,1.0312460061685966,1.0339253631732048,1.0142649107485557,1.1653569329428008,1.0719378776595496,1.1053535382212678,1.0324207366227474,1.0293451686553705,0.9991862613006218,0.9977532292347229,1.030423162666427,1.0,1.0,1.0
15,1.0,1.0,1.0,1.0025549512699996,1.0151402539367382,0.996762898795274,1.0004271620980296,1.0061222178291027,1.0039403163006246,1.0718717281007502,1.0672936265779558,1.059217379707285,1.0537654978096727,0.9967899476380992,1.1212180497174735,1.232679384037853,1.2543453841556427,1.110304662128751,1.1010367762974238,1.1096488250031882,1.0597927901626407,0.9844237925521245,1.0,1.0,1.0
16,1.0,1.0,1.0,1.0474852400784502,1.0741252969103718,1.0628190045133588,1.0854716874672454,0.9948038096944856,1.05160419269909,1.0793991189987684,1.1055957769205507,1.1089324641303406,1.130149306857844,1.1031539622498194,1.1638904684871239,1.2101333197911546,1.1772904415256602,1.123570582712642,1.0972305305592052,1.047484526023864,0.9868404704000581,1.0,1.0,1.0,1.0
17,1.0,1.0,1.0,1.0,0.9889513219138206,1.0142931975993354,1.025303975196753,0.9724012138287464,1.0302249122748555,1.1120072040697941,1.1854686829336412,1.195120947410431,1.1899536092370182,1.203620921950399,1.2600781821789102,1.34418652994718,1.1531542062237787,1.32427588659485,1.1430211203246536,1.042442396781428,1.0253514195333528,1.0,1.0,1.0,1.0
18,1.0,1.0,1.0,1.0,1.0323635030103193,1.0330469386633712,1.0263868416812794,0.9677866110064427,0.9973173707051657,1.0942672662033306,1.1733499582769094,1.2130927960761457,1.2057082519517697,1.2358472488673315,1.2111940253877131,1.251681705055803,1.140784739686593,1.1866135577277357,1.0152017758995613,0.9536512104599699,1.0,1.0,1.0,1.0,1.0
19,1.0,1.0,1.0,1.0,1.0,1.0195688943696568,1.0054659715241048,0.9366207193529353,1.0268078887216323,1.0426454714303688,1.1023558831329345,1.2084415441587018,1.265883565506622,1.2205127328182537,1.1815561759394118,1.1700193926068476,1.0594814079820822,1.0691942512276227,0.9835397076530847,1.0,1.0,1.0,1.0,1.0,1.0
20,1.0,1.0,1.0,1.0,1.0,1.0,0.9692702461557048,0.9939717177970493,1.0172766363261707,0.9751421926810792,0.9728866401630905,1.1245478601836403,1.2284901311834195,1.238247524141626,1.1456323168094062,1.1194130316919517,1.0290997576744565,0.9539313853823825,1.0,1.0,1.0,1.0,1.0,1.0,1.0
21,1.0,1.0,1.0,1.0,1.0,1.0,1.0,1.0,0.9826848314391339,0.9787529914800357,0.8441319867249548,0.9057315868166737,1.056461349840021,1.188431266781315,1.1803002874274617,1.1446541730872362,2.0,1.0,1.0,1.0,1.0,1.0,1.0,1.0,1.0
22,1.0,1.0,1.0,1.0,1.0,1.0,1.0,1.0,1.0,1.0,1.0,1.0,1.0,1.0,1.0,1.0,1.0,1.0,1.0,1.0,1.0,1.0,1.0,1.0,1.0
23,1.0,1.0,1.0,1.0,1.0,1.0,1.0,1.0,1.0,1.0,1.0,1.0,1.0,1.0,1.0,1.0,1.0,1.0,1.0,1.0,1.0,1.0,1.0,1.0,1.0
24,1.0,1.0,1.0,1.0,1.0,1.0,1.0,1.0,1.0,1.0,1.0,1.0,1.0,1.0,1.0,1.0,1.0,1.0,1.0,1.0,1.0,1.0,1.0,1.0,1.0
