,0,1,2,3,4,5,6,7,8,9,10,11,12,13,14,15,16,17,18,19,20,21,22,23,24
0,,,,,,,,,,,,,,,,,,,,,,,,,
1,,,,,,,,,,,,,,,,,,,,,,,,,
2,,,,,,,,,,,,,,,,,,,,,,,,,
3,,,,,,,,,0.9952272647482266,0.9943172260811983,0.999235892913325,0.9960682685264836,0.9963681175222916,0.9964873292701616,0.999685670093072,0.9975776216226574,,,,,,,,,
4,,,,,,,0.9998146212291144,0.9870608261650795,0.9649157336391601,0.9076077953380639,0.9991759196926533,0.9924643787009774,0.9999938581154001,0.9943201077092139,0.9965820814536049,0.9945148774620819,0.9999979317974987,0.9937704186956775,,,,,,,
5,,,,,,0.9973390764459044,0.9998946898021689,0.9980916660135281,0.9961191627952316,0.9464216917211961,0.9885324600069374,0.9999484448329842,0.9999484167750832,0.999850110475208,0.9998361811162242,0.9998755892491885,0.9999871631226609,0.998401665978609,0.9985022165209737,,,,,,
6,,,,,0.9927156767899205,0.9948774922221807,0.9976585782478415,0.9995954065818801,0.9978386371461381,0.9910700459764472,0.9925748387282456,0.9178250463694346,0.9927133621589094,0.9997689744282136,0.9994328497419677,0.983871387498661,0.9991506273282246,0.9045060302671645,0.7768732574531714,0.9580710411374705,,,,,
7,,,,,0.9896770302675656,0.979187432097626,0.999981343635249,0.9999716871244524,0.9890510329073371,0.9929351629500563,0.9994578883526412,0.9063210414061821,0.9859824769791861,0.9730942044749021,0.9817948472901226,0.9932470403528815,0.9977128323490904,0.9708445552968596,0.6593932957166586,0.9961499778368847,0.9269963020524116,,,,
8,,,,0.9542746242555783,0.9860460179263043,0.9957311011959026,0.9983252050690311,0.9977022207557029,0.9963724577779387,0.9349691664090997,0.41901911437696354,0.9998635137091649,0.9824177249522047,0.9937972494128803,0.9984131547753933,0.9182423063031824,0.9999620066081216,0.9764871030783804,0.9610378126509129,0.7387427721112265,0.9838776771007035,,,,
9,,,,0.9293125856463723,0.9972420388905118,0.9969225505972101,0.9999869300852684,0.9853326037080792,0.7937546468977471,0.9073380229667732,0.903599122895389,0.9999480645113126,0.9888380508820529,0.9927080888586376,0.9917972652533116,0.9577623183985645,0.9821456433863682,0.9993964983359913,0.9990767935719002,0.5373047017867794,0.9944797769929546,0.9991062726725315,,,
10,,,0.9657060660653202,0.9619027553609132,0.909977685870352,0.9808358427035035,0.9445828106235931,0.9293505964497438,0.9910287304083742,0.9989426909956913,0.6695788389836096,0.970643252848788,0.9913962926892921,0.9506897898662917,0.9921921581822811,0.999999783391352,0.9987706076558771,0.9906057222675054,0.9982672820039568,0.9926018824146237,0.9998386598965031,0.9993162899192272,,,
11,,,0.9990479066766635,0.99622946938676,0.9932371428538184,0.9973769766912453,0.9403771721023367,0.9968646992345895,0.9993493662966639,0.9945205274866112,0.8375284269277107,0.9979651937695201,0.7595719821597814,-0.6842586480062506,-0.9581056097310074,0.9628072622136845,0.9767819058608165,0.9688528200938733,0.9999052383795966,0.9985504698023332,0.9998514101243419,0.9999999403245572,,,
12,,,0.998877886324328,0.9972882597180962,0.9984327183594517,0.9999267928561585,0.9942593057656043,0.9995249768039952,0.9994867444611224,0.9999927745026554,0.9826340516031098,0.8368469953999164,0.7546911629739463,0.26109079109924815,0.9299944780761166,0.9962549328650573,0.9999750667473513,0.9996393678507812,0.9949501274906258,0.9991582461679246,0.9993634730823413,0.9992014475902664,,,
13,,,0.9987822906278327,0.9786875773892724,0.9216312934393756,0.9654137401639168,0.999987107876316,0.9882461874100051,0.9584017505768819,0.980192017640067,0.9999288463332566,0.9963175192040541,0.9974529299878879,0.9999332185177098,-0.0025800270920646865,0.997744984253461,0.9960045773562097,0.9992314594736575,0.9966781719600517,0.9996558175558907,0.9987727005150574,0.9999128539441026,,,
14,,,0.9992259753635214,0.9780476408397888,0.9938953708838874,0.924103983906073,0.9944885105731457,0.9557106159942985,0.9671425062912891,0.9989355134387713,0.9996086126574628,0.995007747309195,0.9955001718919692,0.9962803000054532,0.7826246742628948,0.9999601677422586,0.9794091742406764,0.9997836116822012,0.99307183137489,0.9996344793893687,0.9997214044812419,0.9998477562370396,,,
15,,,,0.9975440292536569,0.999866157236165,0.999209416633329,0.9993037511332105,0.9999370988485464,0.999348957413031,0.9994439659228126,0.9894271600867243,0.9974221973209588,0.9794376872192955,0.9747319303005721,0.7904299529283576,0.7329783494108358,0.8305739407825021,0.9992097981035989,0.9950199898053976,0.9852121714444635,0.9962333903354554,0.9984066567498433,,,
16,,,,0.9242109235386403,0.9248529766957189,0.9947550821052978,0.9997328628321533,0.9840912677046184,0.984287556284216,0.9966268519587765,0.9995416291689921,0.9962242642936496,0.6930311162719303,0.7823288738478025,0.9817323597166899,0.9915292497643614,0.9858593281090384,0.9998910435007795,0.998336189557752,0.9951178943685641,0.9998009350483761,,,,
17,,,,,0.9975037606024962,0.9995617341254567,0.9998801555386305,0.9976971022839135,0.9912726753879312,0.9995327200515001,0.9920942701421146,0.9996970418953095,0.9988141530633964,0.9953903622475382,0.9664129005983783,0.9957355016858749,0.9990453723092835,0.9915353878609395,0.9917118739608803,0.9467120154947952,0.9647049889457635,,,,
18,,,,,0.9982571746172777,0.993684565535906,0.9999541427901579,0.9981814501078149,0.999402051690909,0.9992590727835252,0.9951067760567963,0.9999508521051399,0.9999693016630066,0.9985485963647045,0.9976894156827598,0.9858827785987353,0.9999866481664466,0.9994223194136201,0.9863660956983253,0.9835144595838894,,,,,
19,,,,,,0.9986260782981731,0.9993747180251558,0.9998612155760417,0.9996565419163147,0.9976702087703219,0.9976412023313382,0.999723533057889,0.9973099974368623,0.998084948411424,0.9999956614647731,0.99821387208335,0.9991397542165629,0.9972250395194717,0.9585044784342883,,,,,,
20,,,,,,,0.9997462034188405,0.9993626267188884,0.9992427485335567,0.9953984218534986,0.99740649309902,0.9995091987139461,0.998041068803147,0.9998893896154135,0.999585874305404,0.9885414277423838,0.9994619634349154,0.9925020932977273,,,,,,,
21,,,,,,,,,0.9990160942784433,0.9981987340470668,0.9999995341762089,0.9987637044290633,0.999707252759637,0.9950179200829423,0.9980442734630087,0.9925352236114344,,,,,,,,,
22,,,,,,,,,,,,,,,,,,,,,,,,,
23,,,,,,,,,,,,,,,,,,,,,,,,,
24,,,,,,,,,,,,,,,,,,,,,,,,,
