,0,1,2,3,4,5,6,7,8,9,10,11,12,13,14,15,16,17,18,19,20,21,22,23,24
0,0.0,0.0,0.0,0.0,0.0,0.0,0.0,0.0,0.0,0.0,0.0,0.0,0.0,0.0,0.0,0.0,0.0,0.0,0.0,0.0,0.0,0.0,0.0,0.0,0.0
1,0.0,0.0,0.0,0.0,0.0,0.0,0.0,0.0,0.0,0.0,0.0,0.0,0.0,0.0,0.0,0.0,0.0,0.0,0.0,0.0,0.0,0.0,0.0,0.0,0.0
2,0.0,0.0,0.0,0.0,0.0,0.0,0.0,0.0,0.0,0.0,0.0,0.0,0.0,0.0,0.0,0.0,0.0,0.0,0.0,0.0,0.0,0.0,0.0,0.0,0.0
3,0.0,0.0,0.0,0.0,0.0,0.0,0.0,0.0,1.0185193791,0.9855318259,1.3329037661,1.7744431696,1.3811461953,-0.0056866845,-1.9937510253,-2.3433143004,0.0,0.0,0.0,0.0,0.0,0.0,0.0,0.0,0.0
4,0.0,0.0,0.0,0.0,0.0,0.0,0.7132503562,-0.1899451388,0.0696820138,1.1135294834,2.4703786592,3.1391572975,2.6896934595,1.2841966501,-0.8820899511,-2.103719047,-2.3222945455,-1.7137992798,0.0,0.0,0.0,0.0,0.0,0.0,0.0
5,0.0,0.0,0.0,0.0,0.0,-0.5244367781,-1.2746512469,-2.2547805982,-1.5306424858,0.5929074623,2.5421830333,3.2818149324,2.664728698,2.0348324772,0.7923547513,-0.6174535075,-1.7966702345,-1.7528864131,-0.3130999312,0.0,0.0,0.0,0.0,0.0,0.0
6,0.0,0.0,0.0,0.0,-1.2416719216,-1.9442671668,-3.3196752805,-4.0079069033,-2.1226696021,0.8860749649,2.747399768,2.6515840103,1.452667198,1.4599545375,2.2158767429,2.076087545,0.8017677536,-0.165634211,0.763443549,2.6480878385,0.0,0.0,0.0,0.0,0.0
7,0.0,0.0,0.0,0.0,-2.2857366187,-2.8745014164,-4.0991044776,-3.578052908,-0.9405155579,1.8063581538,2.743421095,1.7585307422,0.2098114989,0.4345112424,2.2483865504,3.8735393531,3.7228256376,2.808797,2.6079433088,3.4518181314,3.6962391525,0.0,0.0,0.0,0.0
8,0.0,0.0,0.0,-1.569878174,-1.5464841081,-2.2083510212,-3.4191864908,-2.7438525683,-0.4065856123,1.3225422171,1.4820034574,0.7052348111,0.0203548319,0.1758653028,1.346480682,3.2487771815,4.4059384592,4.4450011354,3.9638308033,3.7316181517,2.993527962,0.0,0.0,0.0,0.0
9,0.0,0.0,0.0,-0.083414014,0.1448070188,-0.7420688627,-2.2215043142,-2.4884318464,-1.5207657025,-0.8248430455,-0.7760344019,-0.417677707,0.5914667144,1.124591535,0.9350983638,1.4769898826,2.6246696175,3.3541735186,3.2408497277,2.7848500806,2.0424182851,1.2941397094,0.0,0.0,0.0
10,0.0,0.0,-0.6453941591,0.4824051942,1.071641095,0.3934666273,-0.7960972312,-1.4034935836,-1.7579445243,-2.106480295,-2.1519007862,-1.1184421346,0.6959376786,1.5983738304,1.098793719,0.5165403486,0.7973661371,1.226157452,1.5262130153,1.4527380031,1.3192356641,1.0801164958,0.0,0.0,0.0
11,0.0,0.0,-1.831650672,-0.441167337,0.2600136367,0.2029191922,0.123370029,0.37676621,-0.190841563,-1.2603397846,-1.6070503992,-0.8069295058,0.4511987517,1.260391341,1.445025531,1.0851508291,0.8102811989,0.4742868761,0.5411357611,0.7849686017,1.2080162491,1.2473853196,0.0,0.0,0.0
12,0.0,0.0,-2.990180647,-1.8430806384,-1.4135056363,-0.7221477192,-0.0046378096,1.2612866708,0.9198708889,0.0692064241,-0.4219740971,-0.1056475895,0.3082318352,0.6793124446,1.3453083971,1.6323930395,1.3609887831,0.6813522052,0.4773765978,0.8263374256,1.3105441492,1.3360498376,0.0,0.0,0.0
13,0.0,0.0,-3.4298519433,-2.1422687259,-1.3759221678,-0.7703938472,-0.8548685601,-0.0194981246,0.2431972931,0.623132673,0.6796796045,0.8486268413,0.5124758112,0.1401863821,0.7782008267,1.6449644928,1.8074489147,0.9773389661,0.4403085044,0.6759907946,1.3158518144,1.4565398898,0.0,0.0,0.0
14,0.0,0.0,-3.0664771443,-1.0351118525,0.7316960664,1.4118393764,-0.3825462991,-1.0872121029,-0.3342228743,1.532495496,2.1843997237,1.7613241468,0.6703395209,-0.0866712185,0.4040455359,1.6605290845,2.1786562072,1.4023104289,0.4207674287,0.5313469936,1.3671532051,1.9784094168,0.0,0.0,0.0
15,0.0,0.0,0.0,-0.6673281905,2.0579635527,3.5141927455,1.6088196209,-0.147149541,0.2641382792,2.0757096662,3.0901209152,2.4167625908,0.894566897,-0.0506809544,0.1811472652,1.369435726,2.0004074597,1.4488173027,0.3674841368,0.4175617617,1.5064657896,2.6332918369,0.0,0.0,0.0
16,0.0,0.0,0.0,-2.2107997605,0.9160747391,3.7060627941,2.4128462686,0.0478059408,-0.3048586854,1.0488041098,2.513604796,1.9817295571,0.870190467,-0.1730267958,-0.3564242743,0.1629546003,0.9478115782,1.0853526764,0.3966636889,0.3305491615,1.1756611107,0.0,0.0,0.0,0.0
17,0.0,0.0,0.0,0.0,-2.0230253869,0.9059424385,0.1665939862,-1.808904571,-2.6991128025,-1.2419066805,0.4416654638,0.4769364437,0.0813441726,-0.9753270596,-1.6353947833,-1.4976968269,-0.0406903395,1.0215098001,0.75654058,0.2227737579,0.4929884433,0.0,0.0,0.0,0.0
18,0.0,0.0,0.0,0.0,-4.5299141153,-3.429226624,-4.4860629611,-5.3272502093,-5.3906638014,-3.6235055558,-1.8494167136,-0.9928068613,-0.8899398062,-2.1602230275,-2.9725116794,-2.447760732,-0.1053620197,1.4920370989,1.4511706288,0.4071395603,0.0,0.0,0.0,0.0,0.0
19,0.0,0.0,0.0,0.0,0.0,-7.2285794417,-8.0377854296,-7.3663465425,-6.5030551193,-5.2427472649,-3.7976124313,-2.0307959826,-1.4530064284,-2.6067304128,-3.3943850793,-2.4154764743,0.1020962287,1.79804331,2.032632839,0.0,0.0,0.0,0.0,0.0,0.0
20,0.0,0.0,0.0,0.0,0.0,0.0,-9.3778732716,-7.4357282951,-6.4033548941,-5.8520612429,-4.7003448624,-2.4943234649,-1.8105536203,-2.5820123369,-3.1081226215,-2.1477481953,-0.4245571246,0.9542497095,0.0,0.0,0.0,0.0,0.0,0.0,0.0
21,0.0,0.0,0.0,0.0,0.0,0.0,0.0,0.0,-5.8119055413,-5.423982961,-4.5362983501,-3.2070538037,-3.0200836492,-3.3107052253,-3.0329891999,-2.1917430733,-1.2329292277,0.0,0.0,0.0,0.0,0.0,0.0,0.0,0.0
22,0.0,0.0,0.0,0.0,0.0,0.0,0.0,0.0,0.0,0.0,0.0,0.0,0.0,0.0,0.0,0.0,0.0,0.0,0.0,0.0,0.0,0.0,0.0,0.0,0.0
23,0.0,0.0,0.0,0.0,0.0,0.0,0.0,0.0,0.0,0.0,0.0,0.0,0.0,0.0,0.0,0.0,0.0,0.0,0.0,0.0,0.0,0.0,0.0,0.0,0.0
24,0.0,0.0,0.0,0.0,0.0,0.0,0.0,0.0,0.0,0.0,0.0,0.0,0.0,0.0,0.0,0.0,0.0,0.0,0.0,0.0,0.0,0.0,0.0,0.0,0.0
