,0,1,2,3,4,5,6,7,8,9,10,11,12,13,14,15,16,17,18,19,20,21,22,23,24
0,1.0,1.0,1.0,1.0,1.0,1.0,1.0,1.0,1.0,1.0,1.0,1.0,1.0,1.0,1.0,1.0,1.0,1.0,1.0,1.0,1.0,1.0,1.0,1.0,1.0
1,1.0,1.0,1.0,1.0,1.0,1.0,1.0,1.0,1.0,1.0,1.0,1.0,1.0,1.0,1.0,1.0,1.0,1.0,1.0,1.0,1.0,1.0,1.0,1.0,1.0
2,1.0,1.0,1.0,1.0,1.0,1.0,1.0,1.0,1.0,1.0,1.0,1.0,1.0,1.0,1.0,1.0,1.0,1.0,1.0,1.0,1.0,1.0,1.0,1.0,1.0
3,1.0,1.0,1.0,1.0,1.0,1.0,1.0,1.0,1.0119698205344958,1.0786072429381586,1.175135811607511,1.1838292631056055,1.2513587930150811,0.9308437352594882,0.9526288847618816,1.019955716532343,1.0,1.0,1.0,1.0,1.0,1.0,1.0,1.0,1.0
4,1.0,1.0,1.0,1.0,1.0,1.0,1.007290934488672,1.0200307000044813,0.9955304831306122,0.8759754182277242,1.088882845782514,0.8666037568526801,0.9248445084381502,1.0182114131510076,1.0019909988139484,1.0605372089570069,0.891457116437035,1.0964660303082987,1.0,1.0,1.0,1.0,1.0,1.0,1.0
5,1.0,1.0,1.0,1.0,1.0,0.9514566411693338,1.0233069875405862,1.0079881728494673,1.032946792373717,1.0034371418815358,0.9349825840433091,0.9013534907327938,1.0632056811892563,0.9604716773372448,0.9104168934549999,0.9284371524206255,1.0064379851125165,1.1169658455758844,0.9788360366817135,1.0,1.0,1.0,1.0,1.0,1.0
6,1.0,1.0,1.0,1.0,1.037054575776049,1.0272819032965275,1.11533670456542,1.1629883045862448,1.0827262178530834,1.0136010579683858,0.942688725868413,0.9524585045848911,0.8758064934839999,0.767662020057332,0.9786890754397092,1.1850327829153504,1.0358333816041145,1.1031434108088283,0.9872171740304959,1.145304335151919,1.0,1.0,1.0,1.0,1.0
7,1.0,1.0,1.0,1.0,1.0548257471129256,1.0061891532408673,1.0350224615817492,0.9505205798299555,0.9322250293772074,1.0525681163193572,1.0665855960469839,1.0587604563634656,0.8902520947619195,0.8922693656608541,0.9198988694521825,0.8965044074286732,1.0258259426096887,1.0212399544873974,0.9792855078105678,1.0651484174360037,1.0235272042693058,1.0,1.0,1.0,1.0
8,1.0,1.0,1.0,1.0089204333617037,1.066417427137912,1.0368058958056205,1.0382296118298144,1.034150789276581,0.9224150025179892,0.961665570688571,1.068827347991573,0.9402268203040257,0.8977860415456076,1.0345918875430271,0.9924471362781945,1.0145088001122378,1.0164607218085717,1.0278108905280896,1.011153268295291,1.0088246763323607,0.9387782437875359,1.0,1.0,1.0,1.0
9,1.0,1.0,1.0,0.9455396577264803,0.9714344243291745,0.9906127449517254,1.0520258611851208,1.0373153625534295,0.9823459547149013,1.0050806828296988,1.1699214760136636,0.9401774797749568,1.0395291835706804,1.0570336953734705,0.9939019720605409,1.0685985161588718,1.0669127356330936,1.052462242294372,0.9663022290611992,0.9243047426906634,0.9659835918550672,0.9759483434257654,1.0,1.0,1.0
10,1.0,1.0,1.0059064102562059,1.0097783320437848,1.0338037905763926,1.2845401071840223,0.6148628330961701,1.1758464608776196,0.9747243005625653,0.9727741467048137,1.0633543291806467,1.0378528974822079,1.0443520550714571,1.0271374080753413,1.0992349151489273,1.0254523558894877,1.0353763479545013,1.0377304920941886,1.0284026868766634,0.9427658107599719,0.9928681324922347,0.9618420877284901,1.0,1.0,1.0
11,1.0,1.0,0.8716353358224573,0.9216564545333923,1.0402043326531196,1.0776362197760312,1.0392105415031103,1.0950476576167252,0.9227079731290208,0.9931110760267704,0.9725794564531388,1.0245922154160227,1.0299079801838413,1.1227470377627438,1.0805713435029223,1.0359160493847208,0.9357582156793396,0.9557765309097238,1.0557759238809008,1.0653748910906133,0.9747810879359304,0.8917755842152709,1.0,1.0,1.0
12,1.0,1.0,0.9430210729995023,0.9475124541925193,1.018060854589383,1.0855853032863803,1.140979133364345,1.0972546491529318,0.9708846899290305,1.0109775103682523,0.9877669662249795,1.1147823832167065,1.0634709912025555,0.9739217886655256,1.005520695261127,1.0159460443121726,0.9394129119621052,0.9538295458646351,0.9883978931291569,0.976147618234304,0.9898541221699036,0.970101630073675,1.0,1.0,1.0
13,1.0,1.0,0.9417653720002684,0.9291697656855696,0.9781717943425428,1.0660599919307558,1.1337739856473075,1.1291777265968475,1.0278970067085629,1.0066012422120338,0.9915114832220294,0.9812382425453363,0.9545951592803372,1.0079511521142146,1.061593863968668,1.1088641852913528,0.9986991223494798,1.0040386468442772,1.0100121498300436,0.9981839547399587,1.006472332744655,0.9719828181473487,1.0,1.0,1.0
14,1.0,1.0,0.9663912016016825,0.9986920267692951,1.1455508782570982,1.0459489182582729,0.35898171901374976,0.7363790276095277,0.9798187665595897,0.989735184026721,1.0060115704096404,1.0208229996746554,0.9692808665858461,0.9853098159921934,1.0277615939046185,1.041546319293952,1.0506319222629434,1.0467045211327919,1.076157813551085,1.0528663209545635,1.0249522204934458,0.9836413177341992,1.0,1.0,1.0
15,1.0,1.0,1.0,1.0068650232628389,1.0347774158696492,1.0248689270370361,1.0488882238342188,1.328434058376238,0.9860299963538693,0.9848655352963157,1.0170484859039628,0.998516123958061,1.0975224045793732,0.9766729395564482,0.9925761449711377,0.9851987920571218,1.0818167423046492,1.0799254638701457,0.9666610921739949,0.8232752067664537,0.7883268841219413,1.0913092673508327,1.0,1.0,1.0
16,1.0,1.0,1.0,0.9394337530206228,1.0072145538159918,0.9388162583820615,0.7270548810601996,1.0077679408362594,0.9562616377771543,0.9646415614798262,1.0210310908720481,0.9447899365134134,0.9651879749343161,0.9499199072700258,0.9772950926082555,1.147823742306341,0.9830156655030945,0.9723016501357324,0.9674691407237334,0.8675938182169021,0.9444782114117654,1.0,1.0,1.0,1.0
17,1.0,1.0,1.0,1.0,0.9977873056507459,0.9434210166424268,0.8782447744964416,1.2681182885607085,1.0205748161369084,0.9499939436249225,1.0085215964405112,1.0525424232834923,1.0190316841841818,0.9493884372274461,0.9745515354428459,1.1107295507283996,0.9905168452447988,1.0258440239806645,0.9849906919499738,1.028194537849759,1.1909989134133558,1.0,1.0,1.0,1.0
18,1.0,1.0,1.0,1.0,0.979406568702308,0.9168552370199631,1.0809161626094483,1.1704744702485306,1.037176148774704,0.9579811621920662,1.0002297574213805,0.9943191836224982,1.0478050833693366,1.043088747164049,0.9632444289927633,1.0328560094540469,0.9787637592722672,1.049008198997451,0.9841791359389809,1.0067235419924712,1.0,1.0,1.0,1.0,1.0
19,1.0,1.0,1.0,1.0,1.0,1.0015264837456967,1.0838742476325707,1.117825957652765,0.9726616652131969,0.9347244881732861,0.913749863265559,0.9710440157061504,0.9894402907669224,0.979599326460303,0.9837899192947472,1.1105014114070573,0.9909696243745819,1.0778950871000832,1.0222834932555764,1.0,1.0,1.0,1.0,1.0,1.0
20,1.0,1.0,1.0,1.0,1.0,1.0,1.0313270873176308,0.9103869447741757,0.852914536835428,0.8823753971121784,0.9793817548528226,0.9289148465114808,0.9377252419111111,0.9800701293157296,1.0036085622866977,1.070191191805725,1.0138696506705511,1.0509566512503925,1.0,1.0,1.0,1.0,1.0,1.0,1.0
21,1.0,1.0,1.0,1.0,1.0,1.0,1.0,1.0,1.2548876048419406,1.42743537451,1.5888735266990206,0.9598173915683926,1.0109490521539928,0.9225212830784836,0.9865985325993011,1.0712114454120585,2.0,1.0,1.0,1.0,1.0,1.0,1.0,1.0,1.0
22,1.0,1.0,1.0,1.0,1.0,1.0,1.0,1.0,1.0,1.0,1.0,1.0,1.0,1.0,1.0,1.0,1.0,1.0,1.0,1.0,1.0,1.0,1.0,1.0,1.0
23,1.0,1.0,1.0,1.0,1.0,1.0,1.0,1.0,1.0,1.0,1.0,1.0,1.0,1.0,1.0,1.0,1.0,1.0,1.0,1.0,1.0,1.0,1.0,1.0,1.0
24,1.0,1.0,1.0,1.0,1.0,1.0,1.0,1.0,1.0,1.0,1.0,1.0,1.0,1.0,1.0,1.0,1.0,1.0,1.0,1.0,1.0,1.0,1.0,1.0,1.0
