,0,1,2,3,4,5,6,7,8,9,10,11,12,13,14,15,16,17,18,19,20,21,22,23,24
0,-0.0,-0.0,-0.0,-0.0,-0.0,-0.0,-0.0,-0.0,-0.0,-0.0,-0.0,-0.0,-0.0,-0.0,-0.0,-0.0,-0.0,-0.0,-0.0,-0.0,-0.0,-0.0,-0.0,-0.0,-0.0
1,-0.0,-0.0,-0.0,-0.0,-0.0,-0.0,-0.0,-0.0,-0.0,-0.0,-0.0,-0.0,-0.0,-0.0,-0.0,-0.0,-0.0,-0.0,-0.0,-0.0,-0.0,-0.0,-0.0,-0.0,-0.0
2,-0.0,-0.0,-0.0,-0.0,-0.0,-0.0,-0.0,-0.0,-0.0,-0.0,-0.0,-0.0,-0.0,-0.0,-0.0,-0.0,-0.0,-0.0,-0.0,-0.0,-0.0,-0.0,-0.0,-0.0,-0.0
3,-0.0,-0.0,-0.0,-0.0,-0.0,-0.0,-0.0,-0.0,2.5287829036,1.9263743101,1.2588678991,0.6376194118,-0.1393575925,-0.6774744559,-1.2829641281,-2.3025264859,-3.5329278659,-0.0,-0.0,-0.0,-0.0,-0.0,-0.0,-0.0,-0.0
4,-0.0,-0.0,-0.0,-0.0,-0.0,-0.0,3.6081778366,3.4691383575,3.272672469,3.1162279184,2.6293418483,1.5279671399,0.124855851,-0.5988378424,-0.5679319819,-1.2480775187,-2.7884160007,-4.8441519856,-0.0,-0.0,-0.0,-0.0,-0.0,-0.0,-0.0
5,-0.0,-0.0,-0.0,-0.0,-0.0,2.7972064011,2.3642045227,2.2954366156,2.9669312108,4.0483355593,3.9862788888,2.3043944422,-0.0499079862,-1.0869243534,-0.8715303289,-1.2208561276,-2.6953466958,-4.8965166606,-6.6956691499,-0.0,-0.0,-0.0,-0.0,-0.0,-0.0
6,-0.0,-0.0,-0.0,-0.0,2.6071510163,2.1231270423,1.4179029501,1.1823730267,2.29015688,3.9596652289,4.064129777,2.0677287688,-0.7487700598,-2.4832420891,-2.7751837501,-2.7636064367,-3.1762232396,-4.3871855244,-6.1018284266,-7.5275792691,-0.0,-0.0,-0.0,-0.0,-0.0
7,-0.0,-0.0,-0.0,-0.0,2.2781586612,2.1674416755,1.8278702231,1.6836837114,2.191708652,2.7773350778,2.1167628866,0.1156768528,-2.288404718,-4.2633451378,-5.1931142477,-4.866855211,-4.1176985916,-4.2445683496,-5.527938135,-7.2133936346,-8.6905335817,-0.0,-0.0,-0.0,-0.0
8,-0.0,-0.0,-0.0,2.0589829046,2.2316345767,2.8235543531,3.4741122271,3.8639201253,3.3991065265,2.1038608082,0.236923361,-1.8408174416,-3.6701928393,-5.8572854214,-7.1924504217,-6.5411582278,-4.8505691319,-4.1691030951,-5.3735014903,-7.3782744091,-9.0850801377,-0.0,-0.0,-0.0,-0.0
9,-0.0,-0.0,-0.0,1.8074472541,2.3119545852,3.4372437543,4.5660697061,5.1553547477,4.0861635998,1.8079921061,-0.8743494741,-3.3360495263,-5.0345271257,-6.9467691,-8.1306044256,-7.3479396317,-5.3305371361,-4.217499665,-5.1452179935,-7.0453008146,-8.7625379915,-9.7502561702,-0.0,-0.0,-0.0
10,-0.0,-0.0,0.3821077302,0.7953462291,1.6699743945,3.0495917129,3.9818989366,4.0014012883,2.7390710349,0.7646116067,-1.5064722813,-3.878894272,-5.7826957951,-7.473890584,-8.3985556878,-7.4746351699,-5.1868809832,-3.6311280495,-4.2177828854,-6.0050250207,-7.8724692566,-8.8260476008,-0.0,-0.0,-0.0
11,-0.0,-0.0,-0.9966327523,-0.2605182174,0.9613835876,2.2535245248,2.6771562765,1.9296058308,0.6368829028,-0.9193190922,-2.6588390421,-4.8665997692,-7.10411283,-8.4223588834,-8.3957367692,-6.8236545789,-4.5077106018,-3.06080398,-3.5061218698,-5.1821918437,-6.931541625,-7.785088817,-0.0,-0.0,-0.0
12,-0.0,-0.0,-2.0097247468,-0.9788956216,0.5867537592,1.7644439494,1.9455911769,0.9018864687,-0.5095363805,-2.0148921604,-3.6255367111,-5.7242593939,-8.0523733941,-8.8249183425,-7.7085118168,-5.595667668,-3.8477587478,-3.4486495654,-4.3737657686,-5.9709202113,-6.9072957844,-7.0564074024,-0.0,-0.0,-0.0
13,-0.0,-0.0,-2.4069223424,-0.6186945216,1.3623286451,2.0249901152,1.53537903,0.0557181278,-1.6907456521,-3.2738793261,-4.7717885683,-6.5168870241,-8.1745192893,-7.9106345649,-5.7011820639,-3.5666024097,-3.1476922561,-4.3445925572,-6.0594999595,-7.5996005876,-7.5325153962,-6.7896759807,-0.0,-0.0,-0.0
14,-0.0,-0.0,-2.8480311784,0.1408090499,2.9659888538,3.3315705375,1.8032534483,-0.4987942729,-2.9613552714,-4.8788362192,-6.0774521475,-6.8008024966,-6.9115706613,-5.308550416,-2.770655243,-1.2584696393,-2.1644529152,-4.5760902131,-6.8222457234,-8.1848474739,-7.4702165692,-6.1229509923,-0.0,-0.0,-0.0
15,-0.0,-0.0,-0.0,0.5982688351,3.8146584952,4.2221673668,1.8962350394,-1.4170483069,-4.3898157301,-6.3839105149,-7.0589950344,-6.597353021,-5.5222139426,-3.5109849272,-1.5220131707,-0.7340472034,-2.1927521592,-4.8265062674,-6.9069908243,-7.3881635719,-5.9041417917,-4.3138755228,-0.0,-0.0,-0.0
16,-0.0,-0.0,-0.0,-0.2817694854,2.8344855134,3.8433784936,1.5255753164,-1.8481992886,-4.420234145,-5.9669563334,-6.2555247126,-5.5253619767,-4.5696274737,-3.3442127959,-2.2497563045,-2.1329737825,-3.8122622936,-6.0111852155,-6.833307624,-5.3728807002,-3.2999440577,-0.0,-0.0,-0.0,-0.0
17,-0.0,-0.0,-0.0,-0.0,0.5757482838,1.4683584539,0.1760156127,-2.0596147156,-3.485743286,-4.1146046049,-4.2788796864,-3.9331675143,-3.732691551,-3.5778361145,-3.3307740179,-3.8792442213,-5.3281904527,-6.5478939216,-5.8906752351,-3.3445213793,-0.9840746599,-0.0,-0.0,-0.0,-0.0
18,-0.0,-0.0,-0.0,-0.0,-1.4307204851,-0.9433841458,-1.6040616389,-2.478331627,-2.8809623442,-2.8681651902,-3.0139234544,-3.1159619087,-3.0414003628,-3.1511361921,-3.4774619576,-4.5942033356,-5.5937974471,-5.478640272,-3.7606775315,-1.4573560356,-0.0,-0.0,-0.0,-0.0,-0.0
19,-0.0,-0.0,-0.0,-0.0,-0.0,-2.4971796732,-2.7753902776,-3.0684391552,-3.091267686,-2.9888880388,-3.0413574872,-3.0572462123,-2.6304925444,-2.3936207964,-2.7952679417,-3.6958789372,-3.7803559147,-2.8719953084,-1.4302838788,-0.0,-0.0,-0.0,-0.0,-0.0,-0.0
20,-0.0,-0.0,-0.0,-0.0,-0.0,-0.0,-3.9858386592,-4.5006563605,-4.3726256404,-3.8017973298,-3.2014543128,-2.7698952582,-2.118579362,-1.702580672,-1.9716208834,-2.2827878655,-1.9639241123,-1.0995089411,-0.0,-0.0,-0.0,-0.0,-0.0,-0.0,-0.0
21,-0.0,-0.0,-0.0,-0.0,-0.0,-0.0,-0.0,-0.0,-5.4794404149,-4.7025511433,-3.7498499369,-3.105007197,-2.4778957756,-1.8989473729,-1.4823675979,-0.9048669256,-0.0,-0.0,-0.0,-0.0,-0.0,-0.0,-0.0,-0.0,-0.0
22,-0.0,-0.0,-0.0,-0.0,-0.0,-0.0,-0.0,-0.0,-0.0,-0.0,-0.0,-0.0,-0.0,-0.0,-0.0,-0.0,-0.0,-0.0,-0.0,-0.0,-0.0,-0.0,-0.0,-0.0,-0.0
23,-0.0,-0.0,-0.0,-0.0,-0.0,-0.0,-0.0,-0.0,-0.0,-0.0,-0.0,-0.0,-0.0,-0.0,-0.0,-0.0,-0.0,-0.0,-0.0,-0.0,-0.0,-0.0,-0.0,-0.0,-0.0
24,-0.0,-0.0,-0.0,-0.0,-0.0,-0.0,-0.0,-0.0,-0.0,-0.0,-0.0,-0.0,-0.0,-0.0,-0.0,-0.0,-0.0,-0.0,-0.0,-0.0,-0.0,-0.0,-0.0,-0.0,-0.0
