,0,1,2,3,4,5,6,7,8,9,10,11,12,13,14,15,16,17,18,19,20,21,22,23,24
0,0.0,0.0,0.0,0.0,0.0,0.0,0.0,0.0,0.0,0.0,0.0,0.0,0.0,0.0,0.0,0.0,0.0,0.0,0.0,0.0,0.0,0.0,0.0,0.0,0.0
1,0.0,0.0,0.0,0.0,0.0,0.0,0.0,0.0,0.0,0.0,0.0,0.0,0.0,0.0,0.0,0.0,0.0,0.0,0.0,0.0,0.0,0.0,0.0,0.0,0.0
2,0.0,0.0,0.0,0.0,0.0,0.0,0.0,0.0,0.0,0.0,0.0,0.0,0.0,0.0,0.0,0.0,0.0,0.0,0.0,0.0,0.0,0.0,0.0,0.0,0.0
3,0.0,0.0,0.0,0.0,0.0,0.0,0.0,0.0,5.6962332553,6.729739538,4.3606893195,1.2165511322,-1.4333171754,-2.3978774059,-2.5645073231,-2.1180183561,-0.7137692413,0.0,0.0,0.0,0.0,0.0,0.0,0.0,0.0
4,0.0,0.0,0.0,0.0,0.0,0.0,4.2979236921,4.708176601,5.7456470636,6.4407605195,5.7189947553,3.6334789601,0.9620019622,-1.2157072833,-2.4652234741,-2.0481447421,-0.9082691938,0.136198264,0.0,0.0,0.0,0.0,0.0,0.0,0.0
5,0.0,0.0,0.0,0.0,0.0,6.4250517511,5.8471764458,4.9287011269,5.1871557493,5.5612663528,5.3767008543,4.1060246572,2.2235935931,0.429819725,-0.6286593961,-0.0334459086,1.0048801879,1.8865519511,1.1682024953,0.0,0.0,0.0,0.0,0.0,0.0
6,0.0,0.0,0.0,0.0,4.9473749533,5.6028520457,5.2972892345,3.9387093345,3.7269223695,3.8395073115,3.7062345984,2.6420013173,1.5387264959,1.2129718513,1.686258209,3.2707808103,4.4215503047,3.7987030412,1.3486298961,-0.8125813079,0.0,0.0,0.0,0.0,0.0
7,0.0,0.0,0.0,0.0,2.4397928181,2.8608992885,2.3950335771,1.0787802571,1.2443157146,1.6251143053,1.4648135187,0.4937463522,-0.3046096221,0.3078646752,2.2217019345,5.2047601016,6.5557951066,4.3791336709,0.4545418394,-2.413231092,-3.53311054,0.0,0.0,0.0,0.0
8,0.0,0.0,0.0,0.9409580521,0.8306102644,0.6657919161,0.341705645,-0.052645579,0.1716204313,0.1243620081,-0.5061289038,-1.2808792273,-2.6501301656,-1.883689251,0.2005229906,3.9347563265,5.545151776,3.2053620298,-0.382466851,-3.530491808,-4.8056608833,0.0,0.0,0.0,0.0
9,0.0,0.0,0.0,1.729830068,0.5642539664,-0.4256049344,0.0354105355,0.6455423365,0.605927675,-0.4057353472,-1.9382931185,-2.9777551821,-4.5916096647,-3.9840632477,-1.9837995118,1.5142212882,3.45693965,2.3789322857,0.2674878209,-2.870443333,-4.847604074,-6.1657933625,0.0,0.0,0.0
10,0.0,0.0,2.5644689766,1.303000613,-0.2862194124,-1.3006243394,0.0889643546,1.1529680758,0.3978360493,-1.6220224322,-3.674177853,-4.5196614159,-5.6726855017,-5.2922752067,-4.1894686954,-1.760630589,0.6519235519,2.1723199809,2.078629735,-0.1438171911,-2.8174457902,-4.2530710005,0.0,0.0,0.0
11,0.0,0.0,0.6230868912,-1.0101256532,-2.4244450198,-2.3677971645,0.0534743732,0.9936571264,-1.0151177903,-3.9897466781,-5.7737444602,-5.5289091764,-4.8193391003,-4.8099282116,-5.3833544202,-5.1598959363,-2.467653946,1.4567187897,3.6833547376,3.2291652253,1.0327672073,-0.8326901076,0.0,0.0,0.0
12,0.0,0.0,-0.4063315292,-2.1024478766,-2.7328015376,-0.4430718659,2.3464846781,1.9290540341,-2.7462403156,-6.59449485,-7.4702769574,-5.593986462,-3.6922073379,-3.8203440392,-5.7594143531,-6.7225738806,-4.4263082867,0.2507809685,3.7133416793,4.8780246025,3.2920676318,1.3845908861,0.0,0.0,0.0
13,0.0,0.0,1.4639877108,0.3572251343,0.2158964727,3.2838010985,5.1445313803,3.2231789484,-3.2960139971,-6.9988774273,-7.1644430034,-4.7098738099,-3.1665309422,-3.1031067821,-4.7722115872,-5.7326056396,-4.3268680325,-0.4939503509,2.6335222177,3.7259540456,2.4693244331,1.055359394,0.0,0.0,0.0
14,0.0,0.0,4.6211382603,4.0517728526,3.6321736703,5.5843370401,5.7843685467,3.2026524137,-2.6420849549,-5.1391206024,-4.568021451,-2.26702354,-1.5354735375,-1.5972658589,-2.8037835761,-3.3426928263,-2.4479711847,-0.1683610755,1.1870108363,1.0156180306,0.0347449237,-0.2649484616,0.0,0.0,0.0
15,0.0,0.0,0.0,5.9204459872,4.7350876725,4.6056432659,3.6430960743,1.7936277288,-1.3295999306,-2.2552937465,-0.6745629924,1.7669409993,1.9337347193,0.4912492647,-1.383215999,-2.1328555727,-1.1313442885,0.3147526793,0.3683279856,-0.6409087541,-1.3822905507,-0.8693512982,0.0,0.0,0.0
16,0.0,0.0,0.0,5.4329820025,3.5840177471,2.2630706829,1.1750148066,0.7190580352,-0.5335413479,-0.5287553986,2.0518936382,5.2382833731,5.4312398045,2.3835249552,-0.6661784002,-2.2040845987,-1.386919755,-0.4030556987,-0.3446236002,-1.0583975216,-1.46609103,0.0,0.0,0.0,0.0
17,0.0,0.0,0.0,0.0,2.9202804622,1.2779677638,-0.3778762573,-0.957142981,-2.2662935983,-2.3809054684,0.4995049658,3.837033813,4.8843049697,2.4430048635,-0.3713812103,-2.2184661866,-2.4131275264,-1.9253158569,-1.3248289652,-1.0633284402,-0.906907592,0.0,0.0,0.0,0.0
18,0.0,0.0,0.0,0.0,2.5699597688,0.1669669208,-2.5481973907,-4.0821012892,-5.6284735283,-6.045696437,-3.8953757067,-1.4086616011,0.5409639946,0.0189634878,-0.8936479403,-1.9572201222,-2.355369586,-2.3640139981,-1.5001789306,-0.8553463058,0.0,0.0,0.0,0.0,0.0
19,0.0,0.0,0.0,0.0,0.0,-1.4641423045,-4.5852326765,-5.971415998,-6.6687149009,-7.0254439844,-6.3675749175,-5.2188196698,-3.2603738192,-2.5048358334,-2.4172112747,-1.9294598425,-1.3659830338,-1.0442076661,-0.7399201015,0.0,0.0,0.0,0.0,0.0,0.0
20,0.0,0.0,0.0,0.0,0.0,0.0,-5.5530662465,-5.7942172494,-5.1027802239,-4.8145530378,-4.8345191705,-4.6136027255,-3.7461970579,-3.6336163431,-3.5044663287,-2.0900396223,-0.2376082947,0.7031343604,0.0,0.0,0.0,0.0,0.0,0.0,0.0
21,0.0,0.0,0.0,0.0,0.0,0.0,0.0,0.0,-2.6932445844,-1.9127924122,-2.3474424341,-2.1529657311,-2.309199829,-2.8152700053,-3.7415130514,-2.4963265397,-0.4755004136,0.0,0.0,0.0,0.0,0.0,0.0,0.0,0.0
22,0.0,0.0,0.0,0.0,0.0,0.0,0.0,0.0,0.0,0.0,0.0,0.0,0.0,0.0,0.0,0.0,0.0,0.0,0.0,0.0,0.0,0.0,0.0,0.0,0.0
23,0.0,0.0,0.0,0.0,0.0,0.0,0.0,0.0,0.0,0.0,0.0,0.0,0.0,0.0,0.0,0.0,0.0,0.0,0.0,0.0,0.0,0.0,0.0,0.0,0.0
24,0.0,0.0,0.0,0.0,0.0,0.0,0.0,0.0,0.0,0.0,0.0,0.0,0.0,0.0,0.0,0.0,0.0,0.0,0.0,0.0,0.0,0.0,0.0,0.0,0.0
