TITLE = "B00090"
VARIABLES = "x", "y", "Vx", "Vy", "isValid"
ZONE T="Frame 0", I=25, J=25, F=POINT
-35.0547683239 35.2574698925 0 -0 0
-31.8127043247 35.2574698925 0 -0 0
-28.5706403255 35.2574698925 0 -0 0
-25.3285763264 35.2574698925 0 -0 0
-22.0865123272 35.2574698925 0 -0 0
-18.844448328 35.2574698925 0 -0 0
-15.6023843288 35.2574698925 0 -0 0
-12.3603203297 35.2574698925 0 -0 0
-9.1182563305 35.2574698925 0 -0 0
-5.8761923313 35.2574698925 0 -0 0
-2.6341283321 35.2574698925 0 -0 0
0.607935667 35.2574698925 0 -0 0
3.8499996662 35.2574698925 0 -0 0
7.0920636654 35.2574698925 0 -0 0
10.3341276646 35.2574698925 0 -0 0
13.5761916637 35.2574698925 0 -0 0
16.8182556629 35.2574698925 0 -0 0
20.0603196621 35.2574698925 0 -0 0
23.3023836613 35.2574698925 0 -0 0
26.5444476604 35.2574698925 0 -0 0
29.7865116596 35.2574698925 0 -0 0
33.0285756588 35.2574698925 0 -0 0
36.270639658 35.2574698925 0 -0 0
39.5127036572 35.2574698925 0 -0 0
42.7547676563 35.2574698925 0 -0 0
-35.0547683239 32.0154058933 0 -0 0
-31.8127043247 32.0154058933 0 -0 0
-28.5706403255 32.0154058933 0 -0 0
-25.3285763264 32.0154058933 0 -0 0
-22.0865123272 32.0154058933 0 -0 0
-18.844448328 32.0154058933 0 -0 0
-15.6023843288 32.0154058933 0 -0 0
-12.3603203297 32.0154058933 0 -0 0
-9.1182563305 32.0154058933 0 -0 0
-5.8761923313 32.0154058933 0 -0 0
-2.6341283321 32.0154058933 0 -0 0
0.607935667 32.0154058933 0 -0 0
3.8499996662 32.0154058933 0 -0 0
7.0920636654 32.0154058933 0 -0 0
10.3341276646 32.0154058933 0 -0 0
13.5761916637 32.0154058933 0 -0 0
16.8182556629 32.0154058933 0 -0 0
20.0603196621 32.0154058933 0 -0 0
23.3023836613 32.0154058933 0 -0 0
26.5444476604 32.0154058933 0 -0 0
29.7865116596 32.0154058933 0 -0 0
33.0285756588 32.0154058933 0 -0 0
36.270639658 32.0154058933 0 -0 0
39.5127036572 32.0154058933 0 -0 0
42.7547676563 32.0154058933 0 -0 0
-35.0547683239 28.7733418941 0 -0 0
-31.8127043247 28.7733418941 0 -0 0
-28.5706403255 28.7733418941 0 -0 0
-25.3285763264 28.7733418941 0 -0 0
-22.0865123272 28.7733418941 0 -0 0
-18.844448328 28.7733418941 0 -0 0
-15.6023843288 28.7733418941 0 -0 0
-12.3603203297 28.7733418941 0 -0 0
-9.1182563305 28.7733418941 0 -0 0
-5.8761923313 28.7733418941 0 -0 0
-2.6341283321 28.7733418941 0 -0 0
0.607935667 28.7733418941 0 -0 0
3.8499996662 28.7733418941 0 -0 0
7.0920636654 28.7733418941 0 -0 0
10.3341276646 28.7733418941 0 -0 0
13.5761916637 28.7733418941 0 -0 0
16.8182556629 28.7733418941 0 -0 0
20.0603196621 28.7733418941 0 -0 0
23.3023836613 28.7733418941 0 -0 0
26.5444476604 28.7733418941 0 -0 0
29.7865116596 28.7733418941 0 -0 0
33.0285756588 28.7733418941 0 -0 0
36.270639658 28.7733418941 0 -0 0
39.5127036572 28.7733418941 0 -0 0
42.7547676563 28.7733418941 0 -0 0
-35.0547683239 25.531277895 0 -0 0
-31.8127043247 25.531277895 0 -0 0
-28.5706403255 25.531277895 0 -0 0
-25.3285763264 25.531277895 0 -0 0
-22.0865123272 25.531277895 0 -0 0
-18.844448328 25.531277895 0 -0 0
-15.6023843288 25.531277895 0 -0 0
-12.3603203297 25.531277895 0 -0 0
-9.1182563305 25.531277895 6.8206061852 1.2959558828 1
-5.8761923313 25.531277895 7.4135513524 1.0044846455 1
-2.6341283321 25.531277895 7.2260135493 1.804732203 1
0.607935667 25.531277895 6.5118301208 2.9892313454 1
3.8499996662 25.531277895 5.5446668592 2.7638337981 1
7.0920636654 25.531277895 5.5792795329 1.1344624304 1
10.3341276646 25.531277895 5.6996083488 -0.2958401876 1
13.5761916637 25.531277895 5.4316758069 -0.3102292108 1
16.8182556629 25.531277895 0 -0 0
20.0603196621 25.531277895 0 -0 0
23.3023836613 25.531277895 0 -0 0
26.5444476604 25.531277895 0 -0 0
29.7865116596 25.531277895 0 -0 0
33.0285756588 25.531277895 0 -0 0
36.270639658 25.531277895 0 -0 0
39.5127036572 25.531277895 0 -0 0
42.7547676563 25.531277895 0 -0 0
-35.0547683239 22.2892138958 0 -0 0
-31.8127043247 22.2892138958 0 -0 0
-28.5706403255 22.2892138958 0 -0 0
-25.3285763264 22.2892138958 0 -0 0
-22.0865123272 22.2892138958 0 -0 0
-18.844448328 22.2892138958 0 -0 0
-15.6023843288 22.2892138958 5.8684922535 4.0234604742 1
-12.3603203297 22.2892138958 5.9465970739 3.1222078546 1
-9.1182563305 22.2892138958 6.4025632055 1.8119857252 1
-5.8761923313 22.2892138958 7.2724677346 1.2631095625 1
-2.6341283321 22.2892138958 7.5145161054 1.7099259841 1
0.607935667 22.2892138958 7.2388605235 2.6466820025 1
3.8499996662 22.2892138958 6.7370839443 2.5824226744 1
7.0920636654 22.2892138958 6.6692734913 1.193838773 1
10.3341276646 22.2892138958 6.9086575371 -0.090012155 1
13.5761916637 22.2892138958 6.422917634 -0.4530453079 1
16.8182556629 22.2892138958 5.3205362552 -0.0553967638 1
20.0603196621 22.2892138958 3.8856036969 -0.2881085234 1
23.3023836613 22.2892138958 0 -0 0
26.5444476604 22.2892138958 0 -0 0
29.7865116596 22.2892138958 0 -0 0
33.0285756588 22.2892138958 0 -0 0
36.270639658 22.2892138958 0 -0 0
39.5127036572 22.2892138958 0 -0 0
42.7547676563 22.2892138958 0 -0 0
-35.0547683239 19.0471498966 0 -0 0
-31.8127043247 19.0471498966 0 -0 0
-28.5706403255 19.0471498966 0 -0 0
-25.3285763264 19.0471498966 0 -0 0
-22.0865123272 19.0471498966 0 -0 0
-18.844448328 19.0471498966 6.2678106809 4.2102144391 1
-15.6023843288 19.0471498966 5.8906293401 4.8843236901 1
-12.3603203297 19.0471498966 5.8568729704 4.2789439998 1
-9.1182563305 19.0471498966 6.047566054 2.8688738451 1
-5.8761923313 19.0471498966 6.6235910666 1.967644475 1
-2.6341283321 19.0471498966 6.3232089544 1.672804183 1
0.607935667 19.0471498966 5.8360650269 2.0798192305 1
3.8499996662 19.0471498966 5.6959041399 2.3392166628 1
7.0920636654 19.0471498966 6.0942448832 1.7316657167 1
10.3341276646 19.0471498966 7.0021565036 0.7077770011 1
13.5761916637 19.0471498966 7.1664466821 -0.6582404539 1
16.8182556629 19.0471498966 6.2409717733 -1.3581632218 1
20.0603196621 19.0471498966 4.3966450255 -1.9936258709 1
23.3023836613 19.0471498966 3.1680022993 -2.3521983025 1
26.5444476604 19.0471498966 0 -0 0
29.7865116596 19.0471498966 0 -0 0
33.0285756588 19.0471498966 0 -0 0
36.270639658 19.0471498966 0 -0 0
39.5127036572 19.0471498966 0 -0 0
42.7547676563 19.0471498966 0 -0 0
-35.0547683239 15.8050858974 0 -0 0
-31.8127043247 15.8050858974 0 -0 0
-28.5706403255 15.8050858974 0 -0 0
-25.3285763264 15.8050858974 0 -0 0
-22.0865123272 15.8050858974 5.6311734823 3.2365340888 1
-18.844448328 15.8050858974 6.0221021845 4.3764524372 1
-15.6023843288 15.8050858974 5.4771438537 5.4877872645 1
-12.3603203297 15.8050858974 4.8321724871 5.5275951303 1
-9.1182563305 15.8050858974 4.4525333488 3.9250619154 1
-5.8761923313 15.8050858974 4.9642555537 2.1165503203 1
-2.6341283321 15.8050858974 4.8365460986 1.019579493 1
0.607935667 15.8050858974 4.4184798694 1.348640615 1
3.8499996662 15.8050858974 4.2972914282 1.9476395429 1
7.0920636654 15.8050858974 4.7559792536 1.4647597733 1
10.3341276646 15.8050858974 6.1228875847 0.0065981433 1
13.5761916637 15.8050858974 7.2176232203 -2.2499839678 1
16.8182556629 15.8050858974 7.2111369296 -3.8841441155 1
20.0603196621 15.8050858974 5.5390990722 -4.3315940088 1
23.3023836613 15.8050858974 3.7340336776 -3.6980477774 1
26.5444476604 15.8050858974 2.8412918613 -2.8843896734 1
29.7865116596 15.8050858974 0 -0 0
33.0285756588 15.8050858974 0 -0 0
36.270639658 15.8050858974 0 -0 0
39.5127036572 15.8050858974 0 -0 0
42.7547676563 15.8050858974 0 -0 0
-35.0547683239 12.5630218983 0 -0 0
-31.8127043247 12.5630218983 0 -0 0
-28.5706403255 12.5630218983 0 -0 0
-25.3285763264 12.5630218983 0 -0 0
-22.0865123272 12.5630218983 4.212634796 4.8717545013 1
-18.844448328 12.5630218983 4.8065208105 5.5899519299 1
-15.6023843288 12.5630218983 4.579203524 6.2305922587 1
-12.3603203297 12.5630218983 3.233792165 6.6340279498 1
-9.1182563305 12.5630218983 2.2324697448 5.007041461 1
-5.8761923313 12.5630218983 2.8301481348 2.4838283071 1
-2.6341283321 12.5630218983 3.5824802649 0.9372476534 1
0.607935667 12.5630218983 3.6760480739 1.2881194641 1
3.8499996662 12.5630218983 3.67575187 1.5754618129 1
7.0920636654 12.5630218983 4.3688423231 0.3386738959 1
10.3341276646 12.5630218983 5.7960856587 -1.7122299428 1
13.5761916637 12.5630218983 6.9365164005 -4.0945868404 1
16.8182556629 12.5630218983 7.2742715285 -5.9313979814 1
20.0603196621 12.5630218983 6.2865231557 -6.305151691 1
23.3023836613 12.5630218983 4.3765593242 -5.0127722961 1
26.5444476604 12.5630218983 2.9172595452 -3.6480059325 1
29.7865116596 12.5630218983 2.1832295524 -3.4526798702 1
33.0285756588 12.5630218983 0 -0 0
36.270639658 12.5630218983 0 -0 0
39.5127036572 12.5630218983 0 -0 0
42.7547676563 12.5630218983 0 -0 0
-35.0547683239 9.3209578991 0 -0 0
-31.8127043247 9.3209578991 0 -0 0
-28.5706403255 9.3209578991 0 -0 0
-25.3285763264 9.3209578991 2.6781327528 6.4544523238 1
-22.0865123272 9.3209578991 3.0170926243 6.5303795476 1
-18.844448328 9.3209578991 3.428283965 6.7118616274 1
-15.6023843288 9.3209578991 3.2748648606 6.5775130995 1
-12.3603203297 9.3209578991 1.4552887984 7.0894608541 1
-9.1182563305 9.3209578991 0.230078308 5.8379328322 1
-5.8761923313 9.3209578991 1.1427970513 3.1361040728 1
-2.6341283321 9.3209578991 2.9189042163 1.3204831322 1
0.607935667 9.3209578991 4.0313559223 1.2527496741 1
3.8499996662 9.3209578991 4.2777437854 0.6984434092 1
7.0920636654 9.3209578991 5.0867218081 -1.4542389505 1
10.3341276646 9.3209578991 6.1516806528 -3.7954716715 1
13.5761916637 9.3209578991 6.7702122774 -5.3559357864 1
16.8182556629 9.3209578991 6.9544879128 -6.3155221473 1
20.0603196621 9.3209578991 6.3375306071 -6.4591269702 1
23.3023836613 9.3209578991 4.887482594 -5.5180230053 1
26.5444476604 9.3209578991 3.2866782917 -4.3790307091 1
29.7865116596 9.3209578991 2.0369925612 -4.1349946625 1
33.0285756588 9.3209578991 0 -0 0
36.270639658 9.3209578991 0 -0 0
39.5127036572 9.3209578991 0 -0 0
42.7547676563 9.3209578991 0 -0 0
-35.0547683239 6.0788938999 0 -0 0
-31.8127043247 6.0788938999 0 -0 0
-28.5706403255 6.0788938999 0 -0 0
-25.3285763264 6.0788938999 3.3596084518 6.7296809615 1
-22.0865123272 6.0788938999 3.335796198 6.6079940162 1
-18.844448328 6.0788938999 3.1153519884 6.2753386672 1
-15.6023843288 6.0788938999 2.2607990318 5.901542082 1
-12.3603203297 6.0788938999 0.381352501 6.6093726776 1
-9.1182563305 6.0788938999 -0.6831944211 6.0423938093 1
-5.8761923313 6.0788938999 0.0216280806 4.0023632715 1
-2.6341283321 6.0788938999 1.6901789094 2.5369075248 1
0.607935667 6.0788938999 3.2298177192 1.7580819073 1
3.8499996662 6.0788938999 4.266359714 0.2759217615 1
7.0920636654 6.0788938999 5.5992746519 -2.3044738526 1
10.3341276646 6.0788938999 6.3571875525 -4.3904513153 1
13.5761916637 6.0788938999 6.4430317177 -5.1647251763 1
16.8182556629 6.0788938999 6.1370033139 -5.3193852571 1
20.0603196621 6.0788938999 5.9791372264 -5.3609147891 1
23.3023836613 6.0788938999 5.1829195208 -5.0701416387 1
26.5444476604 6.0788938999 3.9203513381 -4.4152590676 1
29.7865116596 6.0788938999 2.272286216 -4.1714627619 1
33.0285756588 6.0788938999 1.4128332143 -3.999329673 1
36.270639658 6.0788938999 0 -0 0
39.5127036572 6.0788938999 0 -0 0
42.7547676563 6.0788938999 0 -0 0
-35.0547683239 2.8368299007 0 -0 0
-31.8127043247 2.8368299007 0 -0 0
-28.5706403255 2.8368299007 4.8665079792 5.4040959368 1
-25.3285763264 2.8368299007 4.7688890314 6.2558544318 1
-22.0865123272 2.8368299007 4.3787858352 5.7276302602 1
-18.844448328 2.8368299007 2.9087052623 4.7633266793 1
-15.6023843288 2.8368299007 1.2784422637 4.099622004 1
-12.3603203297 2.8368299007 -0.087098493 4.633697787 1
-9.1182563305 2.8368299007 -0.7490019503 4.7586094593 1
-5.8761923313 2.8368299007 -0.7017199191 4.0796643256 1
-2.6341283321 2.8368299007 0.0213918969 3.4734853982 1
0.607935667 2.8368299007 1.5750001455 2.3240664847 1
3.8499996662 2.8368299007 3.1352861154 0.5151275302 1
7.0920636654 2.8368299007 4.6206454931 -1.7774942807 1
10.3341276646 2.8368299007 5.2864181605 -3.4494331016 1
13.5761916637 2.8368299007 5.6341101579 -4.1828682711 1
16.8182556629 2.8368299007 5.5662024799 -4.2571635052 1
20.0603196621 2.8368299007 5.7896869307 -3.9675966081 1
23.3023836613 2.8368299007 5.2637720018 -3.7511247306 1
26.5444476604 2.8368299007 4.1268646064 -3.4047319842 1
29.7865116596 2.8368299007 2.4401427674 -3.3816866599 1
33.0285756588 2.8368299007 1.3716329487 -3.3152171256 1
36.270639658 2.8368299007 0 -0 0
39.5127036572 2.8368299007 0 -0 0
42.7547676563 2.8368299007 0 -0 0
-35.0547683239 -0.4052340984 0 -0 0
-31.8127043247 -0.4052340984 0 -0 0
-28.5706403255 -0.4052340984 4.5592555077 6.1415064579 1
-25.3285763264 -0.4052340984 4.8299653004 6.1388602494 1
-22.0865123272 -0.4052340984 4.2565366762 5.1170155215 1
-18.844448328 -0.4052340984 2.4439925117 3.7629405772 1
-15.6023843288 -0.4052340984 0.801903023 2.9990845772 1
-12.3603203297 -0.4052340984 0.2359743235 3.2041231669 1
-9.1182563305 -0.4052340984 -0.2022020641 3.4164554369 1
-5.8761923313 -0.4052340984 -0.7818788422 3.3153318631 1
-2.6341283321 -0.4052340984 -1.0171703834 3.0157592541 1
0.607935667 -0.4052340984 0.1004214578 1.7504381267 1
3.8499996662 -0.4052340984 1.5576062459 0.366539402 1
7.0920636654 -0.4052340984 2.8130634225 -1.0103425221 1
10.3341276646 -0.4052340984 3.5372939288 -1.9894550126 1
13.5761916637 -0.4052340984 4.1847901238 -2.7373511805 1
16.8182556629 -0.4052340984 4.5489031678 -3.2038203204 1
20.0603196621 -0.4052340984 5.0761901154 -2.8099585659 1
23.3023836613 -0.4052340984 4.6524271704 -2.4082750369 1
26.5444476604 -0.4052340984 3.4907503691 -2.1159855402 1
29.7865116596 -0.4052340984 2.0404494806 -2.2460697591 1
33.0285756588 -0.4052340984 1.2018081212 -2.4986765444 1
36.270639658 -0.4052340984 0 -0 0
39.5127036572 -0.4052340984 0 -0 0
42.7547676563 -0.4052340984 0 -0 0
-35.0547683239 -3.6472980976 0 -0 0
-31.8127043247 -3.6472980976 0 -0 0
-28.5706403255 -3.6472980976 2.9757261404 6.7014984176 1
-25.3285763264 -3.6472980976 2.4304033672 6.1865699041 1
-22.0865123272 -3.6472980976 1.8319261929 5.2365484217 1
-18.844448328 -3.6472980976 1.1255405347 4.102056854 1
-15.6023843288 -3.6472980976 1.2155312519 3.1076823919 1
-12.3603203297 -3.6472980976 1.4687621486 2.5116572783 1
-9.1182563305 -3.6472980976 0.8344665004 2.339195225 1
-5.8761923313 -3.6472980976 -0.2146318129 2.4904543964 1
-2.6341283321 -3.6472980976 -0.8875801394 2.1569721827 1
0.607935667 -3.6472980976 -0.2891244785 1.0043606234 1
3.8499996662 -3.6472980976 0.7140809951 0.2969915819 1
7.0920636654 -3.6472980976 1.4355802211 -0.0829888815 1
10.3341276646 -3.6472980976 2.023371109 -0.3878668722 1
13.5761916637 -3.6472980976 2.4294478757 -1.047799251 1
16.8182556629 -3.6472980976 2.925442139 -1.7967733473 1
20.0603196621 -3.6472980976 3.378191394 -1.6806863457 1
23.3023836613 -3.6472980976 3.1904286451 -1.3902500103 1
26.5444476604 -3.6472980976 2.3675589333 -1.3262289134 1
29.7865116596 -3.6472980976 1.5434672673 -1.627662836 1
33.0285756588 -3.6472980976 1.1513605434 -2.1035021026 1
36.270639658 -3.6472980976 0 -0 0
39.5127036572 -3.6472980976 0 -0 0
42.7547676563 -3.6472980976 0 -0 0
-35.0547683239 -6.8893620968 0 -0 0
-31.8127043247 -6.8893620968 0 -0 0
-28.5706403255 -6.8893620968 1.6354341866 6.4784523847 1
-25.3285763264 -6.8893620968 0.2539823517 5.7705366419 1
-22.0865123272 -6.8893620968 -0.6173074814 5.3105734189 1
-18.844448328 -6.8893620968 -0.1710407051 4.8791752987 1
-15.6023843288 -6.8893620968 1.0018678007 3.9735270259 1
-12.3603203297 -6.8893620968 1.3965883501 2.5953203746 1
-9.1182563305 -6.8893620968 0.7264849468 1.5748069035 1
-5.8761923313 -6.8893620968 0.3222053691 1.3783225966 1
-2.6341283321 -6.8893620968 0.4358231371 1.4894863036 1
0.607935667 -6.8893620968 0.81452173 1.7767297668 1
3.8499996662 -6.8893620968 1.1305648285 2.258505943 1
7.0920636654 -6.8893620968 1.1939826478 2.2205553145 1
10.3341276646 -6.8893620968 1.4408515024 1.3560589968 1
13.5761916637 -6.8893620968 1.4938664068 0.4412446339 1
16.8182556629 -6.8893620968 1.5397570196 -0.3159872772 1
20.0603196621 -6.8893620968 1.5511261449 -0.4294718893 1
23.3023836613 -6.8893620968 1.7849448192 -0.5276517675 1
26.5444476604 -6.8893620968 1.7542859084 -0.9683832531 1
29.7865116596 -6.8893620968 1.7130178572 -1.4426421619 1
33.0285756588 -6.8893620968 1.5423035877 -1.8921675958 1
36.270639658 -6.8893620968 0 -0 0
39.5127036572 -6.8893620968 0 -0 0
42.7547676563 -6.8893620968 0 -0 0
-35.0547683239 -10.131426096 0 -0 0
-31.8127043247 -10.131426096 0 -0 0
-28.5706403255 -10.131426096 1.460115321 5.887415483 1
-25.3285763264 -10.131426096 -0.0079159465 5.408659469 1
-22.0865123272 -10.131426096 -0.6442304041 5.6653187517 1
-18.844448328 -10.131426096 -0.2258420041 5.4380703077 1
-15.6023843288 -10.131426096 0.4205269329 4.2292143615 1
-12.3603203297 -10.131426096 0.2072134688 2.2170318172 1
-9.1182563305 -10.131426096 -0.1894545228 0.6409238511 1
-5.8761923313 -10.131426096 0.6564991617 0.2530934382 1
-2.6341283321 -10.131426096 1.69465352 1.0834245584 1
0.607935667 -10.131426096 2.0242621361 2.9889137037 1
3.8499996662 -10.131426096 2.0519623297 4.6509072008 1
7.0920636654 -10.131426096 1.974302721 4.6475813237 1
10.3341276646 -10.131426096 2.0700069116 2.8685776412 1
13.5761916637 -10.131426096 1.6566470326 1.4876160827 1
16.8182556629 -10.131426096 1.0796563381 0.8204134995 1
20.0603196621 -10.131426096 0.8461103918 0.8375240278 1
23.3023836613 -10.131426096 1.5174547715 0.733544774 1
26.5444476604 -10.131426096 2.1807432215 0.0289605437 1
29.7865116596 -10.131426096 2.536489035 -0.7398165359 1
33.0285756588 -10.131426096 2.2438201497 -1.2260172005 1
36.270639658 -10.131426096 0 -0 0
39.5127036572 -10.131426096 0 -0 0
42.7547676563 -10.131426096 0 -0 0
-35.0547683239 -13.3734900951 0 -0 0
-31.8127043247 -13.3734900951 0 -0 0
-28.5706403255 -13.3734900951 0 -0 0
-25.3285763264 -13.3734900951 0.8868635586 4.9106384286 1
-22.0865123272 -13.3734900951 0.7953457007 5.4632883975 1
-18.844448328 -13.3734900951 0.9817147667 5.2933338109 1
-15.6023843288 -13.3734900951 0.5765420105 4.0054678261 1
-12.3603203297 -13.3734900951 -0.1889843067 2.1094818878 1
-9.1182563305 -13.3734900951 -0.1415111659 0.7677936846 1
-5.8761923313 -13.3734900951 1.4539447092 0.4167952097 1
-2.6341283321 -13.3734900951 2.8727323457 1.3627581558 1
0.607935667 -13.3734900951 3.1909911607 3.757302136 1
3.8499996662 -13.3734900951 3.2070130417 5.9052287783 1
7.0920636654 -13.3734900951 3.0464204294 5.9449351921 1
10.3341276646 -13.3734900951 2.9801833895 3.7761045892 1
13.5761916637 -13.3734900951 2.2437873892 2.0814275178 1
16.8182556629 -13.3734900951 1.4046421661 1.3286938065 1
20.0603196621 -13.3734900951 1.0998006914 1.4222229671 1
23.3023836613 -13.3734900951 1.6995017823 1.5882973133 1
26.5444476604 -13.3734900951 2.400306972 1.2454923776 1
29.7865116596 -13.3734900951 2.7040126967 0.64098824 1
33.0285756588 -13.3734900951 2.4937534008 0.0869839725 1
36.270639658 -13.3734900951 0 -0 0
39.5127036572 -13.3734900951 0 -0 0
42.7547676563 -13.3734900951 0 -0 0
-35.0547683239 -16.6155540943 0 -0 0
-31.8127043247 -16.6155540943 0 -0 0
-28.5706403255 -16.6155540943 0 -0 0
-25.3285763264 -16.6155540943 0.7760273818 4.1123759804 1
-22.0865123272 -16.6155540943 1.5276837686 4.4166461833 1
-18.844448328 -16.6155540943 2.3492545314 3.9520342809 1
-15.6023843288 -16.6155540943 1.9988293665 3.1685708537 1
-12.3603203297 -16.6155540943 1.5031956205 2.1740183976 1
-9.1182563305 -16.6155540943 1.658927289 1.7533325306 1
-5.8761923313 -16.6155540943 2.7211209604 1.850056677 1
-2.6341283321 -16.6155540943 3.6036725789 2.3886587025 1
0.607935667 -16.6155540943 3.7373982031 3.8613844271 1
3.8499996662 -16.6155540943 3.7063550728 5.3089175759 1
7.0920636654 -16.6155540943 3.2541299868 5.3070799646 1
10.3341276646 -16.6155540943 2.859959045 3.7049293086 1
13.5761916637 -16.6155540943 2.1191290451 2.2449552959 1
16.8182556629 -16.6155540943 1.4498586963 1.4217612997 1
20.0603196621 -16.6155540943 1.0768006582 1.2649260379 1
23.3023836613 -16.6155540943 1.0793278266 1.5845420765 1
26.5444476604 -16.6155540943 1.2555559867 2.015154094 1
29.7865116596 -16.6155540943 1.4884083752 2.1025595946 1
33.0285756588 -16.6155540943 0 -0 0
36.270639658 -16.6155540943 0 -0 0
39.5127036572 -16.6155540943 0 -0 0
42.7547676563 -16.6155540943 0 -0 0
-35.0547683239 -19.8576180935 0 -0 0
-31.8127043247 -19.8576180935 0 -0 0
-28.5706403255 -19.8576180935 0 -0 0
-25.3285763264 -19.8576180935 0 -0 0
-22.0865123272 -19.8576180935 0.3858221296 2.1648487595 1
-18.844448328 -19.8576180935 1.8205356299 2.0128437945 1
-15.6023843288 -19.8576180935 2.6565545586 2.2073676002 1
-12.3603203297 -19.8576180935 3.2744696202 2.1709908379 1
-9.1182563305 -19.8576180935 3.4726309059 2.4787846891 1
-5.8761923313 -19.8576180935 3.3637537961 3.278963706 1
-2.6341283321 -19.8576180935 3.467943578 3.9362291934 1
0.607935667 -19.8576180935 3.3800465179 4.3663066248 1
3.8499996662 -19.8576180935 3.2137680597 4.4223703757 1
7.0920636654 -19.8576180935 2.3676190195 4.0320814859 1
10.3341276646 -19.8576180935 1.4275306322 3.1643624038 1
13.5761916637 -19.8576180935 0.8510616914 2.1654384498 1
16.8182556629 -19.8576180935 0.6432555884 1.3869434573 1
20.0603196621 -19.8576180935 0.4471599925 0.9586138098 1
23.3023836613 -19.8576180935 -0.1538485962 1.2665020175 1
26.5444476604 -19.8576180935 -0.5774851224 2.0680288979 1
29.7865116596 -19.8576180935 -0.5393584625 2.9585526575 1
33.0285756588 -19.8576180935 0 -0 0
36.270639658 -19.8576180935 0 -0 0
39.5127036572 -19.8576180935 0 -0 0
42.7547676563 -19.8576180935 0 -0 0
-35.0547683239 -23.0996820927 0 -0 0
-31.8127043247 -23.0996820927 0 -0 0
-28.5706403255 -23.0996820927 0 -0 0
-25.3285763264 -23.0996820927 0 -0 0
-22.0865123272 -23.0996820927 -1.6325168352 1.1806553614 1
-18.844448328 -23.0996820927 -0.7716226704 1.7152481424 1
-15.6023843288 -23.0996820927 0.7336628328 2.6195206222 1
-12.3603203297 -23.0996820927 2.3959655172 2.8511321097 1
-9.1182563305 -23.0996820927 3.0747820241 3.0471698463 1
-5.8761923313 -23.0996820927 2.4167884067 3.7731307749 1
-2.6341283321 -23.0996820927 2.2128642803 4.3136846963 1
0.607935667 -23.0996820927 2.1574359636 4.0111726942 1
3.8499996662 -23.0996820927 1.9563461548 3.2887867438 1
7.0920636654 -23.0996820927 0.9379326059 3.0272936919 1
10.3341276646 -23.0996820927 -0.5197889667 2.7409497101 1
13.5761916637 -23.0996820927 -0.9368783044 2.2281969815 1
16.8182556629 -23.0996820927 -0.5904425314 1.7226349714 1
20.0603196621 -23.0996820927 -0.3186003477 1.3139945769 1
23.3023836613 -23.0996820927 -0.9162207274 1.3745179924 1
26.5444476604 -23.0996820927 -1.8402576435 1.8856243892 1
29.7865116596 -23.0996820927 0 -0 0
33.0285756588 -23.0996820927 0 -0 0
36.270639658 -23.0996820927 0 -0 0
39.5127036572 -23.0996820927 0 -0 0
42.7547676563 -23.0996820927 0 -0 0
-35.0547683239 -26.3417460918 0 -0 0
-31.8127043247 -26.3417460918 0 -0 0
-28.5706403255 -26.3417460918 0 -0 0
-25.3285763264 -26.3417460918 0 -0 0
-22.0865123272 -26.3417460918 0 -0 0
-18.844448328 -26.3417460918 -2.7924801229 3.1587266801 1
-15.6023843288 -26.3417460918 -1.2365566682 4.6584466608 1
-12.3603203297 -26.3417460918 0.2643315212 4.6705318386 1
-9.1182563305 -26.3417460918 1.2104039209 3.7059190703 1
-5.8761923313 -26.3417460918 0.9027625497 3.30720694 1
-2.6341283321 -26.3417460918 0.7778873367 3.1316679596 1
0.607935667 -26.3417460918 0.6035121491 2.3362128054 1
3.8499996662 -26.3417460918 0.1510895279 1.4627737581 1
7.0920636654 -26.3417460918 -0.4674611662 1.4208551756 1
10.3341276646 -26.3417460918 -1.780045076 1.6609907519 1
13.5761916637 -26.3417460918 -2.3865180937 1.8015033998 1
16.8182556629 -26.3417460918 -1.8757406613 1.9386989269 1
20.0603196621 -26.3417460918 -1.0664471105 2.0370543081 1
23.3023836613 -26.3417460918 -0.9653664878 2.0302618494 1
26.5444476604 -26.3417460918 0 -0 0
29.7865116596 -26.3417460918 0 -0 0
33.0285756588 -26.3417460918 0 -0 0
36.270639658 -26.3417460918 0 -0 0
39.5127036572 -26.3417460918 0 -0 0
42.7547676563 -26.3417460918 0 -0 0
-35.0547683239 -29.583810091 0 -0 0
-31.8127043247 -29.583810091 0 -0 0
-28.5706403255 -29.583810091 0 -0 0
-25.3285763264 -29.583810091 0 -0 0
-22.0865123272 -29.583810091 0 -0 0
-18.844448328 -29.583810091 0 -0 0
-15.6023843288 -29.583810091 -1.8638976401 7.2165114746 1
-12.3603203297 -29.583810091 -1.2493915647 6.3468007914 1
-9.1182563305 -29.583810091 -0.4288363418 4.5072637295 1
-5.8761923313 -29.583810091 -0.3134558061 2.921233991 1
-2.6341283321 -29.583810091 -0.1778127639 2.0751534914 1
0.607935667 -29.583810091 -0.9513865565 1.0251512807 1
3.8499996662 -29.583810091 -2.0342464103 0.1039427567 1
7.0920636654 -29.583810091 -2.1859156172 -0.0654360572 1
10.3341276646 -29.583810091 -2.882257066 0.1127395734 1
13.5761916637 -29.583810091 -3.9386598162 0.5097317739 1
16.8182556629 -29.583810091 -3.8078871724 1.1942617165 1
20.0603196621 -29.583810091 -2.631416785 1.9149982402 1
23.3023836613 -29.583810091 0 -0 0
26.5444476604 -29.583810091 0 -0 0
29.7865116596 -29.583810091 0 -0 0
33.0285756588 -29.583810091 0 -0 0
36.270639658 -29.583810091 0 -0 0
39.5127036572 -29.583810091 0 -0 0
42.7547676563 -29.583810091 0 -0 0
-35.0547683239 -32.8258740902 0 -0 0
-31.8127043247 -32.8258740902 0 -0 0
-28.5706403255 -32.8258740902 0 -0 0
-25.3285763264 -32.8258740902 0 -0 0
-22.0865123272 -32.8258740902 0 -0 0
-18.844448328 -32.8258740902 0 -0 0
-15.6023843288 -32.8258740902 0 -0 0
-12.3603203297 -32.8258740902 0 -0 0
-9.1182563305 -32.8258740902 -1.0136836473 4.8565659768 1
-5.8761923313 -32.8258740902 -0.5216957979 3.5359874313 1
-2.6341283321 -32.8258740902 -0.8592653455 2.7560989824 1
0.607935667 -32.8258740902 -2.7742389776 1.9046753396 1
3.8499996662 -32.8258740902 -4.5880540106 0.3727124292 1
7.0920636654 -32.8258740902 -4.5055650109 -0.6767224725 1
10.3341276646 -32.8258740902 -4.2682272174 -1.0713385504 1
13.5761916637 -32.8258740902 -5.2450945521 -0.8119249643 1
16.8182556629 -32.8258740902 0 -0 0
20.0603196621 -32.8258740902 0 -0 0
23.3023836613 -32.8258740902 0 -0 0
26.5444476604 -32.8258740902 0 -0 0
29.7865116596 -32.8258740902 0 -0 0
33.0285756588 -32.8258740902 0 -0 0
36.270639658 -32.8258740902 0 -0 0
39.5127036572 -32.8258740902 0 -0 0
42.7547676563 -32.8258740902 0 -0 0
-35.0547683239 -36.0679380894 0 -0 0
-31.8127043247 -36.0679380894 0 -0 0
-28.5706403255 -36.0679380894 0 -0 0
-25.3285763264 -36.0679380894 0 -0 0
-22.0865123272 -36.0679380894 0 -0 0
-18.844448328 -36.0679380894 0 -0 0
-15.6023843288 -36.0679380894 0 -0 0
-12.3603203297 -36.0679380894 0 -0 0
-9.1182563305 -36.0679380894 0 -0 0
-5.8761923313 -36.0679380894 0 -0 0
-2.6341283321 -36.0679380894 0 -0 0
0.607935667 -36.0679380894 0 -0 0
3.8499996662 -36.0679380894 0 -0 0
7.0920636654 -36.0679380894 0 -0 0
10.3341276646 -36.0679380894 0 -0 0
13.5761916637 -36.0679380894 0 -0 0
16.8182556629 -36.0679380894 0 -0 0
20.0603196621 -36.0679380894 0 -0 0
23.3023836613 -36.0679380894 0 -0 0
26.5444476604 -36.0679380894 0 -0 0
29.7865116596 -36.0679380894 0 -0 0
33.0285756588 -36.0679380894 0 -0 0
36.270639658 -36.0679380894 0 -0 0
39.5127036572 -36.0679380894 0 -0 0
42.7547676563 -36.0679380894 0 -0 0
-35.0547683239 -39.3100020885 0 -0 0
-31.8127043247 -39.3100020885 0 -0 0
-28.5706403255 -39.3100020885 0 -0 0
-25.3285763264 -39.3100020885 0 -0 0
-22.0865123272 -39.3100020885 0 -0 0
-18.844448328 -39.3100020885 0 -0 0
-15.6023843288 -39.3100020885 0 -0 0
-12.3603203297 -39.3100020885 0 -0 0
-9.1182563305 -39.3100020885 0 -0 0
-5.8761923313 -39.3100020885 0 -0 0
-2.6341283321 -39.3100020885 0 -0 0
0.607935667 -39.3100020885 0 -0 0
3.8499996662 -39.3100020885 0 -0 0
7.0920636654 -39.3100020885 0 -0 0
10.3341276646 -39.3100020885 0 -0 0
13.5761916637 -39.3100020885 0 -0 0
16.8182556629 -39.3100020885 0 -0 0
20.0603196621 -39.3100020885 0 -0 0
23.3023836613 -39.3100020885 0 -0 0
26.5444476604 -39.3100020885 0 -0 0
29.7865116596 -39.3100020885 0 -0 0
33.0285756588 -39.3100020885 0 -0 0
36.270639658 -39.3100020885 0 -0 0
39.5127036572 -39.3100020885 0 -0 0
42.7547676563 -39.3100020885 0 -0 0
-35.0547683239 -42.5520660877 0 -0 0
-31.8127043247 -42.5520660877 0 -0 0
-28.5706403255 -42.5520660877 0 -0 0
-25.3285763264 -42.5520660877 0 -0 0
-22.0865123272 -42.5520660877 0 -0 0
-18.844448328 -42.5520660877 0 -0 0
-15.6023843288 -42.5520660877 0 -0 0
-12.3603203297 -42.5520660877 0 -0 0
-9.1182563305 -42.5520660877 0 -0 0
-5.8761923313 -42.5520660877 0 -0 0
-2.6341283321 -42.5520660877 0 -0 0
0.607935667 -42.5520660877 0 -0 0
3.8499996662 -42.5520660877 0 -0 0
7.0920636654 -42.5520660877 0 -0 0
10.3341276646 -42.5520660877 0 -0 0
13.5761916637 -42.5520660877 0 -0 0
16.8182556629 -42.5520660877 0 -0 0
20.0603196621 -42.5520660877 0 -0 0
23.3023836613 -42.5520660877 0 -0 0
26.5444476604 -42.5520660877 0 -0 0
29.7865116596 -42.5520660877 0 -0 0
33.0285756588 -42.5520660877 0 -0 0
36.270639658 -42.5520660877 0 -0 0
39.5127036572 -42.5520660877 0 -0 0
42.7547676563 -42.5520660877 0 -0 0
