TITLE = "B00090"
VARIABLES = "x", "y", "Vx", "Vy", "isValid"
ZONE T="Frame 0", I=25, J=25, F=POINT
-35.0547683239 35.2574698925 0 -0 0
-31.8127043247 35.2574698925 0 -0 0
-28.5706403255 35.2574698925 0 -0 0
-25.3285763264 35.2574698925 0 -0 0
-22.0865123272 35.2574698925 0 -0 0
-18.844448328 35.2574698925 0 -0 0
-15.6023843288 35.2574698925 0 -0 0
-12.3603203297 35.2574698925 0 -0 0
-9.1182563305 35.2574698925 0 -0 0
-5.8761923313 35.2574698925 0 -0 0
-2.6341283321 35.2574698925 0 -0 0
0.607935667 35.2574698925 0 -0 0
3.8499996662 35.2574698925 0 -0 0
7.0920636654 35.2574698925 0 -0 0
10.3341276646 35.2574698925 0 -0 0
13.5761916637 35.2574698925 0 -0 0
16.8182556629 35.2574698925 0 -0 0
20.0603196621 35.2574698925 0 -0 0
23.3023836613 35.2574698925 0 -0 0
26.5444476604 35.2574698925 0 -0 0
29.7865116596 35.2574698925 0 -0 0
33.0285756588 35.2574698925 0 -0 0
36.270639658 35.2574698925 0 -0 0
39.5127036572 35.2574698925 0 -0 0
42.7547676563 35.2574698925 0 -0 0
-35.0547683239 32.0154058933 0 -0 0
-31.8127043247 32.0154058933 0 -0 0
-28.5706403255 32.0154058933 0 -0 0
-25.3285763264 32.0154058933 0 -0 0
-22.0865123272 32.0154058933 0 -0 0
-18.844448328 32.0154058933 0 -0 0
-15.6023843288 32.0154058933 0 -0 0
-12.3603203297 32.0154058933 0 -0 0
-9.1182563305 32.0154058933 0 -0 0
-5.8761923313 32.0154058933 0 -0 0
-2.6341283321 32.0154058933 0 -0 0
0.607935667 32.0154058933 0 -0 0
3.8499996662 32.0154058933 0 -0 0
7.0920636654 32.0154058933 0 -0 0
10.3341276646 32.0154058933 0 -0 0
13.5761916637 32.0154058933 0 -0 0
16.8182556629 32.0154058933 0 -0 0
20.0603196621 32.0154058933 0 -0 0
23.3023836613 32.0154058933 0 -0 0
26.5444476604 32.0154058933 0 -0 0
29.7865116596 32.0154058933 0 -0 0
33.0285756588 32.0154058933 0 -0 0
36.270639658 32.0154058933 0 -0 0
39.5127036572 32.0154058933 0 -0 0
42.7547676563 32.0154058933 0 -0 0
-35.0547683239 28.7733418941 0 -0 0
-31.8127043247 28.7733418941 0 -0 0
-28.5706403255 28.7733418941 0 -0 0
-25.3285763264 28.7733418941 0 -0 0
-22.0865123272 28.7733418941 0 -0 0
-18.844448328 28.7733418941 0 -0 0
-15.6023843288 28.7733418941 0 -0 0
-12.3603203297 28.7733418941 0 -0 0
-9.1182563305 28.7733418941 0 -0 0
-5.8761923313 28.7733418941 0 -0 0
-2.6341283321 28.7733418941 0 -0 0
0.607935667 28.7733418941 0 -0 0
3.8499996662 28.7733418941 0 -0 0
7.0920636654 28.7733418941 0 -0 0
10.3341276646 28.7733418941 0 -0 0
13.5761916637 28.7733418941 0 -0 0
16.8182556629 28.7733418941 0 -0 0
20.0603196621 28.7733418941 0 -0 0
23.3023836613 28.7733418941 0 -0 0
26.5444476604 28.7733418941 0 -0 0
29.7865116596 28.7733418941 0 -0 0
33.0285756588 28.7733418941 0 -0 0
36.270639658 28.7733418941 0 -0 0
39.5127036572 28.7733418941 0 -0 0
42.7547676563 28.7733418941 0 -0 0
-35.0547683239 25.531277895 0 -0 0
-31.8127043247 25.531277895 0 -0 0
-28.5706403255 25.531277895 0 -0 0
-25.3285763264 25.531277895 0 -0 0
-22.0865123272 25.531277895 0 -0 0
-18.844448328 25.531277895 0 -0 0
-15.6023843288 25.531277895 0 -0 0
-12.3603203297 25.531277895 0 -0 0
-9.1182563305 25.531277895 10.1877676844 -2.0159302327 1
-5.8761923313 25.531277895 9.6262956112 -2.3414803124 1
-2.6341283321 25.531277895 6.9635388881 -3.9051480185 1
0.607935667 25.531277895 3.9711694727 -5.8916052126 1
3.8499996662 25.531277895 2.5873116987 -6.9118393885 1
7.0920636654 25.531277895 3.5004025085 -5.6442173219 1
10.3341276646 25.531277895 4.8876785535 -4.0381770654 1
13.5761916637 25.531277895 5.4851754772 -3.3532592421 1
16.8182556629 25.531277895 4.507388431 -3.4179977502 1
20.0603196621 25.531277895 0 -0 0
23.3023836613 25.531277895 0 -0 0
26.5444476604 25.531277895 0 -0 0
29.7865116596 25.531277895 0 -0 0
33.0285756588 25.531277895 0 -0 0
36.270639658 25.531277895 0 -0 0
39.5127036572 25.531277895 0 -0 0
42.7547676563 25.531277895 0 -0 0
-35.0547683239 22.2892138958 0 -0 0
-31.8127043247 22.2892138958 0 -0 0
-28.5706403255 22.2892138958 0 -0 0
-25.3285763264 22.2892138958 0 -0 0
-22.0865123272 22.2892138958 0 -0 0
-18.844448328 22.2892138958 0 -0 0
-15.6023843288 22.2892138958 2.9636485112 -1.3188614086 1
-12.3603203297 22.2892138958 5.7689556802 -1.7201442623 1
-9.1182563305 22.2892138958 7.7132885191 -1.1672476078 1
-5.8761923313 22.2892138958 7.9836540994 -0.9549077893 1
-2.6341283321 22.2892138958 6.8434081453 -3.1730175349 1
0.607935667 22.2892138958 5.3635024211 -6.1705712726 1
3.8499996662 22.2892138958 4.5213232976 -7.5776658014 1
7.0920636654 22.2892138958 4.5493950293 -5.4479661132 1
10.3341276646 22.2892138958 5.0246886889 -3.0170968515 1
13.5761916637 22.2892138958 5.8974773559 -2.1409374692 1
16.8182556629 22.2892138958 5.8630621515 -2.6742356038 1
20.0603196621 22.2892138958 5.5441873773 -3.4226277093 1
23.3023836613 22.2892138958 0 -0 0
26.5444476604 22.2892138958 0 -0 0
29.7865116596 22.2892138958 0 -0 0
33.0285756588 22.2892138958 0 -0 0
36.270639658 22.2892138958 0 -0 0
39.5127036572 22.2892138958 0 -0 0
42.7547676563 22.2892138958 0 -0 0
-35.0547683239 19.0471498966 0 -0 0
-31.8127043247 19.0471498966 0 -0 0
-28.5706403255 19.0471498966 0 -0 0
-25.3285763264 19.0471498966 0 -0 0
-22.0865123272 19.0471498966 0 -0 0
-18.844448328 19.0471498966 1.3506261773 0.7068658949 1
-15.6023843288 19.0471498966 3.3217010009 -0.7222479635 1
-12.3603203297 19.0471498966 5.0968670166 -1.2915547948 1
-9.1182563305 19.0471498966 5.9582477589 -0.3657449582 1
-5.8761923313 19.0471498966 5.9604700427 -0.3088459071 1
-2.6341283321 19.0471498966 5.9301286226 -2.8769299257 1
0.607935667 19.0471498966 5.711451672 -6.0680394472 1
3.8499996662 19.0471498966 5.1516426884 -6.8181187975 1
7.0920636654 19.0471498966 4.3794042098 -3.9997264231 1
10.3341276646 19.0471498966 4.2693915009 -1.0728348931 1
13.5761916637 19.0471498966 6.202041951 -0.2937537017 1
16.8182556629 19.0471498966 8.0260320848 -1.2652824789 1
20.0603196621 19.0471498966 8.335262872 -2.9054482277 1
23.3023836613 19.0471498966 5.9590901735 -3.6289637384 1
26.5444476604 19.0471498966 0 -0 0
29.7865116596 19.0471498966 0 -0 0
33.0285756588 19.0471498966 0 -0 0
36.270639658 19.0471498966 0 -0 0
39.5127036572 19.0471498966 0 -0 0
42.7547676563 19.0471498966 0 -0 0
-35.0547683239 15.8050858974 0 -0 0
-31.8127043247 15.8050858974 0 -0 0
-28.5706403255 15.8050858974 0 -0 0
-25.3285763264 15.8050858974 0 -0 0
-22.0865123272 15.8050858974 -0.3701930735 4.1282662152 1
-18.844448328 15.8050858974 0.5605122414 1.4436221105 1
-15.6023843288 15.8050858974 3.0655921561 -0.8556028799 1
-12.3603203297 15.8050858974 5.0216892097 -0.9180994781 1
-9.1182563305 15.8050858974 4.7634383974 0.1696987484 1
-5.8761923313 15.8050858974 3.9334960259 0.3515008665 1
-2.6341283321 15.8050858974 4.1564092049 -1.8868455885 1
0.607935667 15.8050858974 5.0699399423 -4.8683603856 1
3.8499996662 15.8050858974 4.803186177 -4.4058955836 1
7.0920636654 15.8050858974 3.6044153531 -1.6843192966 1
10.3341276646 15.8050858974 3.8477007751 0.8105731756 1
13.5761916637 15.8050858974 6.6444587943 0.758058587 1
16.8182556629 15.8050858974 9.8186656737 -0.7165609099 1
20.0603196621 15.8050858974 10.7275108949 -1.8169349867 1
23.3023836613 15.8050858974 8.1960983894 -2.7228580254 1
26.5444476604 15.8050858974 5.3065159393 -2.8355435137 1
29.7865116596 15.8050858974 0 -0 0
33.0285756588 15.8050858974 0 -0 0
36.270639658 15.8050858974 0 -0 0
39.5127036572 15.8050858974 0 -0 0
42.7547676563 15.8050858974 0 -0 0
-35.0547683239 12.5630218983 0 -0 0
-31.8127043247 12.5630218983 0 -0 0
-28.5706403255 12.5630218983 0 -0 0
-25.3285763264 12.5630218983 0 -0 0
-22.0865123272 12.5630218983 -0.5162311613 4.8449361257 1
-18.844448328 12.5630218983 -0.6359617572 1.30598575 1
-15.6023843288 12.5630218983 1.6421796934 -1.738072899 1
-12.3603203297 12.5630218983 3.7110979577 -1.9369446512 1
-9.1182563305 12.5630218983 3.7338920674 -0.7600769098 1
-5.8761923313 12.5630218983 2.854584802 -0.227920432 1
-2.6341283321 12.5630218983 2.9242376974 -1.4803308567 1
0.607935667 12.5630218983 3.6532883855 -3.4651310001 1
3.8499996662 12.5630218983 3.1380944661 -3.0204399393 1
7.0920636654 12.5630218983 2.2072474278 -1.7122278293 1
10.3341276646 12.5630218983 3.5407420919 -0.9648597557 1
13.5761916637 12.5630218983 6.8023266934 -1.6784577212 1
16.8182556629 12.5630218983 10.0778401228 -2.6004799378 1
20.0603196621 12.5630218983 11.1600627306 -2.3452781229 1
23.3023836613 12.5630218983 9.1871379162 -2.4389875421 1
26.5444476604 12.5630218983 6.5100541054 -2.4305907214 1
29.7865116596 12.5630218983 4.7208753223 -2.0547513562 1
33.0285756588 12.5630218983 0 -0 0
36.270639658 12.5630218983 0 -0 0
39.5127036572 12.5630218983 0 -0 0
42.7547676563 12.5630218983 0 -0 0
-35.0547683239 9.3209578991 0 -0 0
-31.8127043247 9.3209578991 0 -0 0
-28.5706403255 9.3209578991 0 -0 0
-25.3285763264 9.3209578991 -0.8423599105 4.6489494171 1
-22.0865123272 9.3209578991 -0.9825521993 3.3858350236 1
-18.844448328 9.3209578991 -1.1145386449 0.6786661404 1
-15.6023843288 9.3209578991 0.341645521 -2.2262387449 1
-12.3603203297 9.3209578991 1.4417361887 -2.7828983358 1
-9.1182563305 9.3209578991 1.316470189 -1.6902604334 1
-5.8761923313 9.3209578991 1.0877230621 -0.0020719844 1
-2.6341283321 9.3209578991 1.7451583911 0.2077910437 1
0.607935667 9.3209578991 2.1505287675 -1.4564139805 1
3.8499996662 9.3209578991 1.3775647253 -2.3944195806 1
7.0920636654 9.3209578991 1.2633930093 -3.1565768621 1
10.3341276646 9.3209578991 3.8332332851 -3.8533132494 1
13.5761916637 9.3209578991 7.394800833 -5.1937905949 1
16.8182556629 9.3209578991 9.1964328596 -5.9213107455 1
20.0603196621 9.3209578991 9.1367428005 -4.8000019101 1
23.3023836613 9.3209578991 7.5390753605 -3.907111841 1
26.5444476604 9.3209578991 6.0131067663 -3.1997323449 1
29.7865116596 9.3209578991 5.1534440668 -2.7661049962 1
33.0285756588 9.3209578991 0 -0 0
36.270639658 9.3209578991 0 -0 0
39.5127036572 9.3209578991 0 -0 0
42.7547676563 9.3209578991 0 -0 0
-35.0547683239 6.0788938999 0 -0 0
-31.8127043247 6.0788938999 0 -0 0
-28.5706403255 6.0788938999 0 -0 0
-25.3285763264 6.0788938999 -2.570294923 1.2655623025 1
-22.0865123272 6.0788938999 -1.7440310954 0.4957904532 1
-18.844448328 6.0788938999 -0.6203886356 -0.5003724038 1
-15.6023843288 6.0788938999 0.0258085514 -2.041909515 1
-12.3603203297 6.0788938999 -0.5753975797 -2.8549217678 1
-9.1182563305 6.0788938999 -1.3398396466 -2.4184524021 1
-5.8761923313 6.0788938999 -1.1816988686 -0.4666173173 1
-2.6341283321 6.0788938999 -0.2235145128 0.8344600087 1
0.607935667 6.0788938999 -0.0339934263 -0.185611157 1
3.8499996662 6.0788938999 -0.2512576386 -2.2314541671 1
7.0920636654 6.0788938999 1.1470441496 -5.0201692401 1
10.3341276646 6.0788938999 4.9019971868 -7.2821811679 1
13.5761916637 6.0788938999 8.4186486357 -8.9784298408 1
16.8182556629 6.0788938999 8.7007844695 -9.2188809451 1
20.0603196621 6.0788938999 6.9958543967 -7.7401328617 1
23.3023836613 6.0788938999 5.3488890936 -5.9645299377 1
26.5444476604 6.0788938999 4.5998460039 -4.3211245159 1
29.7865116596 6.0788938999 4.6431989559 -3.3620813464 1
33.0285756588 6.0788938999 4.7793443331 -2.9095588488 1
36.270639658 6.0788938999 0 -0 0
39.5127036572 6.0788938999 0 -0 0
42.7547676563 6.0788938999 0 -0 0
-35.0547683239 2.8368299007 0 -0 0
-31.8127043247 2.8368299007 0 -0 0
-28.5706403255 2.8368299007 -2.390444078 1.1022924572 1
-25.3285763264 2.8368299007 -3.196068596 0.0235647968 1
-22.0865123272 2.8368299007 -2.104728133 -1.1776214609 1
-18.844448328 2.8368299007 -0.27702109 -1.2983548019 1
-15.6023843288 2.8368299007 -0.268584998 -1.5296613294 1
-12.3603203297 2.8368299007 -1.8915671866 -2.122186497 1
-9.1182563305 2.8368299007 -3.4070659861 -2.7866043563 1
-5.8761923313 2.8368299007 -3.5260816617 -2.0253186267 1
-2.6341283321 2.8368299007 -2.7308066152 -0.4980685583 1
0.607935667 2.8368299007 -2.4019946697 -0.4333990059 1
3.8499996662 2.8368299007 -1.1484333035 -1.4835193509 1
7.0920636654 2.8368299007 2.2390185373 -4.0474227925 1
10.3341276646 2.8368299007 6.8794797966 -6.5959121598 1
13.5761916637 2.8368299007 9.8717154522 -8.6377935943 1
16.8182556629 2.8368299007 8.9865073592 -9.1291351019 1
20.0603196621 2.8368299007 6.5140741443 -7.7218243836 1
23.3023836613 2.8368299007 4.8221860994 -5.8082792331 1
26.5444476604 2.8368299007 3.6941720662 -3.912063367 1
29.7865116596 2.8368299007 3.6000803901 -3.0333829306 1
33.0285756588 2.8368299007 3.6372224212 -2.8407601437 1
36.270639658 2.8368299007 0 -0 0
39.5127036572 2.8368299007 0 -0 0
42.7547676563 2.8368299007 0 -0 0
-35.0547683239 -0.4052340984 0 -0 0
-31.8127043247 -0.4052340984 0 -0 0
-28.5706403255 -0.4052340984 -1.601457551 2.4696491704 1
-25.3285763264 -0.4052340984 -2.6122184876 0.8362979974 1
-22.0865123272 -0.4052340984 -2.6800826861 -0.6251402391 1
-18.844448328 -0.4052340984 -1.558935238 -0.9212214698 1
-15.6023843288 -0.4052340984 -1.5392997304 -0.3903253491 1
-12.3603203297 -0.4052340984 -2.3300720858 -0.9092726183 1
-9.1182563305 -0.4052340984 -3.7265875172 -2.7876478634 1
-5.8761923313 -0.4052340984 -4.3885037976 -3.7334497242 1
-2.6341283321 -0.4052340984 -4.0004628565 -3.0298918919 1
0.607935667 -0.4052340984 -2.9250257627 -2.2434137375 1
3.8499996662 -0.4052340984 -0.3932433044 -1.913491556 1
7.0920636654 -0.4052340984 4.0599687318 -3.2586174299 1
10.3341276646 -0.4052340984 8.857172859 -5.4123558274 1
13.5761916637 -0.4052340984 11.2197455431 -7.2870357709 1
16.8182556629 -0.4052340984 9.7934433567 -7.7433322257 1
20.0603196621 -0.4052340984 7.2377505894 -6.1028036951 1
23.3023836613 -0.4052340984 5.2873668582 -4.407437293 1
26.5444476604 -0.4052340984 3.7301794041 -3.0919440333 1
29.7865116596 -0.4052340984 3.1584277588 -2.5971111851 1
33.0285756588 -0.4052340984 3.3314352681 -2.8011168355 1
36.270639658 -0.4052340984 0 -0 0
39.5127036572 -0.4052340984 0 -0 0
42.7547676563 -0.4052340984 0 -0 0
-35.0547683239 -3.6472980976 0 -0 0
-31.8127043247 -3.6472980976 0 -0 0
-28.5706403255 -3.6472980976 -0.6984434092 4.397370891 1
-25.3285763264 -3.6472980976 -1.8493887841 2.9383078335 1
-22.0865123272 -3.6472980976 -3.5293537934 1.4066369376 1
-18.844448328 -3.6472980976 -3.9863175372 0.5578190055 1
-15.6023843288 -3.6472980976 -3.5796374929 0.7693009727 1
-12.3603203297 -3.6472980976 -2.6401612905 -0.1103240476 1
-9.1182563305 -3.6472980976 -2.7883628591 -2.5185453012 1
-5.8761923313 -3.6472980976 -3.329504961 -4.2397738327 1
-2.6341283321 -3.6472980976 -2.8030513698 -4.3349177723 1
0.607935667 -3.6472980976 -1.1875090385 -3.5832725574 1
3.8499996662 -3.6472980976 1.2707405105 -3.1935398424 1
7.0920636654 -3.6472980976 5.2828003066 -3.9674851919 1
10.3341276646 -3.6472980976 9.6647574253 -5.5200109831 1
13.5761916637 -3.6472980976 12.0342524026 -6.8390451018 1
16.8182556629 -3.6472980976 10.8674652544 -6.936187889 1
20.0603196621 -3.6472980976 8.4001873755 -5.3182837774 1
23.3023836613 -3.6472980976 6.0831956641 -3.9566720905 1
26.5444476604 -3.6472980976 4.5121615101 -3.4296022383 1
29.7865116596 -3.6472980976 3.9489810562 -3.3862471727 1
33.0285756588 -3.6472980976 4.2804032793 -3.5315576588 1
36.270639658 -3.6472980976 0 -0 0
39.5127036572 -3.6472980976 0 -0 0
42.7547676563 -3.6472980976 0 -0 0
-35.0547683239 -6.8893620968 0 -0 0
-31.8127043247 -6.8893620968 0 -0 0
-28.5706403255 -6.8893620968 -0.7208422784 5.6177033025 1
-25.3285763264 -6.8893620968 -2.1889129828 3.914004242 1
-22.0865123272 -6.8893620968 -4.4427426187 1.9970128911 1
-18.844448328 -6.8893620968 -5.1685447266 1.1727538744 1
-15.6023843288 -6.8893620968 -3.7894105133 1.2877972933 1
-12.3603203297 -6.8893620968 -1.6228296708 0.1212185975 1
-9.1182563305 -6.8893620968 -0.8001445202 -2.1225107813 1
-5.8761923313 -6.8893620968 -0.9121390926 -3.5090355978 1
-2.6341283321 -6.8893620968 -0.268645122 -3.7775581319 1
0.607935667 -6.8893620968 1.2766858745 -4.149781002 1
3.8499996662 -6.8893620968 2.8606139545 -4.6484337023 1
7.0920636654 -6.8893620968 5.6916811969 -5.685725114 1
10.3341276646 -6.8893620968 9.3991075553 -6.4219900721 1
13.5761916637 -6.8893620968 11.7155515463 -7.3116850044 1
16.8182556629 -6.8893620968 11.2119965362 -7.1255862508 1
20.0603196621 -6.8893620968 9.3906151704 -5.5665720553 1
23.3023836613 -6.8893620968 7.5516463609 -4.2677208628 1
26.5444476604 -6.8893620968 6.4353086777 -3.9491335363 1
29.7865116596 -6.8893620968 5.7009374919 -4.0274267676 1
33.0285756588 -6.8893620968 5.6062283469 -4.1301198294 1
36.270639658 -6.8893620968 0 -0 0
39.5127036572 -6.8893620968 0 -0 0
42.7547676563 -6.8893620968 0 -0 0
-35.0547683239 -10.131426096 0 -0 0
-31.8127043247 -10.131426096 0 -0 0
-28.5706403255 -10.131426096 -1.3865744858 6.0022024787 1
-25.3285763264 -10.131426096 -2.1303820742 3.8801696696 1
-22.0865123272 -10.131426096 -3.1161808157 1.3732661461 1
-18.844448328 -10.131426096 -2.9144318702 0.2370393062 1
-15.6023843288 -10.131426096 -0.7354299409 0.365111562 1
-12.3603203297 -10.131426096 1.3019898664 -0.333926595 1
-9.1182563305 -10.131426096 2.2188892056 -1.8500222557 1
-5.8761923313 -10.131426096 1.6987072253 -2.6410242371 1
-2.6341283321 -10.131426096 2.2803185942 -2.7832911607 1
0.607935667 -10.131426096 3.8799184549 -3.6949021589 1
3.8499996662 -10.131426096 4.7828655659 -5.2341008901 1
7.0920636654 -10.131426096 6.3163144398 -7.1063568535 1
10.3341276646 -10.131426096 8.8748671897 -7.7778277463 1
13.5761916637 -10.131426096 10.9364961519 -7.6259847725 1
16.8182556629 -10.131426096 11.2942669309 -6.6921165153 1
20.0603196621 -10.131426096 10.7213742515 -5.2133122709 1
23.3023836613 -10.131426096 9.6360609783 -3.9278467148 1
26.5444476604 -10.131426096 8.439218046 -2.9310956772 1
29.7865116596 -10.131426096 6.842849555 -2.5037000833 1
33.0285756588 -10.131426096 5.8557261995 -2.8500010398 1
36.270639658 -10.131426096 0 -0 0
39.5127036572 -10.131426096 0 -0 0
42.7547676563 -10.131426096 0 -0 0
-35.0547683239 -13.3734900951 0 -0 0
-31.8127043247 -13.3734900951 0 -0 0
-28.5706403255 -13.3734900951 0 -0 0
-25.3285763264 -13.3734900951 -0.7595110729 2.8144777129 1
-22.0865123272 -13.3734900951 0.4648609658 0.3095329921 1
-18.844448328 -13.3734900951 1.7950190717 -1.1029677477 1
-15.6023843288 -13.3734900951 4.0063331882 -0.9984924808 1
-12.3603203297 -13.3734900951 5.3721657045 -1.2825626979 1
-9.1182563305 -13.3734900951 5.8379847661 -2.3079458691 1
-5.8761923313 -13.3734900951 4.4950810249 -3.1426634333 1
-2.6341283321 -13.3734900951 4.6434178629 -3.3501196624 1
0.607935667 -13.3734900951 5.834658587 -4.1758729082 1
3.8499996662 -13.3734900951 6.177212157 -5.5340427727 1
7.0920636654 -13.3734900951 6.6487318595 -6.9427387951 1
10.3341276646 -13.3734900951 8.2765384193 -6.619635643 1
13.5761916637 -13.3734900951 9.986109925 -5.2804469806 1
16.8182556629 -13.3734900951 10.763883883 -4.361731015 1
20.0603196621 -13.3734900951 10.7213899524 -3.9744095987 1
23.3023836613 -13.3734900951 9.7993354282 -3.2270223519 1
26.5444476604 -13.3734900951 8.1270916472 -1.4787227204 1
29.7865116596 -13.3734900951 5.8907223379 -0.1912989089 1
33.0285756588 -13.3734900951 4.608969445 -0.6259629144 1
36.270639658 -13.3734900951 0 -0 0
39.5127036572 -13.3734900951 0 -0 0
42.7547676563 -13.3734900951 0 -0 0
-35.0547683239 -16.6155540943 0 -0 0
-31.8127043247 -16.6155540943 0 -0 0
-28.5706403255 -16.6155540943 0 -0 0
-25.3285763264 -16.6155540943 -0.0057360689 -0.4730893414 1
-22.0865123272 -16.6155540943 2.7108812444 -1.6328396099 1
-18.844448328 -16.6155540943 4.6570586393 -2.2590963881 1
-15.6023843288 -16.6155540943 6.6075948506 -2.2491809564 1
-12.3603203297 -16.6155540943 7.7045485428 -2.6470533896 1
-9.1182563305 -16.6155540943 8.3599416956 -3.3831854937 1
-5.8761923313 -16.6155540943 6.818340422 -4.1076285663 1
-2.6341283321 -16.6155540943 6.10755745 -4.0510922782 1
0.607935667 -16.6155540943 6.5857645358 -4.0184171582 1
3.8499996662 -16.6155540943 6.306751373 -4.5571268255 1
7.0920636654 -16.6155540943 5.8231673267 -4.9671369741 1
10.3341276646 -16.6155540943 6.6157279261 -3.899388801 1
13.5761916637 -16.6155540943 8.1588111248 -1.6756341225 1
16.8182556629 -16.6155540943 8.8273471537 -1.1455067429 1
20.0603196621 -16.6155540943 8.3935229397 -2.382670463 1
23.3023836613 -16.6155540943 7.4532112673 -3.05956089 1
26.5444476604 -16.6155540943 5.9703211609 -1.5267217854 1
29.7865116596 -16.6155540943 4.2578806144 0.551482817 1
33.0285756588 -16.6155540943 0 -0 0
36.270639658 -16.6155540943 0 -0 0
39.5127036572 -16.6155540943 0 -0 0
42.7547676563 -16.6155540943 0 -0 0
-35.0547683239 -19.8576180935 0 -0 0
-31.8127043247 -19.8576180935 0 -0 0
-28.5706403255 -19.8576180935 0 -0 0
-25.3285763264 -19.8576180935 0 -0 0
-22.0865123272 -19.8576180935 2.9057933459 -3.0808138941 1
-18.844448328 -19.8576180935 4.1579294764 -2.9868611107 1
-15.6023843288 -19.8576180935 5.5644802099 -3.1381696494 1
-12.3603203297 -19.8576180935 6.3043509442 -3.5707592277 1
-9.1182563305 -19.8576180935 7.3424557842 -3.858852956 1
-5.8761923313 -19.8576180935 6.2217182206 -4.1996996551 1
-2.6341283321 -19.8576180935 5.2705529867 -4.0210174717 1
0.607935667 -19.8576180935 5.4259498029 -3.5956765845 1
3.8499996662 -19.8576180935 5.0948572991 -2.9875093774 1
7.0920636654 -19.8576180935 4.0173156784 -1.8360186976 1
10.3341276646 -19.8576180935 4.2637572868 0.3121825598 1
13.5761916637 -19.8576180935 5.6058322007 2.4108687077 1
16.8182556629 -19.8576180935 6.2019151359 2.0051569874 1
20.0603196621 -19.8576180935 5.6742761254 -0.6842637442 1
23.3023836613 -19.8576180935 4.904558852 -2.7905205276 1
26.5444476604 -19.8576180935 4.244194245 -2.4614015084 1
29.7865116596 -19.8576180935 3.0089909507 -0.5544372693 1
33.0285756588 -19.8576180935 0 -0 0
36.270639658 -19.8576180935 0 -0 0
39.5127036572 -19.8576180935 0 -0 0
42.7547676563 -19.8576180935 0 -0 0
-35.0547683239 -23.0996820927 0 -0 0
-31.8127043247 -23.0996820927 0 -0 0
-28.5706403255 -23.0996820927 0 -0 0
-25.3285763264 -23.0996820927 0 -0 0
-22.0865123272 -23.0996820927 1.4193780815 -4.9773531387 1
-18.844448328 -23.0996820927 2.4208858934 -4.4285834101 1
-15.6023843288 -23.0996820927 2.9466323394 -4.4033876639 1
-12.3603203297 -23.0996820927 3.0241547161 -4.6339964063 1
-9.1182563305 -23.0996820927 3.5020142681 -4.3356176709 1
-5.8761923313 -23.0996820927 3.2034359498 -3.743985644 1
-2.6341283321 -23.0996820927 2.9051882567 -3.2419041047 1
0.607935667 -23.0996820927 3.6853366766 -3.1817197687 1
3.8499996662 -23.0996820927 3.8817071518 -2.2762907049 1
7.0920636654 -23.0996820927 2.5933450783 0.1349430869 1
10.3341276646 -23.0996820927 2.0652015249 3.1138640245 1
13.5761916637 -23.0996820927 2.6203346544 4.7720376694 1
16.8182556629 -23.0996820927 3.4074868914 3.4275475316 1
20.0603196621 -23.0996820927 3.8256434009 0.1713842382 1
23.3023836613 -23.0996820927 4.2313807862 -2.4948582019 1
26.5444476604 -23.0996820927 4.4497071836 -3.1345988983 1
29.7865116596 -23.0996820927 0 -0 0
33.0285756588 -23.0996820927 0 -0 0
36.270639658 -23.0996820927 0 -0 0
39.5127036572 -23.0996820927 0 -0 0
42.7547676563 -23.0996820927 0 -0 0
-35.0547683239 -26.3417460918 0 -0 0
-31.8127043247 -26.3417460918 0 -0 0
-28.5706403255 -26.3417460918 0 -0 0
-25.3285763264 -26.3417460918 0 -0 0
-22.0865123272 -26.3417460918 0 -0 0
-18.844448328 -26.3417460918 1.1745396274 -5.874073326 1
-15.6023843288 -26.3417460918 0.5862349118 -5.9762591273 1
-12.3603203297 -26.3417460918 0.059827744 -5.8079072422 1
-9.1182563305 -26.3417460918 -0.017718151 -4.6976524569 1
-5.8761923313 -26.3417460918 0.0050543534 -3.1676390646 1
-2.6341283321 -26.3417460918 0.5832217321 -2.4047815826 1
0.607935667 -26.3417460918 2.0255074907 -2.9108910113 1
3.8499996662 -26.3417460918 2.7343882361 -2.684948159 1
7.0920636654 -26.3417460918 1.4849772717 -0.5252877603 1
10.3341276646 -26.3417460918 0.4060595561 2.2777528529 1
13.5761916637 -26.3417460918 0.442751922 3.5807818483 1
16.8182556629 -26.3417460918 1.651300719 2.3899147759 1
20.0603196621 -26.3417460918 3.2829792158 -0.0495241865 1
23.3023836613 -26.3417460918 4.578729477 -2.2440014651 1
26.5444476604 -26.3417460918 0 -0 0
29.7865116596 -26.3417460918 0 -0 0
33.0285756588 -26.3417460918 0 -0 0
36.270639658 -26.3417460918 0 -0 0
39.5127036572 -26.3417460918 0 -0 0
42.7547676563 -26.3417460918 0 -0 0
-35.0547683239 -29.583810091 0 -0 0
-31.8127043247 -29.583810091 0 -0 0
-28.5706403255 -29.583810091 0 -0 0
-25.3285763264 -29.583810091 0 -0 0
-22.0865123272 -29.583810091 0 -0 0
-18.844448328 -29.583810091 0 -0 0
-15.6023843288 -29.583810091 -0.5032735636 -6.9440564644 1
-12.3603203297 -29.583810091 -0.9306398315 -6.8060013121 1
-9.1182563305 -29.583810091 -1.4769533477 -5.4183161374 1
-5.8761923313 -29.583810091 -1.4992534823 -3.5654148768 1
-2.6341283321 -29.583810091 -1.0601775377 -2.5964755998 1
0.607935667 -29.583810091 -0.0433656665 -3.3013559325 1
3.8499996662 -29.583810091 0.3924660334 -3.6384561511 1
7.0920636654 -29.583810091 -0.3446450757 -2.2164071018 1
10.3341276646 -29.583810091 -0.8943736549 -0.374681347 1
13.5761916637 -29.583810091 -0.3360307822 0.3888610121 1
16.8182556629 -29.583810091 1.1509283152 -0.2745032251 1
20.0603196621 -29.583810091 2.9297734787 -1.2829654868 1
23.3023836613 -29.583810091 0 -0 0
26.5444476604 -29.583810091 0 -0 0
29.7865116596 -29.583810091 0 -0 0
33.0285756588 -29.583810091 0 -0 0
36.270639658 -29.583810091 0 -0 0
39.5127036572 -29.583810091 0 -0 0
42.7547676563 -29.583810091 0 -0 0
-35.0547683239 -32.8258740902 0 -0 0
-31.8127043247 -32.8258740902 0 -0 0
-28.5706403255 -32.8258740902 0 -0 0
-25.3285763264 -32.8258740902 0 -0 0
-22.0865123272 -32.8258740902 0 -0 0
-18.844448328 -32.8258740902 0 -0 0
-15.6023843288 -32.8258740902 0 -0 0
-12.3603203297 -32.8258740902 0 -0 0
-9.1182563305 -32.8258740902 -1.7049785343 -5.2949606676 1
-5.8761923313 -32.8258740902 -2.3557963792 -3.9451464089 1
-2.6341283321 -32.8258740902 -2.4426757481 -3.3227985554 1
0.607935667 -32.8258740902 -2.3027562628 -3.610605742 1
3.8499996662 -32.8258740902 -2.1162776678 -3.6901139828 1
7.0920636654 -32.8258740902 -2.3022006919 -3.2227689129 1
10.3341276646 -32.8258740902 -1.6362719211 -2.7344860649 1
13.5761916637 -32.8258740902 -0.0889473798 -2.4927287649 1
16.8182556629 -32.8258740902 0 -0 0
20.0603196621 -32.8258740902 0 -0 0
23.3023836613 -32.8258740902 0 -0 0
26.5444476604 -32.8258740902 0 -0 0
29.7865116596 -32.8258740902 0 -0 0
33.0285756588 -32.8258740902 0 -0 0
36.270639658 -32.8258740902 0 -0 0
39.5127036572 -32.8258740902 0 -0 0
42.7547676563 -32.8258740902 0 -0 0
-35.0547683239 -36.0679380894 0 -0 0
-31.8127043247 -36.0679380894 0 -0 0
-28.5706403255 -36.0679380894 0 -0 0
-25.3285763264 -36.0679380894 0 -0 0
-22.0865123272 -36.0679380894 0 -0 0
-18.844448328 -36.0679380894 0 -0 0
-15.6023843288 -36.0679380894 0 -0 0
-12.3603203297 -36.0679380894 0 -0 0
-9.1182563305 -36.0679380894 0 -0 0
-5.8761923313 -36.0679380894 0 -0 0
-2.6341283321 -36.0679380894 0 -0 0
0.607935667 -36.0679380894 0 -0 0
3.8499996662 -36.0679380894 0 -0 0
7.0920636654 -36.0679380894 0 -0 0
10.3341276646 -36.0679380894 0 -0 0
13.5761916637 -36.0679380894 0 -0 0
16.8182556629 -36.0679380894 0 -0 0
20.0603196621 -36.0679380894 0 -0 0
23.3023836613 -36.0679380894 0 -0 0
26.5444476604 -36.0679380894 0 -0 0
29.7865116596 -36.0679380894 0 -0 0
33.0285756588 -36.0679380894 0 -0 0
36.270639658 -36.0679380894 0 -0 0
39.5127036572 -36.0679380894 0 -0 0
42.7547676563 -36.0679380894 0 -0 0
-35.0547683239 -39.3100020885 0 -0 0
-31.8127043247 -39.3100020885 0 -0 0
-28.5706403255 -39.3100020885 0 -0 0
-25.3285763264 -39.3100020885 0 -0 0
-22.0865123272 -39.3100020885 0 -0 0
-18.844448328 -39.3100020885 0 -0 0
-15.6023843288 -39.3100020885 0 -0 0
-12.3603203297 -39.3100020885 0 -0 0
-9.1182563305 -39.3100020885 0 -0 0
-5.8761923313 -39.3100020885 0 -0 0
-2.6341283321 -39.3100020885 0 -0 0
0.607935667 -39.3100020885 0 -0 0
3.8499996662 -39.3100020885 0 -0 0
7.0920636654 -39.3100020885 0 -0 0
10.3341276646 -39.3100020885 0 -0 0
13.5761916637 -39.3100020885 0 -0 0
16.8182556629 -39.3100020885 0 -0 0
20.0603196621 -39.3100020885 0 -0 0
23.3023836613 -39.3100020885 0 -0 0
26.5444476604 -39.3100020885 0 -0 0
29.7865116596 -39.3100020885 0 -0 0
33.0285756588 -39.3100020885 0 -0 0
36.270639658 -39.3100020885 0 -0 0
39.5127036572 -39.3100020885 0 -0 0
42.7547676563 -39.3100020885 0 -0 0
-35.0547683239 -42.5520660877 0 -0 0
-31.8127043247 -42.5520660877 0 -0 0
-28.5706403255 -42.5520660877 0 -0 0
-25.3285763264 -42.5520660877 0 -0 0
-22.0865123272 -42.5520660877 0 -0 0
-18.844448328 -42.5520660877 0 -0 0
-15.6023843288 -42.5520660877 0 -0 0
-12.3603203297 -42.5520660877 0 -0 0
-9.1182563305 -42.5520660877 0 -0 0
-5.8761923313 -42.5520660877 0 -0 0
-2.6341283321 -42.5520660877 0 -0 0
0.607935667 -42.5520660877 0 -0 0
3.8499996662 -42.5520660877 0 -0 0
7.0920636654 -42.5520660877 0 -0 0
10.3341276646 -42.5520660877 0 -0 0
13.5761916637 -42.5520660877 0 -0 0
16.8182556629 -42.5520660877 0 -0 0
20.0603196621 -42.5520660877 0 -0 0
23.3023836613 -42.5520660877 0 -0 0
26.5444476604 -42.5520660877 0 -0 0
29.7865116596 -42.5520660877 0 -0 0
33.0285756588 -42.5520660877 0 -0 0
36.270639658 -42.5520660877 0 -0 0
39.5127036572 -42.5520660877 0 -0 0
42.7547676563 -42.5520660877 0 -0 0
