TITLE = "B00090"
VARIABLES = "x", "y", "Vx", "Vy", "isValid"
ZONE T="Frame 0", I=25, J=25, F=POINT
-35.0547683239 35.2574698925 0 -0 0
-31.8127043247 35.2574698925 0 -0 0
-28.5706403255 35.2574698925 0 -0 0
-25.3285763264 35.2574698925 0 -0 0
-22.0865123272 35.2574698925 0 -0 0
-18.844448328 35.2574698925 0 -0 0
-15.6023843288 35.2574698925 0 -0 0
-12.3603203297 35.2574698925 0 -0 0
-9.1182563305 35.2574698925 0 -0 0
-5.8761923313 35.2574698925 0 -0 0
-2.6341283321 35.2574698925 0 -0 0
0.607935667 35.2574698925 0 -0 0
3.8499996662 35.2574698925 0 -0 0
7.0920636654 35.2574698925 0 -0 0
10.3341276646 35.2574698925 0 -0 0
13.5761916637 35.2574698925 0 -0 0
16.8182556629 35.2574698925 0 -0 0
20.0603196621 35.2574698925 0 -0 0
23.3023836613 35.2574698925 0 -0 0
26.5444476604 35.2574698925 0 -0 0
29.7865116596 35.2574698925 0 -0 0
33.0285756588 35.2574698925 0 -0 0
36.270639658 35.2574698925 0 -0 0
39.5127036572 35.2574698925 0 -0 0
42.7547676563 35.2574698925 0 -0 0
-35.0547683239 32.0154058933 0 -0 0
-31.8127043247 32.0154058933 0 -0 0
-28.5706403255 32.0154058933 0 -0 0
-25.3285763264 32.0154058933 0 -0 0
-22.0865123272 32.0154058933 0 -0 0
-18.844448328 32.0154058933 0 -0 0
-15.6023843288 32.0154058933 0 -0 0
-12.3603203297 32.0154058933 0 -0 0
-9.1182563305 32.0154058933 0 -0 0
-5.8761923313 32.0154058933 0 -0 0
-2.6341283321 32.0154058933 0 -0 0
0.607935667 32.0154058933 0 -0 0
3.8499996662 32.0154058933 0 -0 0
7.0920636654 32.0154058933 0 -0 0
10.3341276646 32.0154058933 0 -0 0
13.5761916637 32.0154058933 0 -0 0
16.8182556629 32.0154058933 0 -0 0
20.0603196621 32.0154058933 0 -0 0
23.3023836613 32.0154058933 0 -0 0
26.5444476604 32.0154058933 0 -0 0
29.7865116596 32.0154058933 0 -0 0
33.0285756588 32.0154058933 0 -0 0
36.270639658 32.0154058933 0 -0 0
39.5127036572 32.0154058933 0 -0 0
42.7547676563 32.0154058933 0 -0 0
-35.0547683239 28.7733418941 0 -0 0
-31.8127043247 28.7733418941 0 -0 0
-28.5706403255 28.7733418941 0 -0 0
-25.3285763264 28.7733418941 0 -0 0
-22.0865123272 28.7733418941 0 -0 0
-18.844448328 28.7733418941 0 -0 0
-15.6023843288 28.7733418941 0 -0 0
-12.3603203297 28.7733418941 0 -0 0
-9.1182563305 28.7733418941 0 -0 0
-5.8761923313 28.7733418941 0 -0 0
-2.6341283321 28.7733418941 0 -0 0
0.607935667 28.7733418941 0 -0 0
3.8499996662 28.7733418941 0 -0 0
7.0920636654 28.7733418941 0 -0 0
10.3341276646 28.7733418941 0 -0 0
13.5761916637 28.7733418941 0 -0 0
16.8182556629 28.7733418941 0 -0 0
20.0603196621 28.7733418941 0 -0 0
23.3023836613 28.7733418941 0 -0 0
26.5444476604 28.7733418941 0 -0 0
29.7865116596 28.7733418941 0 -0 0
33.0285756588 28.7733418941 0 -0 0
36.270639658 28.7733418941 0 -0 0
39.5127036572 28.7733418941 0 -0 0
42.7547676563 28.7733418941 0 -0 0
-35.0547683239 25.531277895 0 -0 0
-31.8127043247 25.531277895 0 -0 0
-28.5706403255 25.531277895 0 -0 0
-25.3285763264 25.531277895 0 -0 0
-22.0865123272 25.531277895 0 -0 0
-18.844448328 25.531277895 0 -0 0
-15.6023843288 25.531277895 0 -0 0
-12.3603203297 25.531277895 0 -0 0
-9.1182563305 25.531277895 8.0210138298 -1.3054245932 1
-5.8761923313 25.531277895 5.7041664461 -3.4471706597 1
-2.6341283321 25.531277895 3.3656982944 -3.6262417427 1
0.607935667 25.531277895 2.9901987635 -0.9838093295 1
3.8499996662 25.531277895 4.0687546031 2.2253048422 1
7.0920636654 25.531277895 4.4342221533 3.8611682375 1
10.3341276646 25.531277895 3.6117482857 3.4622577321 1
13.5761916637 25.531277895 1.6877055619 2.3654696544 1
16.8182556629 25.531277895 0 -0 0
20.0603196621 25.531277895 0 -0 0
23.3023836613 25.531277895 0 -0 0
26.5444476604 25.531277895 0 -0 0
29.7865116596 25.531277895 0 -0 0
33.0285756588 25.531277895 0 -0 0
36.270639658 25.531277895 0 -0 0
39.5127036572 25.531277895 0 -0 0
42.7547676563 25.531277895 0 -0 0
-35.0547683239 22.2892138958 0 -0 0
-31.8127043247 22.2892138958 0 -0 0
-28.5706403255 22.2892138958 0 -0 0
-25.3285763264 22.2892138958 0 -0 0
-22.0865123272 22.2892138958 0 -0 0
-18.844448328 22.2892138958 0 -0 0
-15.6023843288 22.2892138958 7.7043546968 1.318018692 1
-12.3603203297 22.2892138958 7.2502430852 2.1200255071 1
-9.1182563305 22.2892138958 5.6097018731 0.5407256501 1
-5.8761923313 22.2892138958 3.8826473953 -1.8371609394 1
-2.6341283321 22.2892138958 2.6261488251 -2.5908887905 1
0.607935667 22.2892138958 3.5736965071 -0.9370221792 1
3.8499996662 22.2892138958 4.6338137322 1.1209606977 1
7.0920636654 22.2892138958 4.6913204578 1.972239258 1
10.3341276646 22.2892138958 3.3261899537 1.2779442125 1
13.5761916637 22.2892138958 1.2011175073 0.6612056629 1
16.8182556629 22.2892138958 -0.7604540338 1.0134987841 1
20.0603196621 22.2892138958 -1.6086363429 1.9702559603 1
23.3023836613 22.2892138958 0 -0 0
26.5444476604 22.2892138958 0 -0 0
29.7865116596 22.2892138958 0 -0 0
33.0285756588 22.2892138958 0 -0 0
36.270639658 22.2892138958 0 -0 0
39.5127036572 22.2892138958 0 -0 0
42.7547676563 22.2892138958 0 -0 0
-35.0547683239 19.0471498966 0 -0 0
-31.8127043247 19.0471498966 0 -0 0
-28.5706403255 19.0471498966 0 -0 0
-25.3285763264 19.0471498966 0 -0 0
-22.0865123272 19.0471498966 0 -0 0
-18.844448328 19.0471498966 8.3515320424 -1.3453591232 1
-15.6023843288 19.0471498966 7.8922499977 -0.0551562492 1
-12.3603203297 19.0471498966 6.3599853353 0.7862246751 1
-9.1182563305 19.0471498966 4.5180919279 -0.090877451 1
-5.8761923313 19.0471498966 3.5082904081 -1.3255804956 1
-2.6341283321 19.0471498966 3.403617521 -1.3553204498 1
0.607935667 19.0471498966 4.5242198151 -0.2578987117 1
3.8499996662 19.0471498966 4.8445122009 0.9540382 1
7.0920636654 19.0471498966 4.5435011462 1.5542008074 1
10.3341276646 19.0471498966 3.0992398271 0.9511052232 1
13.5761916637 19.0471498966 1.2322187612 0.5468020564 1
16.8182556629 19.0471498966 -0.3610706515 1.0115706661 1
20.0603196621 19.0471498966 -0.3641324814 1.844687265 1
23.3023836613 19.0471498966 0.7229958707 1.7941431416 1
26.5444476604 19.0471498966 0 -0 0
29.7865116596 19.0471498966 0 -0 0
33.0285756588 19.0471498966 0 -0 0
36.270639658 19.0471498966 0 -0 0
39.5127036572 19.0471498966 0 -0 0
42.7547676563 19.0471498966 0 -0 0
-35.0547683239 15.8050858974 0 -0 0
-31.8127043247 15.8050858974 0 -0 0
-28.5706403255 15.8050858974 0 -0 0
-25.3285763264 15.8050858974 0 -0 0
-22.0865123272 15.8050858974 6.7838599984 -0.2964555428 1
-18.844448328 15.8050858974 7.9038119121 -0.756968581 1
-15.6023843288 15.8050858974 8.5014117976 -1.0563641773 1
-12.3603203297 15.8050858974 7.4672146745 -1.4329071398 1
-9.1182563305 15.8050858974 5.7565030406 -2.0428650065 1
-5.8761923313 15.8050858974 4.948364715 -2.0562029363 1
-2.6341283321 15.8050858974 5.1358632658 -0.8818022016 1
0.607935667 15.8050858974 5.170717492 -0.0514281539 1
3.8499996662 15.8050858974 4.098363515 1.5949685428 1
7.0920636654 15.8050858974 3.3286395989 2.901381388 1
10.3341276646 15.8050858974 2.4782587083 2.1872489874 1
13.5761916637 15.8050858974 1.4636025854 1.2458036785 1
16.8182556629 15.8050858974 0.7793044955 1.4020119604 1
20.0603196621 15.8050858974 1.1993697988 2.6941766755 1
23.3023836613 15.8050858974 2.0728345865 2.5412998566 1
26.5444476604 15.8050858974 2.6314566412 1.0023536233 1
29.7865116596 15.8050858974 0 -0 0
33.0285756588 15.8050858974 0 -0 0
36.270639658 15.8050858974 0 -0 0
39.5127036572 15.8050858974 0 -0 0
42.7547676563 15.8050858974 0 -0 0
-35.0547683239 12.5630218983 0 -0 0
-31.8127043247 12.5630218983 0 -0 0
-28.5706403255 12.5630218983 0 -0 0
-25.3285763264 12.5630218983 0 -0 0
-22.0865123272 12.5630218983 5.7484074057 0.3402091135 1
-18.844448328 12.5630218983 7.5809334039 -0.0145081849 1
-15.6023843288 12.5630218983 9.4532322429 -1.3113578795 1
-12.3603203297 12.5630218983 9.5007377857 -2.4287694149 1
-9.1182563305 12.5630218983 7.627801248 -2.8099051224 1
-5.8761923313 12.5630218983 5.9713042799 -1.7538994243 1
-2.6341283321 12.5630218983 5.4088025889 0.2081131201 1
0.607935667 12.5630218983 4.4366962556 1.1500200775 1
3.8499996662 12.5630218983 2.3876924921 3.0405202056 1
7.0920636654 12.5630218983 1.4187811447 4.4721196401 1
10.3341276646 12.5630218983 1.463630515 3.4366791251 1
13.5761916637 12.5630218983 1.7592757809 1.8740615689 1
16.8182556629 12.5630218983 1.9157760395 1.946003477 1
20.0603196621 12.5630218983 2.3810836134 3.69847291 1
23.3023836613 12.5630218983 2.5072536238 3.733104002 1
26.5444476604 12.5630218983 2.1382492909 2.2539534316 1
29.7865116596 12.5630218983 1.3648086353 1.2867740162 1
33.0285756588 12.5630218983 0 -0 0
36.270639658 12.5630218983 0 -0 0
39.5127036572 12.5630218983 0 -0 0
42.7547676563 12.5630218983 0 -0 0
-35.0547683239 9.3209578991 0 -0 0
-31.8127043247 9.3209578991 0 -0 0
-28.5706403255 9.3209578991 0 -0 0
-25.3285763264 9.3209578991 3.2254721882 0.2105136055 1
-22.0865123272 9.3209578991 4.4194889553 0.1237436335 1
-18.844448328 9.3209578991 6.9721393679 0.0652191977 1
-15.6023843288 9.3209578991 9.2098052107 -1.5760672041 1
-12.3603203297 9.3209578991 9.6109497755 -2.1961681656 1
-9.1182563305 9.3209578991 7.3009280639 -0.672160299 1
-5.8761923313 9.3209578991 4.9284927878 1.7580625831 1
-2.6341283321 9.3209578991 4.0270744028 3.2373692569 1
0.607935667 9.3209578991 3.3126929011 2.4864198643 1
3.8499996662 9.3209578991 1.605772888 2.832286781 1
7.0920636654 9.3209578991 0.6815540526 3.5782225987 1
10.3341276646 9.3209578991 1.1553084184 2.5184423395 1
13.5761916637 9.3209578991 2.3598227589 1.1099867374 1
16.8182556629 9.3209578991 2.737980425 1.2486529422 1
20.0603196621 9.3209578991 2.5202909716 3.3437619984 1
23.3023836613 9.3209578991 1.8730911314 3.8823167702 1
26.5444476604 9.3209578991 1.2735360288 2.6471243457 1
29.7865116596 9.3209578991 0.5158210503 1.4414306247 1
33.0285756588 9.3209578991 0 -0 0
36.270639658 9.3209578991 0 -0 0
39.5127036572 9.3209578991 0 -0 0
42.7547676563 9.3209578991 0 -0 0
-35.0547683239 6.0788938999 0 -0 0
-31.8127043247 6.0788938999 0 -0 0
-28.5706403255 6.0788938999 0 -0 0
-25.3285763264 6.0788938999 1.3882100987 -0.8131486545 1
-22.0865123272 6.0788938999 2.6754708434 -0.1180558721 1
-18.844448328 6.0788938999 5.076574184 -0.28606697 1
-15.6023843288 6.0788938999 6.9441561049 -1.8440790054 1
-12.3603203297 6.0788938999 7.2023806484 -1.6221190533 1
-9.1182563305 6.0788938999 5.247372393 1.6286376517 1
-5.8761923313 6.0788938999 3.47026671 4.9541145724 1
-2.6341283321 6.0788938999 2.8443493132 5.5969020017 1
0.607935667 6.0788938999 2.9269131942 3.587732222 1
3.8499996662 6.0788938999 1.7772258554 2.0380896628 1
7.0920636654 6.0788938999 0.7386291539 2.031532416 1
10.3341276646 6.0788938999 0.9323908613 2.0082253091 1
13.5761916637 6.0788938999 2.4403402366 1.7480719682 1
16.8182556629 6.0788938999 2.8252826619 1.9999480569 1
20.0603196621 6.0788938999 2.1312432092 2.9185433972 1
23.3023836613 6.0788938999 1.2493013599 2.7870980294 1
26.5444476604 6.0788938999 0.851476105 1.2337067251 1
29.7865116596 6.0788938999 0.2968692016 -0.0383156087 1
33.0285756588 6.0788938999 -0.2506170713 -0.5502253094 1
36.270639658 6.0788938999 0 -0 0
39.5127036572 6.0788938999 0 -0 0
42.7547676563 6.0788938999 0 -0 0
-35.0547683239 2.8368299007 0 -0 0
-31.8127043247 2.8368299007 0 -0 0
-28.5706403255 2.8368299007 0.0454389095 -1.807809281 1
-25.3285763264 2.8368299007 0.113319828 -0.389972154 1
-22.0865123272 2.8368299007 1.0638791801 1.5126474221 1
-18.844448328 2.8368299007 2.5684491593 1.0079463205 1
-15.6023843288 2.8368299007 3.829952699 -0.9683446047 1
-12.3603203297 2.8368299007 4.7652636291 -1.2647457038 1
-9.1182563305 2.8368299007 4.320130527 1.7544598263 1
-5.8761923313 2.8368299007 3.7005019517 4.8199595885 1
-2.6341283321 2.8368299007 3.0963647475 4.8183535657 1
0.607935667 2.8368299007 2.981744423 3.0855069589 1
3.8499996662 2.8368299007 2.1894240175 1.7214175464 1
7.0920636654 2.8368299007 0.863834992 2.1744069953 1
10.3341276646 2.8368299007 0.5897082115 3.2302987108 1
13.5761916637 2.8368299007 1.651382243 3.5781024263 1
16.8182556629 2.8368299007 1.9378700996 3.4208785667 1
20.0603196621 2.8368299007 1.2884242733 3.1632675667 1
23.3023836613 2.8368299007 0.591224105 2.1179030148 1
26.5444476604 2.8368299007 0.6602072204 0.1784676356 1
29.7865116596 2.8368299007 0.3538326793 -1.4121678879 1
33.0285756588 2.8368299007 -0.2489788164 -1.8900583888 1
36.270639658 2.8368299007 0 -0 0
39.5127036572 2.8368299007 0 -0 0
42.7547676563 2.8368299007 0 -0 0
-35.0547683239 -0.4052340984 0 -0 0
-31.8127043247 -0.4052340984 0 -0 0
-28.5706403255 -0.4052340984 0.0112459665 -1.4707868122 1
-25.3285763264 -0.4052340984 0.1199732618 0.8862102343 1
-22.0865123272 -0.4052340984 0.2883450751 3.9687904817 1
-18.844448328 -0.4052340984 0.583835804 3.3504007692 1
-15.6023843288 -0.4052340984 1.4930783415 0.1081769093 1
-12.3603203297 -0.4052340984 3.8169475079 -2.391503739 1
-9.1182563305 -0.4052340984 4.9610586053 -1.2211245529 1
-5.8761923313 -0.4052340984 4.6940409438 1.2035545464 1
-2.6341283321 -0.4052340984 2.9552681462 2.1965954118 1
0.607935667 -0.4052340984 1.9065799817 2.5282632636 1
3.8499996662 -0.4052340984 1.5135620006 2.4456629988 1
7.0920636654 -0.4052340984 0.4977657872 3.087233154 1
10.3341276646 -0.4052340984 0.2039176159 4.2952708409 1
13.5761916637 -0.4052340984 0.5459324671 4.877680994 1
16.8182556629 -0.4052340984 0.8478173382 4.7023095907 1
20.0603196621 -0.4052340984 0.5278342529 3.7238024159 1
23.3023836613 -0.4052340984 0.1427522084 2.0656117114 1
26.5444476604 -0.4052340984 0.4302706358 -0.0091747038 1
29.7865116596 -0.4052340984 0.3877681376 -1.4036717286 1
33.0285756588 -0.4052340984 -0.0779846243 -1.8953130633 1
36.270639658 -0.4052340984 0 -0 0
39.5127036572 -0.4052340984 0 -0 0
42.7547676563 -0.4052340984 0 -0 0
-35.0547683239 -3.6472980976 0 -0 0
-31.8127043247 -3.6472980976 0 -0 0
-28.5706403255 -3.6472980976 -0.4966643075 -1.705876506 1
-25.3285763264 -3.6472980976 -0.4787529191 0.7982271211 1
-22.0865123272 -3.6472980976 -1.3898248777 3.7802656344 1
-18.844448328 -3.6472980976 -2.3760099524 3.4090862715 1
-15.6023843288 -3.6472980976 -1.7966916723 -0.3646649539 1
-12.3603203297 -3.6472980976 1.8100083153 -3.9659111749 1
-9.1182563305 -3.6472980976 4.0749190251 -4.0560887934 1
-5.8761923313 -3.6472980976 3.2675515542 -1.9341985003 1
-2.6341283321 -3.6472980976 0.1991724475 0.3110488667 1
0.607935667 -3.6472980976 -1.0776057831 1.7214024493 1
3.8499996662 -3.6472980976 0.0942935424 2.1560511125 1
7.0920636654 -3.6472980976 0.4821883253 2.546509542 1
10.3341276646 -3.6472980976 0.5081600591 3.6571124649 1
13.5761916637 -3.6472980976 0.3785161075 4.6357721198 1
16.8182556629 -3.6472980976 0.6687442171 4.2644423904 1
20.0603196621 -3.6472980976 0.6393864444 2.8392519498 1
23.3023836613 -3.6472980976 0.2756877197 1.0697064852 1
26.5444476604 -3.6472980976 0.3295313948 -0.413645364 1
29.7865116596 -3.6472980976 0.3242193892 -1.3384783468 1
33.0285756588 -3.6472980976 0.1384772654 -1.7548440459 1
36.270639658 -3.6472980976 0 -0 0
39.5127036572 -3.6472980976 0 -0 0
42.7547676563 -3.6472980976 0 -0 0
-35.0547683239 -6.8893620968 0 -0 0
-31.8127043247 -6.8893620968 0 -0 0
-28.5706403255 -6.8893620968 -2.8359182222 -2.5716636203 1
-25.3285763264 -6.8893620968 -3.7379607187 -0.6099642829 1
-22.0865123272 -6.8893620968 -5.2125350754 1.4598644082 1
-18.844448328 -6.8893620968 -6.5122727659 0.9033680163 1
-15.6023843288 -6.8893620968 -5.7030347722 -1.5001274498 1
-12.3603203297 -6.8893620968 -1.5931884512 -3.521057368 1
-9.1182563305 -6.8893620968 0.6843603652 -3.5043482699 1
-5.8761923313 -6.8893620968 -0.7594327193 -2.4665352556 1
-2.6341283321 -6.8893620968 -3.6963321502 -1.3721195262 1
0.607935667 -6.8893620968 -3.520043753 -0.8259208984 1
3.8499996662 -6.8893620968 -0.1110755403 -0.377736723 1
7.0920636654 -6.8893620968 1.4765282152 0.7044446322 1
10.3341276646 -6.8893620968 1.630928627 2.4957727804 1
13.5761916637 -6.8893620968 1.2985738599 3.7544336991 1
16.8182556629 -6.8893620968 1.4537514672 3.1212824063 1
20.0603196621 -6.8893620968 1.2968882758 1.1451460747 1
23.3023836613 -6.8893620968 0.5745000608 -0.7423630285 1
26.5444476604 -6.8893620968 0.2265140487 -1.794344989 1
29.7865116596 -6.8893620968 0.2835784311 -2.1442461357 1
33.0285756588 -6.8893620968 0.3895109018 -2.4023132172 1
36.270639658 -6.8893620968 0 -0 0
39.5127036572 -6.8893620968 0 -0 0
42.7547676563 -6.8893620968 0 -0 0
-35.0547683239 -10.131426096 0 -0 0
-31.8127043247 -10.131426096 0 -0 0
-28.5706403255 -10.131426096 -6.7063741566 -2.8898197755 1
-25.3285763264 -10.131426096 -8.5016297988 -0.8267061708 1
-22.0865123272 -10.131426096 -9.4381424529 -0.3400759954 1
-18.844448328 -10.131426096 -9.9841823354 -1.3253078432 1
-15.6023843288 -10.131426096 -8.6028445587 -2.0330483094 1
-12.3603203297 -10.131426096 -5.3098837862 -1.1626709412 1
-9.1182563305 -10.131426096 -3.4684417802 -0.2173780015 1
-5.8761923313 -10.131426096 -4.5003867274 -0.2449729687 1
-2.6341283321 -10.131426096 -6.0430828381 -1.4224033767 1
0.607935667 -10.131426096 -4.1984351273 -2.6040313647 1
3.8499996662 -10.131426096 0.0884812494 -2.4031927705 1
7.0920636654 -10.131426096 1.9868504719 -0.445410095 1
10.3341276646 -10.131426096 2.1295941599 2.0909199305 1
13.5761916637 -10.131426096 2.0406834847 3.2440469781 1
16.8182556629 -10.131426096 2.0897841804 2.4219608024 1
20.0603196621 -10.131426096 1.3679820324 0.2724154936 1
23.3023836613 -10.131426096 -0.1056196695 -1.8817526032 1
26.5444476604 -10.131426096 -0.6896551978 -2.9493721496 1
29.7865116596 -10.131426096 -0.2419090063 -3.06847569 1
33.0285756588 -10.131426096 0.3900490734 -3.0593341325 1
36.270639658 -10.131426096 0 -0 0
39.5127036572 -10.131426096 0 -0 0
42.7547676563 -10.131426096 0 -0 0
-35.0547683239 -13.3734900951 0 -0 0
-31.8127043247 -13.3734900951 0 -0 0
-28.5706403255 -13.3734900951 0 -0 0
-25.3285763264 -13.3734900951 -11.9136319119 -0.1182821295 1
-22.0865123272 -13.3734900951 -11.1026517202 0.6825760464 1
-18.844448328 -13.3734900951 -10.2812920139 -0.0747546181 1
-15.6023843288 -13.3734900951 -8.7281753248 -0.678011231 1
-12.3603203297 -13.3734900951 -6.9074594363 0.3121761247 1
-9.1182563305 -13.3734900951 -5.5638920294 1.3717202096 1
-5.8761923313 -13.3734900951 -5.312147134 1.2393129341 1
-2.6341283321 -13.3734900951 -4.9697264178 -0.5737936705 1
0.607935667 -13.3734900951 -2.8083827373 -2.5869979822 1
3.8499996662 -13.3734900951 0.0899627688 -2.7433308147 1
7.0920636654 -13.3734900951 0.9481379007 -0.9667836466 1
10.3341276646 -13.3734900951 1.5036230176 1.1354860849 1
13.5761916637 -13.3734900951 2.3567844803 1.7123931418 1
16.8182556629 -13.3734900951 2.18793394 1.2833012449 1
20.0603196621 -13.3734900951 0.1707014558 -0.0878349641 1
23.3023836613 -13.3734900951 -2.228373013 -1.7823253324 1
26.5444476604 -13.3734900951 -2.5299745127 -2.7601495173 1
29.7865116596 -13.3734900951 -1.3037376503 -2.8440337851 1
33.0285756588 -13.3734900951 0.0393043679 -2.8215008542 1
36.270639658 -13.3734900951 0 -0 0
39.5127036572 -13.3734900951 0 -0 0
42.7547676563 -13.3734900951 0 -0 0
-35.0547683239 -16.6155540943 0 -0 0
-31.8127043247 -16.6155540943 0 -0 0
-28.5706403255 -16.6155540943 0 -0 0
-25.3285763264 -16.6155540943 -12.9163927778 0.1003249783 1
-22.0865123272 -16.6155540943 -10.7644309996 1.4712957333 1
-18.844448328 -16.6155540943 -8.4280184604 2.0051225662 1
-15.6023843288 -16.6155540943 -7.2058958424 0.6563359628 1
-12.3603203297 -16.6155540943 -6.8467621029 -0.4822677734 1
-9.1182563305 -16.6155540943 -5.5486645545 -0.4239129718 1
-5.8761923313 -16.6155540943 -3.6778754192 0.5433000723 1
-2.6341283321 -16.6155540943 -2.2937167612 0.7432540556 1
0.607935667 -16.6155540943 -1.7588206053 -0.4017953604 1
3.8499996662 -16.6155540943 -2.2674230076 -1.2475321382 1
7.0920636654 -16.6155540943 -2.9969610281 -1.2891157175 1
10.3341276646 -16.6155540943 -1.5431624581 -1.2371120882 1
13.5761916637 -16.6155540943 1.0443381044 -1.3999959022 1
16.8182556629 -16.6155540943 1.094978245 -0.8795198316 1
20.0603196621 -16.6155540943 -1.8587288677 -0.467482604 1
23.3023836613 -16.6155540943 -4.3680609005 -1.0923608718 1
26.5444476604 -16.6155540943 -3.8511320296 -2.2229773321 1
29.7865116596 -16.6155540943 -2.0198376476 -2.5612333797 1
33.0285756588 -16.6155540943 0 -0 0
36.270639658 -16.6155540943 0 -0 0
39.5127036572 -16.6155540943 0 -0 0
42.7547676563 -16.6155540943 0 -0 0
-35.0547683239 -19.8576180935 0 -0 0
-31.8127043247 -19.8576180935 0 -0 0
-28.5706403255 -19.8576180935 0 -0 0
-25.3285763264 -19.8576180935 0 -0 0
-22.0865123272 -19.8576180935 -10.2658411029 0.4565809584 1
-18.844448328 -19.8576180935 -7.6194550023 2.1604355938 1
-15.6023843288 -19.8576180935 -6.9674309041 1.3724610212 1
-12.3603203297 -19.8576180935 -7.7294658996 -0.8710922884 1
-9.1182563305 -19.8576180935 -6.6934094255 -1.8172248498 1
-5.8761923313 -19.8576180935 -4.0597969275 -0.5454579295 1
-2.6341283321 -19.8576180935 -2.3601426651 0.937032898 1
0.607935667 -19.8576180935 -3.3383919825 0.7997688305 1
3.8499996662 -19.8576180935 -6.4118533179 -0.4348332999 1
7.0920636654 -19.8576180935 -8.443716359 -2.1862205773 1
10.3341276646 -19.8576180935 -6.6494510823 -4.0264753524 1
13.5761916637 -19.8576180935 -2.7755980128 -4.4536949148 1
16.8182556629 -19.8576180935 -1.769244958 -2.6370090293 1
20.0603196621 -19.8576180935 -3.7803000556 -0.5260585772 1
23.3023836613 -19.8576180935 -5.0359399064 -0.0070211286 1
26.5444476604 -19.8576180935 -3.6652395016 -1.2759248329 1
29.7865116596 -19.8576180935 -1.9727702208 -2.3250257504 1
33.0285756588 -19.8576180935 0 -0 0
36.270639658 -19.8576180935 0 -0 0
39.5127036572 -19.8576180935 0 -0 0
42.7547676563 -19.8576180935 0 -0 0
-35.0547683239 -23.0996820927 0 -0 0
-31.8127043247 -23.0996820927 0 -0 0
-28.5706403255 -23.0996820927 0 -0 0
-25.3285763264 -23.0996820927 0 -0 0
-22.0865123272 -23.0996820927 -10.363840194 -2.1421262099 1
-18.844448328 -23.0996820927 -7.9491404623 -0.5141061779 1
-15.6023843288 -23.0996820927 -8.3387816892 -0.4018382737 1
-12.3603203297 -23.0996820927 -9.9590518084 -1.1195135713 1
-9.1182563305 -23.0996820927 -9.0888054825 -1.7814728027 1
-5.8761923313 -23.0996820927 -6.2033753213 -1.0707843382 1
-2.6341283321 -23.0996820927 -4.4723255637 -0.0384079342 1
0.607935667 -23.0996820927 -5.8877699614 0.5523953197 1
3.8499996662 -23.0996820927 -8.7718413893 -0.040825609 1
7.0920636654 -23.0996820927 -10.9100328585 -2.2655657702 1
10.3341276646 -23.0996820927 -9.6555246817 -4.7472770198 1
13.5761916637 -23.0996820927 -6.8495767944 -4.9627805733 1
16.8182556629 -23.0996820927 -5.0903221493 -2.5016517174 1
20.0603196621 -23.0996820927 -4.8850435168 0.0432454281 1
23.3023836613 -23.0996820927 -4.0979383825 0.6233924552 1
26.5444476604 -23.0996820927 -2.3348569406 -0.5409028139 1
29.7865116596 -23.0996820927 0 -0 0
33.0285756588 -23.0996820927 0 -0 0
36.270639658 -23.0996820927 0 -0 0
39.5127036572 -23.0996820927 0 -0 0
42.7547676563 -23.0996820927 0 -0 0
-35.0547683239 -26.3417460918 0 -0 0
-31.8127043247 -26.3417460918 0 -0 0
-28.5706403255 -26.3417460918 0 -0 0
-25.3285763264 -26.3417460918 0 -0 0
-22.0865123272 -26.3417460918 0 -0 0
-18.844448328 -26.3417460918 -9.4585681395 -3.0019252356 1
-15.6023843288 -26.3417460918 -10.9912053967 -2.288129348 1
-12.3603203297 -26.3417460918 -11.8699845677 -1.5584220897 1
-9.1182563305 -26.3417460918 -10.2269004108 -1.6094487144 1
-5.8761923313 -26.3417460918 -7.0098022468 -1.5601419441 1
-2.6341283321 -26.3417460918 -5.8416648197 -1.3302355159 1
0.607935667 -26.3417460918 -7.1574518677 -0.6729182457 1
3.8499996662 -26.3417460918 -8.7462778793 -0.5555687922 1
7.0920636654 -26.3417460918 -9.8579240074 -1.8940621229 1
10.3341276646 -26.3417460918 -9.4065817962 -3.3661650947 1
13.5761916637 -26.3417460918 -8.3369096567 -2.9343207061 1
16.8182556629 -26.3417460918 -6.7270631354 -0.9983142603 1
20.0603196621 -26.3417460918 -4.90968339 0.6723524843 1
23.3023836613 -26.3417460918 -3.0139165098 0.8526795653 1
26.5444476604 -26.3417460918 0 -0 0
29.7865116596 -26.3417460918 0 -0 0
33.0285756588 -26.3417460918 0 -0 0
36.270639658 -26.3417460918 0 -0 0
39.5127036572 -26.3417460918 0 -0 0
42.7547676563 -26.3417460918 0 -0 0
-35.0547683239 -29.583810091 0 -0 0
-31.8127043247 -29.583810091 0 -0 0
-28.5706403255 -29.583810091 0 -0 0
-25.3285763264 -29.583810091 0 -0 0
-22.0865123272 -29.583810091 0 -0 0
-18.844448328 -29.583810091 0 -0 0
-15.6023843288 -29.583810091 -12.5609783443 -3.8506760991 1
-12.3603203297 -29.583810091 -11.7470125626 -2.5727647982 1
-9.1182563305 -29.583810091 -8.8704799909 -2.1240846474 1
-5.8761923313 -29.583810091 -5.6238592701 -2.4954507606 1
-2.6341283321 -29.583810091 -4.9079964472 -2.8376329436 1
0.607935667 -29.583810091 -6.2850243219 -2.4378345815 1
3.8499996662 -29.583810091 -7.0590554226 -1.7297397877 1
7.0920636654 -29.583810091 -7.2939949009 -1.8784309532 1
10.3341276646 -29.583810091 -6.9383328759 -2.0943768499 1
13.5761916637 -29.583810091 -6.9085693704 -1.3631917427 1
16.8182556629 -29.583810091 -6.1734535988 -0.2596250201 1
20.0603196621 -29.583810091 -4.5371304987 0.5696701037 1
23.3023836613 -29.583810091 0 -0 0
26.5444476604 -29.583810091 0 -0 0
29.7865116596 -29.583810091 0 -0 0
33.0285756588 -29.583810091 0 -0 0
36.270639658 -29.583810091 0 -0 0
39.5127036572 -29.583810091 0 -0 0
42.7547676563 -29.583810091 0 -0 0
-35.0547683239 -32.8258740902 0 -0 0
-31.8127043247 -32.8258740902 0 -0 0
-28.5706403255 -32.8258740902 0 -0 0
-25.3285763264 -32.8258740902 0 -0 0
-22.0865123272 -32.8258740902 0 -0 0
-18.844448328 -32.8258740902 0 -0 0
-15.6023843288 -32.8258740902 0 -0 0
-12.3603203297 -32.8258740902 0 -0 0
-9.1182563305 -32.8258740902 -5.7854488906 -2.2980840319 1
-5.8761923313 -32.8258740902 -3.3503337384 -2.6848237594 1
-2.6341283321 -32.8258740902 -3.3013124531 -3.3815827923 1
0.607935667 -32.8258740902 -5.1256063392 -3.4811676762 1
3.8499996662 -32.8258740902 -6.3343934429 -3.126974291 1
7.0920636654 -32.8258740902 -6.5208593564 -2.2677536327 1
10.3341276646 -32.8258740902 -5.7222931559 -1.5702513727 1
13.5761916637 -32.8258740902 -5.3217615307 -1.040700549 1
16.8182556629 -32.8258740902 -4.9324666298 -0.7095887964 1
20.0603196621 -32.8258740902 0 -0 0
23.3023836613 -32.8258740902 0 -0 0
26.5444476604 -32.8258740902 0 -0 0
29.7865116596 -32.8258740902 0 -0 0
33.0285756588 -32.8258740902 0 -0 0
36.270639658 -32.8258740902 0 -0 0
39.5127036572 -32.8258740902 0 -0 0
42.7547676563 -32.8258740902 0 -0 0
-35.0547683239 -36.0679380894 0 -0 0
-31.8127043247 -36.0679380894 0 -0 0
-28.5706403255 -36.0679380894 0 -0 0
-25.3285763264 -36.0679380894 0 -0 0
-22.0865123272 -36.0679380894 0 -0 0
-18.844448328 -36.0679380894 0 -0 0
-15.6023843288 -36.0679380894 0 -0 0
-12.3603203297 -36.0679380894 0 -0 0
-9.1182563305 -36.0679380894 0 -0 0
-5.8761923313 -36.0679380894 0 -0 0
-2.6341283321 -36.0679380894 0 -0 0
0.607935667 -36.0679380894 0 -0 0
3.8499996662 -36.0679380894 0 -0 0
7.0920636654 -36.0679380894 0 -0 0
10.3341276646 -36.0679380894 0 -0 0
13.5761916637 -36.0679380894 0 -0 0
16.8182556629 -36.0679380894 0 -0 0
20.0603196621 -36.0679380894 0 -0 0
23.3023836613 -36.0679380894 0 -0 0
26.5444476604 -36.0679380894 0 -0 0
29.7865116596 -36.0679380894 0 -0 0
33.0285756588 -36.0679380894 0 -0 0
36.270639658 -36.0679380894 0 -0 0
39.5127036572 -36.0679380894 0 -0 0
42.7547676563 -36.0679380894 0 -0 0
-35.0547683239 -39.3100020885 0 -0 0
-31.8127043247 -39.3100020885 0 -0 0
-28.5706403255 -39.3100020885 0 -0 0
-25.3285763264 -39.3100020885 0 -0 0
-22.0865123272 -39.3100020885 0 -0 0
-18.844448328 -39.3100020885 0 -0 0
-15.6023843288 -39.3100020885 0 -0 0
-12.3603203297 -39.3100020885 0 -0 0
-9.1182563305 -39.3100020885 0 -0 0
-5.8761923313 -39.3100020885 0 -0 0
-2.6341283321 -39.3100020885 0 -0 0
0.607935667 -39.3100020885 0 -0 0
3.8499996662 -39.3100020885 0 -0 0
7.0920636654 -39.3100020885 0 -0 0
10.3341276646 -39.3100020885 0 -0 0
13.5761916637 -39.3100020885 0 -0 0
16.8182556629 -39.3100020885 0 -0 0
20.0603196621 -39.3100020885 0 -0 0
23.3023836613 -39.3100020885 0 -0 0
26.5444476604 -39.3100020885 0 -0 0
29.7865116596 -39.3100020885 0 -0 0
33.0285756588 -39.3100020885 0 -0 0
36.270639658 -39.3100020885 0 -0 0
39.5127036572 -39.3100020885 0 -0 0
42.7547676563 -39.3100020885 0 -0 0
-35.0547683239 -42.5520660877 0 -0 0
-31.8127043247 -42.5520660877 0 -0 0
-28.5706403255 -42.5520660877 0 -0 0
-25.3285763264 -42.5520660877 0 -0 0
-22.0865123272 -42.5520660877 0 -0 0
-18.844448328 -42.5520660877 0 -0 0
-15.6023843288 -42.5520660877 0 -0 0
-12.3603203297 -42.5520660877 0 -0 0
-9.1182563305 -42.5520660877 0 -0 0
-5.8761923313 -42.5520660877 0 -0 0
-2.6341283321 -42.5520660877 0 -0 0
0.607935667 -42.5520660877 0 -0 0
3.8499996662 -42.5520660877 0 -0 0
7.0920636654 -42.5520660877 0 -0 0
10.3341276646 -42.5520660877 0 -0 0
13.5761916637 -42.5520660877 0 -0 0
16.8182556629 -42.5520660877 0 -0 0
20.0603196621 -42.5520660877 0 -0 0
23.3023836613 -42.5520660877 0 -0 0
26.5444476604 -42.5520660877 0 -0 0
29.7865116596 -42.5520660877 0 -0 0
33.0285756588 -42.5520660877 0 -0 0
36.270639658 -42.5520660877 0 -0 0
39.5127036572 -42.5520660877 0 -0 0
42.7547676563 -42.5520660877 0 -0 0
