TITLE = "B00090"
VARIABLES = "x", "y", "Vx", "Vy", "isValid"
ZONE T="Frame 0", I=25, J=25, F=POINT
-35.0547683239 35.2574698925 0 -0 0
-31.8127043247 35.2574698925 0 -0 0
-28.5706403255 35.2574698925 0 -0 0
-25.3285763264 35.2574698925 0 -0 0
-22.0865123272 35.2574698925 0 -0 0
-18.844448328 35.2574698925 0 -0 0
-15.6023843288 35.2574698925 0 -0 0
-12.3603203297 35.2574698925 0 -0 0
-9.1182563305 35.2574698925 0 -0 0
-5.8761923313 35.2574698925 0 -0 0
-2.6341283321 35.2574698925 0 -0 0
0.607935667 35.2574698925 0 -0 0
3.8499996662 35.2574698925 0 -0 0
7.0920636654 35.2574698925 0 -0 0
10.3341276646 35.2574698925 0 -0 0
13.5761916637 35.2574698925 0 -0 0
16.8182556629 35.2574698925 0 -0 0
20.0603196621 35.2574698925 0 -0 0
23.3023836613 35.2574698925 0 -0 0
26.5444476604 35.2574698925 0 -0 0
29.7865116596 35.2574698925 0 -0 0
33.0285756588 35.2574698925 0 -0 0
36.270639658 35.2574698925 0 -0 0
39.5127036572 35.2574698925 0 -0 0
42.7547676563 35.2574698925 0 -0 0
-35.0547683239 32.0154058933 0 -0 0
-31.8127043247 32.0154058933 0 -0 0
-28.5706403255 32.0154058933 0 -0 0
-25.3285763264 32.0154058933 0 -0 0
-22.0865123272 32.0154058933 0 -0 0
-18.844448328 32.0154058933 0 -0 0
-15.6023843288 32.0154058933 0 -0 0
-12.3603203297 32.0154058933 0 -0 0
-9.1182563305 32.0154058933 0 -0 0
-5.8761923313 32.0154058933 0 -0 0
-2.6341283321 32.0154058933 0 -0 0
0.607935667 32.0154058933 0 -0 0
3.8499996662 32.0154058933 0 -0 0
7.0920636654 32.0154058933 0 -0 0
10.3341276646 32.0154058933 0 -0 0
13.5761916637 32.0154058933 0 -0 0
16.8182556629 32.0154058933 0 -0 0
20.0603196621 32.0154058933 0 -0 0
23.3023836613 32.0154058933 0 -0 0
26.5444476604 32.0154058933 0 -0 0
29.7865116596 32.0154058933 0 -0 0
33.0285756588 32.0154058933 0 -0 0
36.270639658 32.0154058933 0 -0 0
39.5127036572 32.0154058933 0 -0 0
42.7547676563 32.0154058933 0 -0 0
-35.0547683239 28.7733418941 0 -0 0
-31.8127043247 28.7733418941 0 -0 0
-28.5706403255 28.7733418941 0 -0 0
-25.3285763264 28.7733418941 0 -0 0
-22.0865123272 28.7733418941 0 -0 0
-18.844448328 28.7733418941 0 -0 0
-15.6023843288 28.7733418941 0 -0 0
-12.3603203297 28.7733418941 0 -0 0
-9.1182563305 28.7733418941 0 -0 0
-5.8761923313 28.7733418941 0 -0 0
-2.6341283321 28.7733418941 0 -0 0
0.607935667 28.7733418941 0 -0 0
3.8499996662 28.7733418941 0 -0 0
7.0920636654 28.7733418941 0 -0 0
10.3341276646 28.7733418941 0 -0 0
13.5761916637 28.7733418941 0 -0 0
16.8182556629 28.7733418941 0 -0 0
20.0603196621 28.7733418941 0 -0 0
23.3023836613 28.7733418941 0 -0 0
26.5444476604 28.7733418941 0 -0 0
29.7865116596 28.7733418941 0 -0 0
33.0285756588 28.7733418941 0 -0 0
36.270639658 28.7733418941 0 -0 0
39.5127036572 28.7733418941 0 -0 0
42.7547676563 28.7733418941 0 -0 0
-35.0547683239 25.531277895 0 -0 0
-31.8127043247 25.531277895 0 -0 0
-28.5706403255 25.531277895 0 -0 0
-25.3285763264 25.531277895 0 -0 0
-22.0865123272 25.531277895 0 -0 0
-18.844448328 25.531277895 0 -0 0
-15.6023843288 25.531277895 0 -0 0
-12.3603203297 25.531277895 0 -0 0
-9.1182563305 25.531277895 1.1936305094 -1.1918585702 1
-5.8761923313 25.531277895 0.4836967079 -0.5867833117 1
-2.6341283321 25.531277895 -0.7313664981 1.1406365144 1
0.607935667 25.531277895 -1.3670716811 2.909201351 1
3.8499996662 25.531277895 -2.2410261412 3.1312062923 1
7.0920636654 25.531277895 -1.5530896655 2.8753661747 1
10.3341276646 25.531277895 -0.4371983639 2.9038144264 1
13.5761916637 25.531277895 0.6530229181 2.7081308663 1
16.8182556629 25.531277895 0 -0 0
20.0603196621 25.531277895 0 -0 0
23.3023836613 25.531277895 0 -0 0
26.5444476604 25.531277895 0 -0 0
29.7865116596 25.531277895 0 -0 0
33.0285756588 25.531277895 0 -0 0
36.270639658 25.531277895 0 -0 0
39.5127036572 25.531277895 0 -0 0
42.7547676563 25.531277895 0 -0 0
-35.0547683239 22.2892138958 0 -0 0
-31.8127043247 22.2892138958 0 -0 0
-28.5706403255 22.2892138958 0 -0 0
-25.3285763264 22.2892138958 0 -0 0
-22.0865123272 22.2892138958 0 -0 0
-18.844448328 22.2892138958 0 -0 0
-15.6023843288 22.2892138958 -0.0406173359 0.4985176574 1
-12.3603203297 22.2892138958 0.821465612 0.4134789947 1
-9.1182563305 22.2892138958 -0.2501572156 -0.1873052332 1
-5.8761923313 22.2892138958 -1.2062126816 0.5072432539 1
-2.6341283321 22.2892138958 -1.3677028882 2.0693562293 1
0.607935667 22.2892138958 0.0614724482 3.1037444809 1
3.8499996662 22.2892138958 1.0984351644 2.5238959929 1
7.0920636654 22.2892138958 1.4923912753 1.5977598339 1
10.3341276646 22.2892138958 0.9246225302 0.9397125465 1
13.5761916637 22.2892138958 0.1772738375 -0.071061548 1
16.8182556629 22.2892138958 -0.7188268995 -1.1344648459 1
20.0603196621 22.2892138958 -1.1192486183 -1.670842927 1
23.3023836613 22.2892138958 0 -0 0
26.5444476604 22.2892138958 0 -0 0
29.7865116596 22.2892138958 0 -0 0
33.0285756588 22.2892138958 0 -0 0
36.270639658 22.2892138958 0 -0 0
39.5127036572 22.2892138958 0 -0 0
42.7547676563 22.2892138958 0 -0 0
-35.0547683239 19.0471498966 0 -0 0
-31.8127043247 19.0471498966 0 -0 0
-28.5706403255 19.0471498966 0 -0 0
-25.3285763264 19.0471498966 0 -0 0
-22.0865123272 19.0471498966 0 -0 0
-18.844448328 19.0471498966 -1.711327291 1.4411813726 1
-15.6023843288 19.0471498966 -0.2611215705 1.165547455 1
-12.3603203297 19.0471498966 -0.0721351171 1.0389723912 1
-9.1182563305 19.0471498966 -1.2494345158 0.985635467 1
-5.8761923313 19.0471498966 -1.8118096937 2.1804210507 1
-2.6341283321 19.0471498966 -0.3929727655 3.5476151688 1
0.607935667 19.0471498966 1.7808953411 3.4983834308 1
3.8499996662 19.0471498966 2.4879229253 1.7824734343 1
7.0920636654 19.0471498966 1.7897994223 0.1280185764 1
10.3341276646 19.0471498966 0.6593591443 -1.0087708452 1
13.5761916637 19.0471498966 -0.3165133334 -1.7523684338 1
16.8182556629 19.0471498966 -0.895073629 -2.2190200969 1
20.0603196621 19.0471498966 -0.9291427339 -2.3704000446 1
23.3023836613 19.0471498966 -0.3774227046 -2.768739731 1
26.5444476604 19.0471498966 0 -0 0
29.7865116596 19.0471498966 0 -0 0
33.0285756588 19.0471498966 0 -0 0
36.270639658 19.0471498966 0 -0 0
39.5127036572 19.0471498966 0 -0 0
42.7547676563 19.0471498966 0 -0 0
-35.0547683239 15.8050858974 0 -0 0
-31.8127043247 15.8050858974 0 -0 0
-28.5706403255 15.8050858974 0 -0 0
-25.3285763264 15.8050858974 0 -0 0
-22.0865123272 15.8050858974 -2.0160564439 2.7078853885 1
-18.844448328 15.8050858974 -1.5626791521 2.193512144 1
-15.6023843288 15.8050858974 -0.3237491543 1.3374497858 1
-12.3603203297 15.8050858974 0.026386131 0.4996080409 1
-9.1182563305 15.8050858974 -0.4856516609 0.9901100777 1
-5.8761923313 15.8050858974 -0.0939886483 2.7308259394 1
-2.6341283321 15.8050858974 1.777665934 4.2919965956 1
0.607935667 15.8050858974 2.8286257496 3.3753289959 1
3.8499996662 15.8050858974 1.6285067604 1.5570071955 1
7.0920636654 15.8050858974 0.1005545854 0.0361105002 1
10.3341276646 15.8050858974 0.1799835102 -0.9008193346 1
13.5761916637 15.8050858974 0.2588305763 -0.9666547934 1
16.8182556629 15.8050858974 0.1490282823 -1.1293173603 1
20.0603196621 15.8050858974 -0.0531608927 -1.9679257327 1
23.3023836613 15.8050858974 0.7572705972 -3.4042597489 1
26.5444476604 15.8050858974 1.3948142973 -4.2516914333 1
29.7865116596 15.8050858974 0 -0 0
33.0285756588 15.8050858974 0 -0 0
36.270639658 15.8050858974 0 -0 0
39.5127036572 15.8050858974 0 -0 0
42.7547676563 15.8050858974 0 -0 0
-35.0547683239 12.5630218983 0 -0 0
-31.8127043247 12.5630218983 0 -0 0
-28.5706403255 12.5630218983 0 -0 0
-25.3285763264 12.5630218983 0 -0 0
-22.0865123272 12.5630218983 -1.0893068922 3.9412830773 1
-18.844448328 12.5630218983 -0.5020944095 2.7180719629 1
-15.6023843288 12.5630218983 0.771989151 1.5721529954 1
-12.3603203297 12.5630218983 1.6022816983 0.7917191661 1
-9.1182563305 12.5630218983 2.5665167386 1.1321150677 1
-5.8761923313 12.5630218983 3.5256758534 2.3020648185 1
-2.6341283321 12.5630218983 4.084226952 3.3560479667 1
0.607935667 12.5630218983 2.7125452398 2.6763144658 1
3.8499996662 12.5630218983 -0.2222820474 1.4034184004 1
7.0920636654 12.5630218983 -1.6258786683 0.4406155404 1
10.3341276646 12.5630218983 -0.0026066207 0.2691947862 1
13.5761916637 12.5630218983 1.2374470159 1.1771276369 1
16.8182556629 12.5630218983 1.4554906458 0.9816439616 1
20.0603196621 12.5630218983 1.1722063804 -0.9775665539 1
23.3023836613 12.5630218983 2.0416217655 -3.5634631319 1
26.5444476604 12.5630218983 2.2617700732 -4.5706332383 1
29.7865116596 12.5630218983 0.7816803916 -3.6779729461 1
33.0285756588 12.5630218983 0 -0 0
36.270639658 12.5630218983 0 -0 0
39.5127036572 12.5630218983 0 -0 0
42.7547676563 12.5630218983 0 -0 0
-35.0547683239 9.3209578991 0 -0 0
-31.8127043247 9.3209578991 0 -0 0
-28.5706403255 9.3209578991 0 -0 0
-25.3285763264 9.3209578991 -1.3042483831 5.6615771022 1
-22.0865123272 9.3209578991 -0.5603955413 4.1891099898 1
-18.844448328 9.3209578991 0.390102064 2.5377599035 1
-15.6023843288 9.3209578991 1.6994201074 1.4356597825 1
-12.3603203297 9.3209578991 3.2824547448 0.9542743931 1
-9.1182563305 9.3209578991 5.1549706791 1.2519337547 1
-5.8761923313 9.3209578991 5.8345746474 1.6398822264 1
-2.6341283321 9.3209578991 4.6077970092 1.7961850158 1
0.607935667 9.3209578991 1.5599230371 1.3078967329 1
3.8499996662 9.3209578991 -1.5539518572 0.7607296302 1
7.0920636654 9.3209578991 -1.9213565081 0.7453711885 1
10.3341276646 9.3209578991 0.2923688128 1.3385062764 1
13.5761916637 9.3209578991 1.8091580502 2.1949979943 1
16.8182556629 9.3209578991 1.9729886749 1.4581166243 1
20.0603196621 9.3209578991 1.7518595127 -0.8870540832 1
23.3023836613 9.3209578991 2.518525977 -3.4313263198 1
26.5444476604 9.3209578991 2.3945032182 -4.0904816542 1
29.7865116596 9.3209578991 0.4223312175 -3.0197702347 1
33.0285756588 9.3209578991 0 -0 0
36.270639658 9.3209578991 0 -0 0
39.5127036572 9.3209578991 0 -0 0
42.7547676563 9.3209578991 0 -0 0
-35.0547683239 6.0788938999 0 -0 0
-31.8127043247 6.0788938999 0 -0 0
-28.5706403255 6.0788938999 0 -0 0
-25.3285763264 6.0788938999 -0.6040743628 5.7422224518 1
-22.0865123272 6.0788938999 -0.3358869074 4.6523435329 1
-18.844448328 6.0788938999 0.7315930291 2.9450435273 1
-15.6023843288 6.0788938999 1.9756253723 1.8340518557 1
-12.3603203297 6.0788938999 3.5254503037 1.562435184 1
-9.1182563305 6.0788938999 4.9407443349 1.6538794438 1
-5.8761923313 6.0788938999 4.8490896224 1.3272230532 1
-2.6341283321 6.0788938999 3.1822200844 0.5682905742 1
0.607935667 6.0788938999 0.6457462975 -0.091789982 1
3.8499996662 6.0788938999 -1.1062528628 -0.4830171526 1
7.0920636654 6.0788938999 -1.0107311954 0.2198772593 1
10.3341276646 6.0788938999 0.4236810813 1.3380618196 1
13.5761916637 6.0788938999 1.4488882588 2.1675189724 1
16.8182556629 6.0788938999 1.8243338933 1.2183268456 1
20.0603196621 6.0788938999 1.9334019806 -0.3216685939 1
23.3023836613 6.0788938999 2.4431035982 -1.788547727 1
26.5444476604 6.0788938999 2.2008553426 -2.3345960638 1
29.7865116596 6.0788938999 0.4557893453 -1.8264553288 1
33.0285756588 6.0788938999 -1.3713827908 -0.8899058379 1
36.270639658 6.0788938999 0 -0 0
39.5127036572 6.0788938999 0 -0 0
42.7547676563 6.0788938999 0 -0 0
-35.0547683239 2.8368299007 0 -0 0
-31.8127043247 2.8368299007 0 -0 0
-28.5706403255 2.8368299007 0.7246366166 6.6681333631 1
-25.3285763264 2.8368299007 0.2398359567 5.7976841329 1
-22.0865123272 2.8368299007 -0.3757119462 4.7695318632 1
-18.844448328 2.8368299007 0.6256533874 2.9347823735 1
-15.6023843288 2.8368299007 1.7569762003 1.4434323408 1
-12.3603203297 2.8368299007 2.6753053798 0.7387450992 1
-9.1182563305 2.8368299007 2.2883210804 0.7339462797 1
-5.8761923313 2.8368299007 1.3036238187 0.5759816085 1
-2.6341283321 2.8368299007 0.462795427 -0.1313337535 1
0.607935667 2.8368299007 -0.0769339602 -1.301334957 1
3.8499996662 2.8368299007 -0.1109810706 -2.2800459418 1
7.0920636654 2.8368299007 -0.0230473364 -1.552180371 1
10.3341276646 2.8368299007 0.277491306 0.4265195883 1
13.5761916637 2.8368299007 0.6217585029 2.0998134437 1
16.8182556629 2.8368299007 1.2220607202 1.7316722084 1
20.0603196621 2.8368299007 1.8340818988 0.8694368229 1
23.3023836613 2.8368299007 2.2953893619 0.2143097553 1
26.5444476604 2.8368299007 2.1182508505 -0.1708410091 1
29.7865116596 2.8368299007 1.0970094758 -0.4557785887 1
33.0285756588 2.8368299007 -0.0904387217 -0.3967030922 1
36.270639658 2.8368299007 0 -0 0
39.5127036572 2.8368299007 0 -0 0
42.7547676563 2.8368299007 0 -0 0
-35.0547683239 -0.4052340984 0 -0 0
-31.8127043247 -0.4052340984 0 -0 0
-28.5706403255 -0.4052340984 1.5029394238 6.4862696302 1
-25.3285763264 -0.4052340984 0.9337628799 5.333599419 1
-22.0865123272 -0.4052340984 -0.1597854304 3.9643244764 1
-18.844448328 -0.4052340984 -0.076536743 1.8923229443 1
-15.6023843288 -0.4052340984 0.340898331 0.4146244823 1
-12.3603203297 -0.4052340984 0.2715158424 -0.4502948166 1
-9.1182563305 -0.4052340984 -1.708637754 -0.6460361606 1
-5.8761923313 -0.4052340984 -3.2593903982 -0.3913602887 1
-2.6341283321 -0.4052340984 -2.8307172931 -0.6447264172 1
0.607935667 -0.4052340984 -0.8872666495 -1.9833464497 1
3.8499996662 -0.4052340984 0.510685114 -3.7707925459 1
7.0920636654 -0.4052340984 0.2888067047 -3.5323574998 1
10.3341276646 -0.4052340984 -0.3417442934 -0.7433077256 1
13.5761916637 -0.4052340984 -0.2589057218 2.1855677815 1
16.8182556629 -0.4052340984 0.6751727617 2.7473867845 1
20.0603196621 -0.4052340984 1.7990299014 1.9239459518 1
23.3023836613 -0.4052340984 2.2911165986 1.0625242966 1
26.5444476604 -0.4052340984 2.1455902249 0.3107117687 1
29.7865116596 -0.4052340984 1.579689436 -0.1913182331 1
33.0285756588 -0.4052340984 0.9585779543 -0.3776594639 1
36.270639658 -0.4052340984 0 -0 0
39.5127036572 -0.4052340984 0 -0 0
42.7547676563 -0.4052340984 0 -0 0
-35.0547683239 -3.6472980976 0 -0 0
-31.8127043247 -3.6472980976 0 -0 0
-28.5706403255 -3.6472980976 1.1463383632 5.8179751539 1
-25.3285763264 -3.6472980976 1.6661244992 4.1518722435 1
-22.0865123272 -3.6472980976 1.1460650313 3.0730984026 1
-18.844448328 -3.6472980976 -0.4030771743 2.618039301 1
-15.6023843288 -3.6472980976 -2.7147548421 2.7293723967 1
-12.3603203297 -3.6472980976 -4.4489541434 1.7606327026 1
-9.1182563305 -3.6472980976 -6.322380429 -0.0340106038 1
-5.8761923313 -3.6472980976 -7.036429192 -0.5465959063 1
-2.6341283321 -3.6472980976 -5.0795718516 -0.6105955654 1
0.607935667 -3.6472980976 -1.0535814915 -1.7945103015 1
3.8499996662 -3.6472980976 1.5012354213 -4.1444176288 1
7.0920636654 -3.6472980976 0.9507810143 -4.6637448148 1
10.3341276646 -3.6472980976 -0.489260985 -1.6863096899 1
13.5761916637 -3.6472980976 -0.5324763652 1.8500071587 1
16.8182556629 -3.6472980976 0.6565549453 2.6888474216 1
20.0603196621 -3.6472980976 1.9316434778 1.2669487388 1
23.3023836613 -3.6472980976 2.1514261353 -0.0576741707 1
26.5444476604 -3.6472980976 1.7160517576 -0.5021631388 1
29.7865116596 -3.6472980976 1.3870357002 -0.3822714576 1
33.0285756588 -3.6472980976 1.3845671838 -0.1157612924 1
36.270639658 -3.6472980976 0 -0 0
39.5127036572 -3.6472980976 0 -0 0
42.7547676563 -3.6472980976 0 -0 0
-35.0547683239 -6.8893620968 0 -0 0
-31.8127043247 -6.8893620968 0 -0 0
-28.5706403255 -6.8893620968 -0.9069515999 4.541240516 1
-25.3285763264 -6.8893620968 0.550209533 2.5398426907 1
-22.0865123272 -6.8893620968 1.3107158025 1.1410149971 1
-18.844448328 -6.8893620968 -0.7948819197 2.8590701315 1
-15.6023843288 -6.8893620968 -5.3341960538 5.4636917903 1
-12.3603203297 -6.8893620968 -8.4358278554 5.5414288468 1
-9.1182563305 -6.8893620968 -9.9062478097 2.4977352442 1
-5.8761923313 -6.8893620968 -9.172589204 0.2758015136 1
-2.6341283321 -6.8893620968 -5.9629972866 -0.270983351 1
0.607935667 -6.8893620968 -0.7021664894 -1.0894064572 1
3.8499996662 -6.8893620968 2.3777535091 -3.023508261 1
7.0920636654 -6.8893620968 1.7449779815 -3.6494537383 1
10.3341276646 -6.8893620968 0.1222921666 -1.2673522826 1
13.5761916637 -6.8893620968 -0.0862718453 1.6131826644 1
16.8182556629 -6.8893620968 0.5905391524 1.673680264 1
20.0603196621 -6.8893620968 1.1210809456 -0.663833755 1
23.3023836613 -6.8893620968 0.6643382979 -2.207674674 1
26.5444476604 -6.8893620968 0.0905210289 -1.8187084355 1
29.7865116596 -6.8893620968 0.4601179676 -0.4406262593 1
33.0285756588 -6.8893620968 1.4237296513 0.4812257382 1
36.270639658 -6.8893620968 0 -0 0
39.5127036572 -6.8893620968 0 -0 0
42.7547676563 -6.8893620968 0 -0 0
-35.0547683239 -10.131426096 0 -0 0
-31.8127043247 -10.131426096 0 -0 0
-28.5706403255 -10.131426096 -3.947423344 3.1295827569 1
-25.3285763264 -10.131426096 -1.9958448333 1.5526485301 1
-22.0865123272 -10.131426096 0.2975670244 0.7649229831 1
-18.844448328 -10.131426096 -0.7710938212 3.0667600628 1
-15.6023843288 -10.131426096 -5.369718173 6.506108344 1
-12.3603203297 -10.131426096 -9.0296136256 8.097377056 1
-9.1182563305 -10.131426096 -10.2570485888 6.1589230031 1
-5.8761923313 -10.131426096 -8.8036363521 3.7467381357 1
-2.6341283321 -10.131426096 -5.4862582366 2.2760265068 1
0.607935667 -10.131426096 -0.5900646526 0.4723265636 1
3.8499996662 -10.131426096 2.3137108235 -1.3737857861 1
7.0920636654 -10.131426096 2.0521234151 -1.9022190517 1
10.3341276646 -10.131426096 0.8112881713 -0.292261454 1
13.5761916637 -10.131426096 -0.0027139774 1.2498810862 1
16.8182556629 -10.131426096 -0.4257917225 0.2560822363 1
20.0603196621 -10.131426096 -0.6039759301 -2.0684286674 1
23.3023836613 -10.131426096 -1.1923099716 -2.9655398679 1
26.5444476604 -10.131426096 -1.3048004817 -1.7806548453 1
29.7865116596 -10.131426096 -0.1327336828 0.0425969915 1
33.0285756588 -10.131426096 1.5513035351 1.2130641697 1
36.270639658 -10.131426096 0 -0 0
39.5127036572 -10.131426096 0 -0 0
42.7547676563 -10.131426096 0 -0 0
-35.0547683239 -13.3734900951 0 -0 0
-31.8127043247 -13.3734900951 0 -0 0
-28.5706403255 -13.3734900951 0 -0 0
-25.3285763264 -13.3734900951 -4.4904522735 3.8763259641 1
-22.0865123272 -13.3734900951 -1.6418318577 2.8343351469 1
-18.844448328 -13.3734900951 -0.4875282603 2.8970527657 1
-15.6023843288 -13.3734900951 -2.7143167261 4.1909651137 1
-12.3603203297 -13.3734900951 -5.499216325 6.5390947649 1
-9.1182563305 -13.3734900951 -7.2849704963 7.568574366 1
-5.8761923313 -13.3734900951 -6.7265890884 6.6832853528 1
-2.6341283321 -13.3734900951 -4.8618931171 4.4616223687 1
0.607935667 -13.3734900951 -2.0192485613 1.3472214936 1
3.8499996662 -13.3734900951 0.1557896034 -0.7119960944 1
7.0920636654 -13.3734900951 0.8179571362 -0.7329993935 1
10.3341276646 -13.3734900951 0.3786556796 0.5789854281 1
13.5761916637 -13.3734900951 -0.9378273796 1.1058943082 1
16.8182556629 -13.3734900951 -2.2277482976 -0.2566147276 1
20.0603196621 -13.3734900951 -2.4322477721 -1.8881575209 1
23.3023836613 -13.3734900951 -2.4339611348 -2.030014409 1
26.5444476604 -13.3734900951 -1.6628307787 -0.6530594529 1
29.7865116596 -13.3734900951 0.0050350292 0.9576046484 1
33.0285756588 -13.3734900951 1.8755860677 2.0170359396 1
36.270639658 -13.3734900951 0 -0 0
39.5127036572 -13.3734900951 0 -0 0
42.7547676563 -13.3734900951 0 -0 0
-35.0547683239 -16.6155540943 0 -0 0
-31.8127043247 -16.6155540943 0 -0 0
-28.5706403255 -16.6155540943 0 -0 0
-25.3285763264 -16.6155540943 -5.4073496501 7.5881473719 1
-22.0865123272 -16.6155540943 -2.8517589387 6.2608497393 1
-18.844448328 -16.6155540943 -0.8078656731 3.5800861769 1
-15.6023843288 -16.6155540943 -1.2697463707 2.1059756011 1
-12.3603203297 -16.6155540943 -3.2611187069 3.8343048727 1
-9.1182563305 -16.6155540943 -4.9088273881 6.6568673505 1
-5.8761923313 -16.6155540943 -5.1312701434 7.6606373024 1
-2.6341283321 -16.6155540943 -4.7789234277 5.7220262403 1
0.607935667 -16.6155540943 -4.2977443393 2.2713307245 1
3.8499996662 -16.6155540943 -3.014460305 0.1987773769 1
7.0920636654 -16.6155540943 -1.6852018694 0.2417758882 1
10.3341276646 -16.6155540943 -1.3554536057 1.1748688183 1
13.5761916637 -16.6155540943 -2.5764427382 1.1926470885 1
16.8182556629 -16.6155540943 -3.7523056208 0.2212084971 1
20.0603196621 -16.6155540943 -3.5063622146 -0.5100044641 1
23.3023836613 -16.6155540943 -2.9735766243 -0.2965321036 1
26.5444476604 -16.6155540943 -1.6428968027 0.5947110675 1
29.7865116596 -16.6155540943 0.0829108675 1.5791784014 1
33.0285756588 -16.6155540943 0 -0 0
36.270639658 -16.6155540943 0 -0 0
39.5127036572 -16.6155540943 0 -0 0
42.7547676563 -16.6155540943 0 -0 0
-35.0547683239 -19.8576180935 0 -0 0
-31.8127043247 -19.8576180935 0 -0 0
-28.5706403255 -19.8576180935 0 -0 0
-25.3285763264 -19.8576180935 0 -0 0
-22.0865123272 -19.8576180935 -2.3631952859 8.5771475909 1
-18.844448328 -19.8576180935 -0.9819488462 4.9929027844 1
-15.6023843288 -19.8576180935 -1.8593902688 2.3926287702 1
-12.3603203297 -19.8576180935 -3.9842048579 2.5098794513 1
-9.1182563305 -19.8576180935 -5.0549676073 4.2946440119 1
-5.8761923313 -19.8576180935 -4.7046390635 5.6015633627 1
-2.6341283321 -19.8576180935 -4.4324277195 5.0855128374 1
0.607935667 -19.8576180935 -4.8071778335 3.0859447729 1
3.8499996662 -19.8576180935 -4.1460988347 1.6094272766 1
7.0920636654 -19.8576180935 -3.2598260987 1.4068837741 1
10.3341276646 -19.8576180935 -3.2942425109 1.776764188 1
13.5761916637 -19.8576180935 -4.2616144135 1.6032134874 1
16.8182556629 -19.8576180935 -4.5659299075 0.7486218824 1
20.0603196621 -19.8576180935 -3.6803295935 0.2647673916 1
23.3023836613 -19.8576180935 -3.0065802559 0.2504932568 1
26.5444476604 -19.8576180935 -1.8566090928 0.9351069691 1
29.7865116596 -19.8576180935 -0.5048665274 1.7811808261 1
33.0285756588 -19.8576180935 0 -0 0
36.270639658 -19.8576180935 0 -0 0
39.5127036572 -19.8576180935 0 -0 0
42.7547676563 -19.8576180935 0 -0 0
-35.0547683239 -23.0996820927 0 -0 0
-31.8127043247 -23.0996820927 0 -0 0
-28.5706403255 -23.0996820927 0 -0 0
-25.3285763264 -23.0996820927 0 -0 0
-22.0865123272 -23.0996820927 -1.7268405528 7.0628550447 1
-18.844448328 -23.0996820927 -1.4837233118 3.9972650023 1
-15.6023843288 -23.0996820927 -3.1365011249 2.3591936654 1
-12.3603203297 -23.0996820927 -5.5250890223 2.0118452765 1
-9.1182563305 -23.0996820927 -6.2466398046 2.3741699256 1
-5.8761923313 -23.0996820927 -5.0762221211 3.20741885 1
-2.6341283321 -23.0996820927 -4.0693451992 4.1768563292 1
0.607935667 -23.0996820927 -3.8024304995 3.8879509842 1
3.8499996662 -23.0996820927 -3.4743121119 3.4186046511 1
7.0920636654 -23.0996820927 -3.6215625672 2.9962997779 1
10.3341276646 -23.0996820927 -4.5787699371 2.9390101476 1
13.5761916637 -23.0996820927 -5.6189255585 2.4386483117 1
16.8182556629 -23.0996820927 -5.3536168816 1.2742703486 1
20.0603196621 -23.0996820927 -4.1284751582 0.6601792908 1
23.3023836613 -23.0996820927 -3.2894114592 0.4050503947 1
26.5444476604 -23.0996820927 -2.315628751 0.791819033 1
29.7865116596 -23.0996820927 0 -0 0
33.0285756588 -23.0996820927 0 -0 0
36.270639658 -23.0996820927 0 -0 0
39.5127036572 -23.0996820927 0 -0 0
42.7547676563 -23.0996820927 0 -0 0
-35.0547683239 -26.3417460918 0 -0 0
-31.8127043247 -26.3417460918 0 -0 0
-28.5706403255 -26.3417460918 0 -0 0
-25.3285763264 -26.3417460918 0 -0 0
-22.0865123272 -26.3417460918 0 -0 0
-18.844448328 -26.3417460918 -3.0788506755 3.3769833292 1
-15.6023843288 -26.3417460918 -5.5667948876 3.4879522844 1
-12.3603203297 -26.3417460918 -7.6931901364 3.5481046147 1
-9.1182563305 -26.3417460918 -7.6379120353 3.0161566081 1
-5.8761923313 -26.3417460918 -5.6057422224 2.9099033632 1
-2.6341283321 -26.3417460918 -3.6583558568 3.7887383932 1
0.607935667 -26.3417460918 -2.3774120142 4.235966964 1
3.8499996662 -26.3417460918 -2.256004515 4.0488766371 1
7.0920636654 -26.3417460918 -3.2707164969 3.5844407661 1
10.3341276646 -26.3417460918 -5.1595438734 3.3466111111 1
13.5761916637 -26.3417460918 -6.4445347786 2.6703541558 1
16.8182556629 -26.3417460918 -6.2658269303 1.2409039353 1
20.0603196621 -26.3417460918 -4.7387082438 0.5317678235 1
23.3023836613 -26.3417460918 -3.444785026 0.1838462002 1
26.5444476604 -26.3417460918 0 -0 0
29.7865116596 -26.3417460918 0 -0 0
33.0285756588 -26.3417460918 0 -0 0
36.270639658 -26.3417460918 0 -0 0
39.5127036572 -26.3417460918 0 -0 0
42.7547676563 -26.3417460918 0 -0 0
-35.0547683239 -29.583810091 0 -0 0
-31.8127043247 -29.583810091 0 -0 0
-28.5706403255 -29.583810091 0 -0 0
-25.3285763264 -29.583810091 0 -0 0
-22.0865123272 -29.583810091 0 -0 0
-18.844448328 -29.583810091 0 -0 0
-15.6023843288 -29.583810091 -9.1964437295 6.4327150068 1
-12.3603203297 -29.583810091 -10.0953110173 6.8943044826 1
-9.1182563305 -29.583810091 -9.0300943152 5.4976637458 1
-5.8761923313 -29.583810091 -5.9513466016 3.3721299339 1
-2.6341283321 -29.583810091 -3.4740521409 2.890937862 1
0.607935667 -29.583810091 -2.041334016 3.1082041455 1
3.8499996662 -29.583810091 -2.3211871779 3.0423708003 1
7.0920636654 -29.583810091 -3.670581437 2.6063608374 1
10.3341276646 -29.583810091 -5.5244428691 2.2384366975 1
13.5761916637 -29.583810091 -6.5930394957 1.7530576135 1
16.8182556629 -29.583810091 -6.7306344903 0.9400832543 1
20.0603196621 -29.583810091 -5.6599653426 0.5159899862 1
23.3023836613 -29.583810091 0 -0 0
26.5444476604 -29.583810091 0 -0 0
29.7865116596 -29.583810091 0 -0 0
33.0285756588 -29.583810091 0 -0 0
36.270639658 -29.583810091 0 -0 0
39.5127036572 -29.583810091 0 -0 0
42.7547676563 -29.583810091 0 -0 0
-35.0547683239 -32.8258740902 0 -0 0
-31.8127043247 -32.8258740902 0 -0 0
-28.5706403255 -32.8258740902 0 -0 0
-25.3285763264 -32.8258740902 0 -0 0
-22.0865123272 -32.8258740902 0 -0 0
-18.844448328 -32.8258740902 0 -0 0
-15.6023843288 -32.8258740902 0 -0 0
-12.3603203297 -32.8258740902 0 -0 0
-9.1182563305 -32.8258740902 -10.3268971418 7.8352309063 1
-5.8761923313 -32.8258740902 -6.4155623578 3.9610722728 1
-2.6341283321 -32.8258740902 -3.6859426716 1.5420889079 1
0.607935667 -32.8258740902 -2.7438205626 1.2666223409 1
3.8499996662 -32.8258740902 -3.7388731836 1.4598772407 1
7.0920636654 -32.8258740902 -4.8518837819 1.3939087771 1
10.3341276646 -32.8258740902 -5.9955102644 0.8690611331 1
13.5761916637 -32.8258740902 -6.3187160763 0.3931531373 1
16.8182556629 -32.8258740902 0 -0 0
20.0603196621 -32.8258740902 0 -0 0
23.3023836613 -32.8258740902 0 -0 0
26.5444476604 -32.8258740902 0 -0 0
29.7865116596 -32.8258740902 0 -0 0
33.0285756588 -32.8258740902 0 -0 0
36.270639658 -32.8258740902 0 -0 0
39.5127036572 -32.8258740902 0 -0 0
42.7547676563 -32.8258740902 0 -0 0
-35.0547683239 -36.0679380894 0 -0 0
-31.8127043247 -36.0679380894 0 -0 0
-28.5706403255 -36.0679380894 0 -0 0
-25.3285763264 -36.0679380894 0 -0 0
-22.0865123272 -36.0679380894 0 -0 0
-18.844448328 -36.0679380894 0 -0 0
-15.6023843288 -36.0679380894 0 -0 0
-12.3603203297 -36.0679380894 0 -0 0
-9.1182563305 -36.0679380894 0 -0 0
-5.8761923313 -36.0679380894 0 -0 0
-2.6341283321 -36.0679380894 0 -0 0
0.607935667 -36.0679380894 0 -0 0
3.8499996662 -36.0679380894 0 -0 0
7.0920636654 -36.0679380894 0 -0 0
10.3341276646 -36.0679380894 0 -0 0
13.5761916637 -36.0679380894 0 -0 0
16.8182556629 -36.0679380894 0 -0 0
20.0603196621 -36.0679380894 0 -0 0
23.3023836613 -36.0679380894 0 -0 0
26.5444476604 -36.0679380894 0 -0 0
29.7865116596 -36.0679380894 0 -0 0
33.0285756588 -36.0679380894 0 -0 0
36.270639658 -36.0679380894 0 -0 0
39.5127036572 -36.0679380894 0 -0 0
42.7547676563 -36.0679380894 0 -0 0
-35.0547683239 -39.3100020885 0 -0 0
-31.8127043247 -39.3100020885 0 -0 0
-28.5706403255 -39.3100020885 0 -0 0
-25.3285763264 -39.3100020885 0 -0 0
-22.0865123272 -39.3100020885 0 -0 0
-18.844448328 -39.3100020885 0 -0 0
-15.6023843288 -39.3100020885 0 -0 0
-12.3603203297 -39.3100020885 0 -0 0
-9.1182563305 -39.3100020885 0 -0 0
-5.8761923313 -39.3100020885 0 -0 0
-2.6341283321 -39.3100020885 0 -0 0
0.607935667 -39.3100020885 0 -0 0
3.8499996662 -39.3100020885 0 -0 0
7.0920636654 -39.3100020885 0 -0 0
10.3341276646 -39.3100020885 0 -0 0
13.5761916637 -39.3100020885 0 -0 0
16.8182556629 -39.3100020885 0 -0 0
20.0603196621 -39.3100020885 0 -0 0
23.3023836613 -39.3100020885 0 -0 0
26.5444476604 -39.3100020885 0 -0 0
29.7865116596 -39.3100020885 0 -0 0
33.0285756588 -39.3100020885 0 -0 0
36.270639658 -39.3100020885 0 -0 0
39.5127036572 -39.3100020885 0 -0 0
42.7547676563 -39.3100020885 0 -0 0
-35.0547683239 -42.5520660877 0 -0 0
-31.8127043247 -42.5520660877 0 -0 0
-28.5706403255 -42.5520660877 0 -0 0
-25.3285763264 -42.5520660877 0 -0 0
-22.0865123272 -42.5520660877 0 -0 0
-18.844448328 -42.5520660877 0 -0 0
-15.6023843288 -42.5520660877 0 -0 0
-12.3603203297 -42.5520660877 0 -0 0
-9.1182563305 -42.5520660877 0 -0 0
-5.8761923313 -42.5520660877 0 -0 0
-2.6341283321 -42.5520660877 0 -0 0
0.607935667 -42.5520660877 0 -0 0
3.8499996662 -42.5520660877 0 -0 0
7.0920636654 -42.5520660877 0 -0 0
10.3341276646 -42.5520660877 0 -0 0
13.5761916637 -42.5520660877 0 -0 0
16.8182556629 -42.5520660877 0 -0 0
20.0603196621 -42.5520660877 0 -0 0
23.3023836613 -42.5520660877 0 -0 0
26.5444476604 -42.5520660877 0 -0 0
29.7865116596 -42.5520660877 0 -0 0
33.0285756588 -42.5520660877 0 -0 0
36.270639658 -42.5520660877 0 -0 0
39.5127036572 -42.5520660877 0 -0 0
42.7547676563 -42.5520660877 0 -0 0
