,0,1,2,3,4,5,6,7,8,9,10,11,12,13,14,15,16,17,18,19,20,21,22,23,24
0,1.0,1.0,1.0,1.0,1.0,1.0,1.0,1.0,1.0,1.0,1.0,1.0,1.0,1.0,1.0,1.0,1.0,1.0,1.0,1.0,1.0,1.0,1.0,1.0,1.0
1,1.0,1.0,1.0,1.0,1.0,1.0,1.0,1.0,1.0,1.0,1.0,1.0,1.0,1.0,1.0,1.0,1.0,1.0,1.0,1.0,1.0,1.0,1.0,1.0,1.0
2,1.0,1.0,1.0,1.0,1.0,1.0,1.0,1.0,1.0,1.0,1.0,1.0,1.0,1.0,1.0,1.0,1.0,1.0,1.0,1.0,1.0,1.0,1.0,1.0,1.0
3,1.0,1.0,1.0,1.0,1.0,1.0,1.0,1.0,1.0007917714051002,0.9197477527599871,0.9570949908560409,0.892233566482751,0.9565838939490453,1.0219617468010254,1.0143824384273366,0.9495570489928926,1.0,1.0,1.0,1.0,1.0,1.0,1.0,1.0,1.0
4,1.0,1.0,1.0,1.0,1.0,1.0,0.9799759442518298,0.9526634297810732,0.9363434706605608,0.8816662174942165,0.9324429976036224,1.118969858739934,1.1275552774441573,1.0417660836879994,0.9896950640876467,1.125973227071464,0.9848518666439646,0.989182026403074,1.0,1.0,1.0,1.0,1.0,1.0,1.0
5,1.0,1.0,1.0,1.0,1.0,1.0127945724115175,1.0485555555969654,0.9429114555440494,0.9677896444283692,0.9588640214489382,1.124113178452846,0.8781340893769303,1.1103903412931322,0.90316130823986,0.9953705045524451,1.0682560117386493,1.0087560910956204,0.9662114932675265,1.0426730669491544,1.0,1.0,1.0,1.0,1.0,1.0
6,1.0,1.0,1.0,1.0,1.0406021134086791,1.035531257680106,1.038735598891746,0.9727748041364743,1.0670993989948092,1.1940146757943046,1.1005590431743462,1.0341703825214492,1.0457890609737024,0.9898136824548501,1.0151187391378584,1.0550418354621165,1.0152895875541563,0.9586284400092819,1.008308845822122,1.0709288735710278,1.0,1.0,1.0,1.0,1.0
7,1.0,1.0,1.0,1.0,1.0462207441911338,1.0071891245213231,1.133927794910761,1.1186866569449583,0.4949296971348073,0.6291977435717425,1.0275259133324697,1.117964764082157,0.91126179036176,0.9692279808076224,1.0609287938367067,1.030510326974443,1.0234040437536533,0.9609680362424801,0.9463555383548423,0.9787463402818821,0.9371107701089664,1.0,1.0,1.0,1.0
8,1.0,1.0,1.0,1.0595454534642794,1.0955798831093,1.082804734541912,1.740212679481374,0.9325866072968698,0.8384713700811774,0.9007359104728414,0.85305348891435,0.9152590153396446,0.9367487089063588,1.0085225120572123,1.0382881013492624,1.1008004746551792,1.0447545753736651,1.0345517998696239,0.9265157748644487,1.1852794925613184,1.022462482980061,1.0,1.0,1.0,1.0
9,1.0,1.0,1.0,1.0088041547027369,1.0713637419281314,1.155850094511668,1.232544682584391,0.9095266154795354,0.9509095324837227,0.8180294200916549,0.8964041393178255,0.980381788603246,0.9968444238955116,0.9791743547163461,1.0835029662668063,1.0004022274018225,0.9143423713796754,0.8663565915775666,1.0523922402976136,1.1091676057049522,1.4562494645787452,0.9610124717925923,1.0,1.0,1.0
10,1.0,1.0,1.0756859366233626,1.024588062899282,0.9975900629164545,0.9806892916650105,1.0279045421635473,0.960713998553275,0.936256078966903,0.8691477739568911,0.9391152606444952,1.2748928644004383,1.084581519309224,1.0294590897030576,1.1633845786582295,1.007111934735075,1.0707310006003463,1.1135253162621015,0.9864343933268009,0.8785154732543704,1.4725708233500225,1.0294826217753705,1.0,1.0,1.0
11,1.0,1.0,0.9952033340983152,0.9564197399849549,1.004698058882645,0.9562412092209074,0.9882967422720661,1.0797875732944866,1.0457876377189899,0.9928879621342729,0.9892233011790001,0.9691625915942184,0.9172163042063739,0.9658498837256781,1.045620594534882,1.009372184682687,1.023107892080658,1.0137926967295332,0.9861271755643953,0.9127567817465413,1.0767796397520588,1.021145151261339,1.0,1.0,1.0
12,1.0,1.0,0.949718012686197,0.9908697214820844,1.0129110000343844,1.0281628331399548,0.9900055819404618,1.0160803192017323,1.0162295223986777,0.9868072499382425,0.9924424572510631,1.046330198133903,1.3874608993646302,1.0506733029809703,1.0330728190182206,1.0406851679189684,1.0135637855293824,0.9839135877902992,0.9551807080854211,0.9471872258559403,0.9243709254752215,0.8129556680470827,1.0,1.0,1.0
13,1.0,1.0,0.9872373307228048,1.0148554773409093,0.9854045220639631,1.0452050711119898,1.0595208302615484,1.0313374216871154,1.0486895130513296,1.0152803010331937,1.0161635610106479,1.054202068757734,0.906112253990205,1.0263908097898349,1.0985049255951196,1.037634322428931,1.0393849012881997,0.9361232354418115,0.9241160112139182,0.9137984377966477,0.9127060759896919,1.0348240975585035,1.0,1.0,1.0
14,1.0,1.0,0.9701857732105813,0.9844392106077302,1.1057614793309953,1.1683441155210874,1.3840426698768282,1.3960512836640366,0.9673630187323747,0.9344079163979018,0.9784165193957923,1.0326267617616107,1.0190408869468965,1.0955350441701224,0.9159192195432934,0.988470559616653,0.9513486029355925,0.866618131976458,0.9217515619346419,0.9863096150431802,1.0966123561156882,1.0042849716023245,1.0,1.0,1.0
15,1.0,1.0,1.0,0.9910649197534307,1.0245288649168542,1.0196026019451772,1.077881736157921,1.0591512156325222,0.9802354340730695,0.9013757399160149,0.9980565710767495,1.0423177741639549,1.0925870824948498,1.0507485590772132,1.0058333531192591,0.48163366600817215,0.9623973023131216,0.8227847706519317,0.9589728657041225,0.6087691310816031,1.1928308390609874,1.0518400179882728,1.0,1.0,1.0
16,1.0,1.0,1.0,0.9604899756571765,1.0588641524248996,0.9545157741491569,0.9018447968201208,0.9579147110385995,1.251926116123491,1.1176960233968376,0.9112055182640063,0.9359557237118981,0.9664598213887523,0.9700059513045288,0.8249452906990389,0.4866315728631244,1.1149581899278973,1.049528819459306,1.0039536774822853,1.0239952248523705,0.9216479590319251,1.0,1.0,1.0,1.0
17,1.0,1.0,1.0,1.0,1.0257019608185274,1.0151083971735053,1.0140441469314425,0.966733408953098,1.023439930720022,0.9101180954747602,1.0491109732286243,1.089999114920353,0.642550465760063,0.6859260718693889,0.9261251815137665,1.1889192323156335,1.0314460965874916,0.7883176119875754,0.9055790704626072,1.0117630758075065,0.4674495058498094,1.0,1.0,1.0,1.0
18,1.0,1.0,1.0,1.0,0.994227758011914,0.9533754141391264,0.9998815366467102,0.9887157979900316,1.086523819404709,0.962289564199205,0.8705698652016891,1.1623387952115825,1.2779349544320373,0.9133918204814087,1.0040641371702448,0.9494181960055689,1.0313765831609591,0.7208281174317426,1.0749983228861917,1.0354859086240442,1.0,1.0,1.0,1.0,1.0
19,1.0,1.0,1.0,1.0,1.0,1.043476103493278,1.0147052286891252,1.0116938159821676,1.077797092682439,1.0507726934156307,1.0882533782238808,1.0245999603339166,1.084872282178478,0.4969909448079166,1.0398487842319655,1.0176124581687362,1.0283813836537656,1.0147387008894837,0.845439489519167,1.0,1.0,1.0,1.0,1.0,1.0
20,1.0,1.0,1.0,1.0,1.0,1.0,0.9538711437800037,0.9900821487811486,1.0396851250619874,1.057750364246563,0.8874322361660236,0.8547507473950129,1.1007394450855477,1.0841841053597496,0.9573645825904762,0.9587891529863537,1.0001129871052503,1.0757154703199947,1.0,1.0,1.0,1.0,1.0,1.0,1.0
21,1.0,1.0,1.0,1.0,1.0,1.0,1.0,1.0,0.97307311850955,0.9266277200759441,0.8950546958822206,1.040648608939365,1.085326446958879,1.136468587257897,0.9760448847699359,0.9914021087164919,2.0,1.0,1.0,1.0,1.0,1.0,1.0,1.0,1.0
22,1.0,1.0,1.0,1.0,1.0,1.0,1.0,1.0,1.0,1.0,1.0,1.0,1.0,1.0,1.0,1.0,1.0,1.0,1.0,1.0,1.0,1.0,1.0,1.0,1.0
23,1.0,1.0,1.0,1.0,1.0,1.0,1.0,1.0,1.0,1.0,1.0,1.0,1.0,1.0,1.0,1.0,1.0,1.0,1.0,1.0,1.0,1.0,1.0,1.0,1.0
24,1.0,1.0,1.0,1.0,1.0,1.0,1.0,1.0,1.0,1.0,1.0,1.0,1.0,1.0,1.0,1.0,1.0,1.0,1.0,1.0,1.0,1.0,1.0,1.0,1.0
