,0,1,2,3,4,5,6,7,8,9,10,11,12,13,14,15,16,17,18,19,20,21,22,23,24
0,-0.0,-0.0,-0.0,-0.0,-0.0,-0.0,-0.0,-0.0,-0.0,-0.0,-0.0,-0.0,-0.0,-0.0,-0.0,-0.0,-0.0,-0.0,-0.0,-0.0,-0.0,-0.0,-0.0,-0.0,-0.0
1,-0.0,-0.0,-0.0,-0.0,-0.0,-0.0,-0.0,-0.0,-0.0,-0.0,-0.0,-0.0,-0.0,-0.0,-0.0,-0.0,-0.0,-0.0,-0.0,-0.0,-0.0,-0.0,-0.0,-0.0,-0.0
2,-0.0,-0.0,-0.0,-0.0,-0.0,-0.0,-0.0,-0.0,-0.0,-0.0,-0.0,-0.0,-0.0,-0.0,-0.0,-0.0,-0.0,-0.0,-0.0,-0.0,-0.0,-0.0,-0.0,-0.0,-0.0
3,-0.0,-0.0,-0.0,-0.0,-0.0,-0.0,-0.0,-0.0,-1.8471737469,-3.1808091154,-4.836004115,-7.0561181432,-8.8547506905,-7.9281181409,-5.7472630504,-3.7132655903,-3.4393977994,-0.0,-0.0,-0.0,-0.0,-0.0,-0.0,-0.0,-0.0
4,-0.0,-0.0,-0.0,-0.0,-0.0,-0.0,2.5845906088,0.3963126451,-2.4455331642,-4.5353976609,-4.6134354504,-4.3779247002,-5.0869494714,-5.1346476524,-4.7571088138,-3.5183347684,-3.5815427389,-3.567023617,-0.0,-0.0,-0.0,-0.0,-0.0,-0.0,-0.0
5,-0.0,-0.0,-0.0,-0.0,-0.0,2.8501299685,2.5067881821,0.8414854901,-2.7603898621,-5.8284772563,-5.7440667058,-3.8335856499,-2.388742491,-2.2501557721,-2.4666425955,-2.4456909283,-3.199161073,-3.6446697893,-3.9370193722,-0.0,-0.0,-0.0,-0.0,-0.0,-0.0
6,-0.0,-0.0,-0.0,-0.0,3.1456046379,2.4652491391,1.9335114341,0.5273640557,-2.4062395034,-5.1268835485,-5.2500946906,-3.7302419059,-1.3840039134,-0.1655805411,-0.5302304546,-2.2254185229,-4.1108170604,-4.5397434938,-4.4649847807,-4.3882160481,-0.0,-0.0,-0.0,-0.0,-0.0
7,-0.0,-0.0,-0.0,-0.0,3.5296711331,1.8735440425,0.4263907729,-0.9754859559,-2.8843890695,-4.0681815196,-4.0588778199,-3.9396368964,-2.5145086556,-1.0586294121,-0.7402652953,-3.0083689527,-5.4687184996,-5.9123527679,-5.103905255,-4.4097226824,-4.0571126744,-0.0,-0.0,-0.0,-0.0
8,-0.0,-0.0,-0.0,6.1679419727,3.7067415569,0.996776929,-1.1454659809,-2.9168066341,-4.3131931368,-4.4289493623,-3.9103691776,-4.4989458662,-4.6432505878,-4.0061529296,-3.8089557406,-5.4792350952,-7.0522768532,-7.0427095592,-5.512914772,-4.1603622129,-3.0345604994,-0.0,-0.0,-0.0,-0.0
9,-0.0,-0.0,-0.0,7.0244868323,4.4341046983,1.3121867068,-1.4301523836,-4.1325051611,-7.0152238945,-7.7161533328,-6.5629299661,-6.2207351016,-6.8701721716,-7.3823753681,-7.1887915039,-7.332960956,-7.5505986265,-7.1799947627,-5.5317902948,-3.571832627,-1.8911034057,-0.9412058699,-0.0,-0.0,-0.0
10,-0.0,-0.0,6.3492368492,6.4960084265,4.9130938106,2.9606725834,0.174673656,-4.1812882152,-9.9650060796,-12.6656515333,-11.3565102007,-9.343958081,-8.3734728675,-8.411153259,-8.0983716488,-7.4525089532,-6.7131629919,-5.8145294062,-4.2667353283,-2.1540542274,-0.0639030051,0.9357088125,-0.0,-0.0,-0.0
11,-0.0,-0.0,3.617217942,3.8545050095,3.9065173197,4.1653457447,2.3027926467,-3.8364347626,-11.8802819544,-16.4415846202,-15.2769038106,-12.5074043966,-9.85274512,-8.2117763599,-6.9511810579,-5.7112801697,-4.3716745271,-2.7662816316,-1.5901181669,-0.3838173941,0.8643030756,1.7773324405,-0.0,-0.0,-0.0
12,-0.0,-0.0,1.4883331919,1.1953868232,1.9450759151,3.4138853174,1.9141399737,-4.7530655255,-13.1691328699,-17.7646321351,-16.7011111321,-13.7904351026,-10.0978424884,-6.9785483618,-4.5897717515,-2.7526281737,-1.3027779317,-0.0636925854,0.0676476079,-0.0843158072,0.11344168,0.8206496171,-0.0,-0.0,-0.0
13,-0.0,-0.0,0.7331335307,0.1166473564,0.7702349508,2.6969551341,1.3610790634,-5.0694242275,-12.1707779231,-15.1609911798,-13.2729086911,-10.4179455574,-7.0126302237,-3.8406045641,-1.5085206472,-0.0727857003,0.437618137,0.0120819236,-1.4359645917,-2.6725507746,-2.7290825336,-1.5033266628,-0.0,-0.0,-0.0
14,-0.0,-0.0,0.4789940943,-0.0634982677,0.8107449799,3.406378769,2.8012306672,-2.0627517288,-8.0358747487,-10.1813810341,-8.326852011,-5.496893193,-2.6397618229,-0.4325122438,1.2348768964,1.7171897723,1.1966729397,-0.5376273608,-2.9532348774,-4.2500802776,-3.9807736035,-2.3124419175,-0.0,-0.0,-0.0
15,-0.0,-0.0,-0.0,-0.3526105742,0.5297838465,3.7208008231,5.2141583088,3.0402753316,-1.7479089202,-4.6719340513,-4.3603442012,-2.353235318,-0.2056610971,1.3548329665,2.7951713206,3.4860289219,3.41431045,1.6580362619,-1.1849582433,-2.6334277103,-2.2726105003,-0.8218739113,-0.0,-0.0,-0.0
16,-0.0,-0.0,-0.0,-0.2996289399,0.632472681,3.6621627255,6.4150224878,6.4235335931,2.5952131856,-1.8533911594,-3.9485882313,-2.8571914563,-0.6215330665,1.3792866933,3.2130681611,4.9522552214,6.4675070333,5.6835028303,2.8085352173,0.4650950076,0.1031619285,-0.0,-0.0,-0.0,-0.0
17,-0.0,-0.0,-0.0,-0.0,2.8055188294,4.928349064,6.1067693847,5.3548880521,1.6885857191,-2.2931735699,-4.5037639345,-3.382318018,-0.627405474,1.741613456,3.7845685917,6.0698257286,8.4539515458,8.0686015006,5.2187037245,1.9435965565,0.7210212538,-0.0,-0.0,-0.0,-0.0
18,-0.0,-0.0,-0.0,-0.0,5.6840765176,7.0934482834,6.1485911952,3.2565388699,-0.4716179842,-2.4816404445,-2.6430641487,-1.4387773205,0.286193653,1.9622723455,3.9207785842,5.8159098793,7.2400223915,6.2686694003,3.4325050965,0.4687322612,-0.0,-0.0,-0.0,-0.0,-0.0
19,-0.0,-0.0,-0.0,-0.0,-0.0,7.9906899223,5.9377435678,2.2652156699,-0.7838177546,-1.2106636654,-0.047728644,0.3418473684,0.1316579718,0.880309935,2.8914230808,4.4377956218,4.3935688533,3.1367616997,1.0708192123,-0.0,-0.0,-0.0,-0.0,-0.0,-0.0
20,-0.0,-0.0,-0.0,-0.0,-0.0,-0.0,3.8956969717,1.5465097731,0.1307647556,0.6988578229,1.7037358972,0.8805504308,-0.893789626,-1.030519183,0.4643907309,1.6220781403,1.179190345,0.3692274293,-0.0,-0.0,-0.0,-0.0,-0.0,-0.0,-0.0
21,-0.0,-0.0,-0.0,-0.0,-0.0,-0.0,-0.0,-0.0,0.7504003133,1.0203766165,0.6289390687,-0.8956276147,-2.5282546583,-2.5518104134,-1.5873526918,-0.7648050752,-0.0,-0.0,-0.0,-0.0,-0.0,-0.0,-0.0,-0.0,-0.0
22,-0.0,-0.0,-0.0,-0.0,-0.0,-0.0,-0.0,-0.0,-0.0,-0.0,-0.0,-0.0,-0.0,-0.0,-0.0,-0.0,-0.0,-0.0,-0.0,-0.0,-0.0,-0.0,-0.0,-0.0,-0.0
23,-0.0,-0.0,-0.0,-0.0,-0.0,-0.0,-0.0,-0.0,-0.0,-0.0,-0.0,-0.0,-0.0,-0.0,-0.0,-0.0,-0.0,-0.0,-0.0,-0.0,-0.0,-0.0,-0.0,-0.0,-0.0
24,-0.0,-0.0,-0.0,-0.0,-0.0,-0.0,-0.0,-0.0,-0.0,-0.0,-0.0,-0.0,-0.0,-0.0,-0.0,-0.0,-0.0,-0.0,-0.0,-0.0,-0.0,-0.0,-0.0,-0.0,-0.0
