,0,1,2,3,4,5,6,7,8,9,10,11,12,13,14,15,16,17,18,19,20,21,22,23,24
0,-0.0,-0.0,-0.0,-0.0,-0.0,-0.0,-0.0,-0.0,-0.0,-0.0,-0.0,-0.0,-0.0,-0.0,-0.0,-0.0,-0.0,-0.0,-0.0,-0.0,-0.0,-0.0,-0.0,-0.0,-0.0
1,-0.0,-0.0,-0.0,-0.0,-0.0,-0.0,-0.0,-0.0,-0.0,-0.0,-0.0,-0.0,-0.0,-0.0,-0.0,-0.0,-0.0,-0.0,-0.0,-0.0,-0.0,-0.0,-0.0,-0.0,-0.0
2,-0.0,-0.0,-0.0,-0.0,-0.0,-0.0,-0.0,-0.0,-0.0,-0.0,-0.0,-0.0,-0.0,-0.0,-0.0,-0.0,-0.0,-0.0,-0.0,-0.0,-0.0,-0.0,-0.0,-0.0,-0.0
3,-0.0,-0.0,-0.0,-0.0,-0.0,-0.0,-0.0,-0.0,4.2902245054,6.0355276771,5.8354828852,3.2958808413,0.0941840323,-0.7890572566,-0.3249306484,-0.5711843742,-1.2276692692,-0.0,-0.0,-0.0,-0.0,-0.0,-0.0,-0.0,-0.0
4,-0.0,-0.0,-0.0,-0.0,-0.0,-0.0,1.9237495394,2.1411897407,2.76214293,3.8372506065,3.7127211911,0.7791820586,-2.6753355739,-3.1751927159,-1.7656227261,-1.0045001955,-1.5312256843,-2.2982069218,-0.0,-0.0,-0.0,-0.0,-0.0,-0.0,-0.0
5,-0.0,-0.0,-0.0,-0.0,-0.0,-0.4421105999,0.722431166,1.4302059781,2.2711311417,3.1337528604,2.6883172137,-0.392940571,-3.9346361541,-4.3401911672,-2.6247620113,-1.3524325377,-1.6808108963,-2.3825690109,-2.3957437417,-0.0,-0.0,-0.0,-0.0,-0.0,-0.0
6,-0.0,-0.0,-0.0,-0.0,1.2446707969,-0.3579408471,0.2598934077,1.7416155696,3.1665224878,3.420653017,2.6291099578,0.0663056465,-2.4615281725,-3.0215072997,-2.0252928108,-1.0079377152,-1.3526020774,-1.7240133308,-1.4788407792,-0.7964085321,-0.0,-0.0,-0.0,-0.0,-0.0
7,-0.0,-0.0,-0.0,-0.0,2.4823699333,1.0024475269,1.5816348402,3.6600799384,4.6205446449,3.8936945007,2.3500125536,0.5122396181,-0.6592796584,-1.2525671509,-1.4856342947,-1.3988171256,-1.5359030481,-1.0960862165,-0.8126429793,-1.0223471572,-2.4589687719,-0.0,-0.0,-0.0,-0.0
8,-0.0,-0.0,-0.0,4.5327792309,2.8348140249,1.7638341801,2.766279518,4.8662839392,5.4359959749,3.9178778397,1.8256779824,0.2645118931,-0.3595010881,-0.6733455674,-1.0257138718,-1.2667124702,-1.2185501308,-0.6957014855,-0.8345738404,-2.0058419399,-3.8903191053,-0.0,-0.0,-0.0,-0.0
9,-0.0,-0.0,-0.0,3.2453036554,2.9022555064,2.0899108445,2.3745434263,4.0900112305,4.9793864076,3.7555028712,1.5148783112,-0.3200045608,-1.0416306019,-0.8800716283,-0.6013048869,-0.560382671,-0.5960830862,-0.6652121899,-1.5745514616,-3.4619723981,-5.4266647986,-6.5566471834,-0.0,-0.0,-0.0
10,-0.0,-0.0,1.1259155451,3.1439089388,3.4191735074,1.8809151706,0.8500439246,1.9582270946,3.4811121191,2.9650374386,0.9219836437,-0.7247114224,-1.2463533616,-0.5785495767,0.0918908962,0.2938073905,0.1453309143,-0.4062979005,-1.7401469299,-3.9826374836,-5.9248235239,-6.6348123919,-0.0,-0.0,-0.0
11,-0.0,-0.0,1.1613153028,2.9285944002,3.8276872377,2.3412671423,0.3938187279,0.4215597212,1.6577291881,1.8104977613,0.5079281687,-0.8087696081,-1.2742317002,-0.582571163,0.1146526699,0.2386561045,0.0874914216,-0.3843133695,-1.7453086066,-4.0629660974,-5.7114987748,-5.9968363881,-0.0,-0.0,-0.0
12,-0.0,-0.0,2.2281927543,3.3002955167,4.2888509771,3.1574678892,1.3268172449,0.7176409518,0.9469268919,1.2639061576,0.4284734846,-0.6750568164,-1.0941086557,-0.5780278231,-0.0706621842,-0.4739111486,-1.0078518886,-1.4207522138,-2.5222169005,-4.454218782,-5.6955822711,-5.6083340816,-0.0,-0.0,-0.0
13,-0.0,-0.0,5.4423029129,5.7529153808,6.1561729269,4.7740582567,2.90350071,1.3136188117,0.1606764763,0.5317270238,0.3911992411,-0.2627619767,-0.563178227,-0.1615396305,0.0978899868,-0.8963898641,-2.222672372,-3.0615618512,-4.0834111081,-5.5938747439,-6.4956261696,-6.1675536769,-0.0,-0.0,-0.0
14,-0.0,-0.0,9.3199513774,9.7737030757,10.2667855735,8.65215148,5.8867029029,2.721082312,0.2849783793,0.1978304908,0.3570104167,-0.0619083185,-0.1089026427,0.4501316176,0.5787664456,-0.7052648542,-2.8842323623,-4.5522743361,-5.7557856294,-6.705465315,-7.2713360607,-6.7999975226,-0.0,-0.0,-0.0
15,-0.0,-0.0,-0.0,11.4806851377,12.0256797013,11.2452172631,8.5192933315,4.4345274153,1.5741263291,1.0903898027,0.8819524926,0.036050381,-0.1051236846,0.6375184881,0.9768880176,-0.1875650532,-2.7374327045,-4.7739915278,-5.858723867,-6.1221085776,-6.3079965765,-6.1358263489,-0.0,-0.0,-0.0
16,-0.0,-0.0,-0.0,9.7721655935,10.8630883216,10.891380168,8.4470636739,4.7082161553,2.4744432343,1.6381516531,0.4184613941,-0.8419964493,-0.9420250351,0.1929908526,0.8266552183,0.0319794155,-2.1801591172,-4.0439897264,-4.7229113087,-4.314414789,-4.2581698736,-0.0,-0.0,-0.0,-0.0
17,-0.0,-0.0,-0.0,-0.0,7.8941908727,7.4712280707,5.4067198017,3.0996586189,2.1550935074,1.3909778384,-0.7411971598,-2.0829024983,-1.8276576568,-0.3259199194,0.2894852033,-0.376869285,-1.9915183246,-3.287369736,-3.4710677588,-2.7223362719,-2.6175661598,-0.0,-0.0,-0.0,-0.0
18,-0.0,-0.0,-0.0,-0.0,6.4948628634,4.8785077077,2.9233487839,1.4529656664,1.1863109377,0.4056215533,-1.5802949782,-2.3053757496,-1.6807573018,-0.3086784432,-0.400328872,-1.4216367492,-2.6112263103,-3.276584715,-2.9943030438,-2.1339099497,-0.0,-0.0,-0.0,-0.0,-0.0
19,-0.0,-0.0,-0.0,-0.0,-0.0,4.0344384353,2.7477213349,2.0216426493,1.9380805522,0.9810599327,-0.7375942521,-1.4666342213,-1.2793505014,-0.749362694,-1.1564635682,-2.1327504973,-3.1299245539,-3.6894273696,-3.394421916,-0.0,-0.0,-0.0,-0.0,-0.0,-0.0
20,-0.0,-0.0,-0.0,-0.0,-0.0,-0.0,3.1879101575,3.24436311,3.2239069275,2.3322450023,0.9490290033,-0.1237865751,-0.9328739664,-1.5615269463,-2.1430974022,-2.447597533,-3.0764360554,-3.7548751365,-0.0,-0.0,-0.0,-0.0,-0.0,-0.0,-0.0
21,-0.0,-0.0,-0.0,-0.0,-0.0,-0.0,-0.0,-0.0,3.6819800015,3.2039133181,2.098227802,0.6829110497,-0.8660379516,-2.0694379043,-2.4357037857,-2.248138959,-0.0,-0.0,-0.0,-0.0,-0.0,-0.0,-0.0,-0.0,-0.0
22,-0.0,-0.0,-0.0,-0.0,-0.0,-0.0,-0.0,-0.0,-0.0,-0.0,-0.0,-0.0,-0.0,-0.0,-0.0,-0.0,-0.0,-0.0,-0.0,-0.0,-0.0,-0.0,-0.0,-0.0,-0.0
23,-0.0,-0.0,-0.0,-0.0,-0.0,-0.0,-0.0,-0.0,-0.0,-0.0,-0.0,-0.0,-0.0,-0.0,-0.0,-0.0,-0.0,-0.0,-0.0,-0.0,-0.0,-0.0,-0.0,-0.0,-0.0
24,-0.0,-0.0,-0.0,-0.0,-0.0,-0.0,-0.0,-0.0,-0.0,-0.0,-0.0,-0.0,-0.0,-0.0,-0.0,-0.0,-0.0,-0.0,-0.0,-0.0,-0.0,-0.0,-0.0,-0.0,-0.0
