,0,1,2,3,4,5,6,7,8,9,10,11,12,13,14,15,16,17,18,19,20,21,22,23,24
0,0.0,0.0,0.0,0.0,0.0,0.0,0.0,0.0,0.0,0.0,0.0,0.0,0.0,0.0,0.0,0.0,0.0,0.0,0.0,0.0,0.0,0.0,0.0,0.0,0.0
1,0.0,0.0,0.0,0.0,0.0,0.0,0.0,0.0,0.0,0.0,0.0,0.0,0.0,0.0,0.0,0.0,0.0,0.0,0.0,0.0,0.0,0.0,0.0,0.0,0.0
2,0.0,0.0,0.0,0.0,0.0,0.0,0.0,0.0,0.0,0.0,0.0,0.0,0.0,0.0,0.0,0.0,0.0,0.0,0.0,0.0,0.0,0.0,0.0,0.0,0.0
3,0.0,0.0,0.0,0.0,0.0,0.0,0.0,0.0,6.4990302494,5.439642815,1.8461315985,-1.5314691995,-3.2808722734,-2.6307540251,-0.3589881285,1.9510812143,0.0,0.0,0.0,0.0,0.0,0.0,0.0,0.0,0.0
4,0.0,0.0,0.0,0.0,0.0,0.0,2.8674897488,4.9347067281,5.793496215,4.9922433458,2.3214556032,0.1463164488,-0.337331958,0.3280327119,1.5255043604,3.2151186406,4.507067468,5.2431554887,0.0,0.0,0.0,0.0,0.0,0.0,0.0
5,0.0,0.0,0.0,0.0,0.0,0.1487613007,0.8668803662,2.364187916,3.4766675515,3.7502983189,2.5374960073,1.4134369448,1.3912183342,2.2210427978,3.1165802833,4.2356342253,4.7082765434,4.6975546281,3.4518187353,0.0,0.0,0.0,0.0,0.0,0.0
6,0.0,0.0,0.0,0.0,-1.2771125167,-1.3879840961,-1.5115909315,-1.8100190342,-0.7838650083,0.9857964769,2.0798536517,2.1337595832,2.2792536493,3.0311778574,3.8701663732,4.2931258539,4.0894873634,3.483297868,2.5992927068,2.4043215759,0.0,0.0,0.0,0.0,0.0
7,0.0,0.0,0.0,0.0,-1.4041999739,-2.4627262733,-3.2977960513,-4.4632649263,-3.7221985068,-1.4088613349,0.606427953,1.5236105881,1.8044858194,2.5275161113,3.6512853107,3.875272191,3.1852219792,2.0742645778,1.5573829607,2.0162625184,2.1873896918,0.0,0.0,0.0,0.0
8,0.0,0.0,0.0,-0.0166830309,-0.8590361725,-2.2494815384,-3.2447489903,-4.8938444852,-4.751178396,-2.7488533107,-0.8374467309,0.2139769411,0.6084355192,1.4708619954,2.7363119005,3.3169958585,2.7341089409,1.6893070555,1.4196055939,1.953441183,1.9899086786,0.0,0.0,0.0,0.0
9,0.0,0.0,0.0,0.9165226681,-0.205635319,-1.4115646103,-2.4759847927,-4.0101744782,-4.3632189789,-3.1805989647,-1.7860440344,-0.8464475086,-0.1464839316,0.8355336345,1.9043619251,2.7890177685,2.7808843911,2.2530630084,2.066230086,2.1746517182,2.0275709536,1.7203181802,0.0,0.0,0.0
10,0.0,0.0,2.3801104585,1.11819794,0.3189610537,-0.5129481975,-1.5595235695,-3.0045554413,-3.5839833259,-3.1395908844,-2.350392546,-1.4396598933,-0.2884610203,0.9221060806,1.6464675538,2.4119164421,2.7527332491,2.70164216,2.5711545483,2.3208865959,2.0450421501,1.6366665577,0.0,0.0,0.0
11,0.0,0.0,0.8135093982,0.2513370679,0.1815659438,0.1697738939,-0.7681458229,-2.3699400379,-3.5312496793,-3.7648406903,-3.3535013986,-2.1911932392,-0.3371558888,1.2890963933,1.8677639911,2.0827672288,2.2511133771,2.420485671,2.2597855678,1.7603665418,1.5145605186,1.3589855574,0.0,0.0,0.0
12,0.0,0.0,-0.8085390764,-1.0383153682,-0.3743485328,0.1144293658,-0.5640177732,-2.2975666565,-4.1667047799,-4.9079985608,-4.5880926591,-3.0438889583,-0.7506917616,1.063219968,1.5957972191,1.4590204839,1.4786475372,1.7803370527,1.4289778341,0.692107183,0.5183546727,0.7970698578,0.0,0.0,0.0
13,0.0,0.0,-1.2235378897,-1.6534284953,-1.2069985578,-1.0206015623,-1.4199427107,-2.9368757286,-4.9467179303,-5.8103855717,-5.3197693257,-3.6063242224,-1.2728103142,0.1492129379,0.3398311969,-0.0293341458,0.1702913448,0.8818194122,0.7539468336,0.0343627328,-0.0776382228,0.3175117382,0.0,0.0,0.0
14,0.0,0.0,-0.3138079445,-1.2420204367,-1.6220373783,-1.7801030486,-1.9101419765,-3.2299529887,-4.9737307558,-5.6554199268,-5.0162271019,-3.454204067,-1.6580942345,-0.8502780042,-0.9542465391,-1.3556617938,-1.180754096,-0.6087704847,-0.4594909877,-0.5579134752,-0.159813341,0.3687767073,0.0,0.0,0.0
15,0.0,0.0,0.0,-0.6813946279,-0.7130568122,-0.5134398702,-0.9259559004,-2.5865342013,-4.065403061,-4.6022186542,-4.1902652151,-3.1797166938,-2.0819965251,-1.5663708304,-1.5191960637,-1.8315397088,-2.1930033739,-2.4013097171,-2.2483392966,-1.4460583193,-0.3238415104,0.6268407693,0.0,0.0,0.0
16,0.0,0.0,0.0,-0.1027655936,0.7463760473,1.5719233695,0.3980593345,-2.0447608923,-3.6264793701,-3.8621250877,-3.4141987319,-2.5861887811,-1.9309799631,-1.692656635,-1.9421428628,-2.5927867899,-3.4544447138,-4.0521378989,-3.8207027448,-2.5427715157,-0.9703314502,0.0,0.0,0.0,0.0
17,0.0,0.0,0.0,0.0,2.0778018135,2.3554941366,0.3500730265,-2.4423156838,-3.7599688766,-3.5346915017,-2.7217779835,-1.9170106752,-1.6171033648,-1.8097892573,-2.5354304308,-3.4665652186,-4.1661528322,-4.4688665307,-4.2139717895,-3.2963929327,-2.0321160674,0.0,0.0,0.0,0.0
18,0.0,0.0,0.0,0.0,2.0252849604,1.1115541117,-0.9804888118,-3.2368496169,-4.024057713,-3.5857439423,-2.8925203334,-2.3993880154,-2.4014342677,-2.6226448029,-3.2073050184,-3.7035144144,-3.7064686025,-3.6308101059,-3.5152987544,-3.4365299664,0.0,0.0,0.0,0.0,0.0
19,0.0,0.0,0.0,0.0,0.0,-0.3037657921,-1.7466828899,-3.0806586965,-3.6487580668,-3.5041465735,-3.5829633701,-3.8911437055,-4.1843498942,-3.8889386323,-3.6668283137,-3.3665216867,-2.8329930204,-2.5790596585,-2.7119383389,0.0,0.0,0.0,0.0,0.0,0.0
20,0.0,0.0,0.0,0.0,0.0,0.0,-1.8271079737,-2.3148725404,-2.6059680125,-3.0758511962,-4.1520700146,-5.4760139915,-6.0707037722,-5.308962867,-4.1956932036,-3.2333926975,-2.6226906979,-2.2002608213,0.0,0.0,0.0,0.0,0.0,0.0,0.0
21,0.0,0.0,0.0,0.0,0.0,0.0,0.0,0.0,-1.9379256566,-2.9416155942,-4.1832028214,-5.8647850253,-6.7601141716,-6.4535157037,-5.2531068513,-4.073080508,-3.5661093405,0.0,0.0,0.0,0.0,0.0,0.0,0.0,0.0
22,0.0,0.0,0.0,0.0,0.0,0.0,0.0,0.0,0.0,0.0,0.0,0.0,0.0,0.0,0.0,0.0,0.0,0.0,0.0,0.0,0.0,0.0,0.0,0.0,0.0
23,0.0,0.0,0.0,0.0,0.0,0.0,0.0,0.0,0.0,0.0,0.0,0.0,0.0,0.0,0.0,0.0,0.0,0.0,0.0,0.0,0.0,0.0,0.0,0.0,0.0
24,0.0,0.0,0.0,0.0,0.0,0.0,0.0,0.0,0.0,0.0,0.0,0.0,0.0,0.0,0.0,0.0,0.0,0.0,0.0,0.0,0.0,0.0,0.0,0.0,0.0
