,0,1,2,3,4,5,6,7,8,9,10,11,12,13,14,15,16,17,18,19,20,21,22,23,24
0,-0.0,-0.0,-0.0,-0.0,-0.0,-0.0,-0.0,-0.0,-0.0,-0.0,-0.0,-0.0,-0.0,-0.0,-0.0,-0.0,-0.0,-0.0,-0.0,-0.0,-0.0,-0.0,-0.0,-0.0,-0.0
1,-0.0,-0.0,-0.0,-0.0,-0.0,-0.0,-0.0,-0.0,-0.0,-0.0,-0.0,-0.0,-0.0,-0.0,-0.0,-0.0,-0.0,-0.0,-0.0,-0.0,-0.0,-0.0,-0.0,-0.0,-0.0
2,-0.0,-0.0,-0.0,-0.0,-0.0,-0.0,-0.0,-0.0,-0.0,-0.0,-0.0,-0.0,-0.0,-0.0,-0.0,-0.0,-0.0,-0.0,-0.0,-0.0,-0.0,-0.0,-0.0,-0.0,-0.0
3,-0.0,-0.0,-0.0,-0.0,-0.0,-0.0,-0.0,-0.0,4.102703913,4.3226870592,4.0044194879,4.0240921342,4.69410103,5.779603922,5.5499804122,4.7879242809,-0.0,-0.0,-0.0,-0.0,-0.0,-0.0,-0.0,-0.0,-0.0
4,-0.0,-0.0,-0.0,-0.0,-0.0,-0.0,5.3575433189,4.280313301,4.1866253196,4.4912977075,4.1145873943,2.3514553774,1.300407395,1.9840978292,2.7074200979,2.9435770012,2.910485203,2.3689465019,-0.0,-0.0,-0.0,-0.0,-0.0,-0.0,-0.0
5,-0.0,-0.0,-0.0,-0.0,-0.0,5.4094094897,4.7738843389,3.5977744687,3.1319149471,3.774949364,3.8128701003,2.0118002873,0.7269895652,1.0065721883,1.215260713,0.8340692974,0.7372807621,0.2219068483,-1.3924739547,-0.0,-0.0,-0.0,-0.0,-0.0,-0.0
6,-0.0,-0.0,-0.0,-0.0,6.5498414393,4.8603444631,3.2324029357,2.0091592118,2.9420201948,5.1145547046,5.8104562258,3.6192071276,1.8142831922,1.2981487274,0.4350394122,-0.6650425747,-0.9036685983,-0.3121546491,-0.8640282341,-2.4860247749,-0.0,-0.0,-0.0,-0.0,-0.0
7,-0.0,-0.0,-0.0,-0.0,8.253075813,5.5891705073,3.0957185943,1.880490038,3.5076976984,6.319288556,7.1328050498,4.8511639552,2.7471099049,1.5621302238,-0.1343633607,-1.7345687258,-1.8281537455,-0.4394389151,0.1769947121,-1.3510187002,-3.3802264745,-0.0,-0.0,-0.0,-0.0
8,-0.0,-0.0,-0.0,11.2096329442,9.7573137329,7.3380734164,4.4270854822,3.2512654751,4.8613906877,7.1756299075,7.190217268,4.300771899,1.6908895269,0.0673985399,-1.2905520496,-2.2021286266,-1.7197149026,-0.1106332349,0.1069809598,-2.0447350764,-5.0653178336,-0.0,-0.0,-0.0,-0.0
9,-0.0,-0.0,-0.0,11.6541331785,10.9970026587,9.4703172572,6.6419593289,4.423239965,4.4377011143,5.1749965961,4.4065332825,2.2279050048,0.5936417822,-0.4145085371,-1.2204632273,-1.670562575,-1.237900078,-0.4378886759,-1.0905959527,-3.676801718,-6.6927095269,-8.7375318641,-0.0,-0.0,-0.0
10,-0.0,-0.0,11.6771434777,12.1234251623,12.7032419465,11.1654384834,7.6038458743,4.2669889585,3.1483405229,3.2343332428,2.541644069,1.4751261534,0.8351901014,0.3244641499,-0.1707143449,-0.588222399,-0.5020300207,-0.562624279,-1.6863419976,-4.3266941146,-7.3694903494,-9.3896984783,-0.0,-0.0,-0.0
11,-0.0,-0.0,10.1042152494,12.2504516275,14.0107322672,12.0704406029,7.2567891602,3.1018078331,1.9661607382,2.8160650153,3.3802267765,3.3424328553,2.6334126132,1.5219379874,0.7341631486,0.2215069467,0.1341572296,-0.3851486131,-1.8151227384,-4.2890593162,-7.1252921606,-8.9387663026,-0.0,-0.0,-0.0
12,-0.0,-0.0,9.6989654984,11.7721823419,13.9034128695,12.2720246888,7.1651000264,2.8260429486,1.7470006825,3.0378727893,4.6706305732,5.2851940927,4.3007954504,2.3800552033,0.8854523631,0.2053476072,-0.0833410104,-0.9449666172,-2.6117202854,-4.7758508788,-6.8946215203,-8.1149753696,-0.0,-0.0,-0.0
13,-0.0,-0.0,13.0978229238,13.1481516124,12.6952368938,11.4203911971,7.5202191619,3.6513281863,2.3274975882,3.2357867855,4.7687848619,5.261672306,4.4129401628,2.6574821205,1.1526825154,0.3549448779,-0.440100203,-1.9072540644,-3.8969645189,-5.7805918721,-6.8203972423,-7.5143941213,-0.0,-0.0,-0.0
14,-0.0,-0.0,16.5438350368,13.3167142522,10.2731287444,9.2159032057,7.2602977115,4.8365482122,4.0036169294,4.3146853279,4.6434993869,4.2174392769,3.6729948492,3.0189350667,2.2229257002,1.2712557724,-0.4207717314,-2.4456844366,-4.2333132069,-5.7180671934,-6.5693329212,-7.432876163,-0.0,-0.0,-0.0
15,-0.0,-0.0,-0.0,11.2568782141,7.9540947058,7.6290917426,7.1503321053,6.0299876686,5.7994692065,5.9027637342,5.3210338535,4.0575918543,3.3405369694,3.3483653868,3.200281877,1.9816866815,-0.3957060839,-2.6658259506,-3.9006512152,-4.8325955061,-5.9372960916,-7.290489369,-0.0,-0.0,-0.0
16,-0.0,-0.0,-0.0,6.8118565468,6.316267337,7.4428963681,7.7479416529,6.9961188968,6.7428987189,6.6615244844,5.7736605207,4.3806925909,3.3368695973,2.9093837232,2.5748261475,1.5330666169,-0.5005098246,-2.470374432,-3.3753012174,-4.0808624264,-5.2154783937,-0.0,-0.0,-0.0,-0.0
17,-0.0,-0.0,-0.0,-0.0,6.3787581983,8.2042338805,8.5170752749,7.6906798011,6.8976360966,6.2475975606,5.0731091122,3.7448573469,2.5436903214,1.5238640673,0.822929949,0.2982283312,-0.6263082591,-1.8526267965,-3.0043600857,-3.8056636809,-4.959251792,-0.0,-0.0,-0.0,-0.0
18,-0.0,-0.0,-0.0,-0.0,6.6247939984,7.461679497,7.2114654411,6.5399148359,5.8202511831,5.010816324,3.6332256318,2.3303941056,1.3756774448,0.4040004713,-0.433695323,-0.7284646212,-0.7745399463,-0.9958859019,-1.8423097837,-2.9929585018,-0.0,-0.0,-0.0,-0.0,-0.0
19,-0.0,-0.0,-0.0,-0.0,-0.0,5.175547336,4.3563489215,4.2985215348,4.4242342558,3.6532820448,2.0143767476,0.6557369124,-0.0263109808,-0.3202665322,-0.8650287902,-1.3366747039,-1.5354241701,-1.2276818753,-1.2327877685,-0.0,-0.0,-0.0,-0.0,-0.0,-0.0
20,-0.0,-0.0,-0.0,-0.0,-0.0,-0.0,1.9218654292,2.2284968086,2.4288444472,1.6243799855,0.2785004674,-0.8198358869,-1.4800151777,-1.6541779122,-1.9933585024,-2.6723575325,-3.1036016629,-2.6911841409,-0.0,-0.0,-0.0,-0.0,-0.0,-0.0,-0.0
21,-0.0,-0.0,-0.0,-0.0,-0.0,-0.0,-0.0,-0.0,1.4599599725,0.0165243434,-1.4680620991,-2.6552211883,-3.7599580067,-4.0480514331,-3.9802276946,-3.7871103288,-4.1538312349,-0.0,-0.0,-0.0,-0.0,-0.0,-0.0,-0.0,-0.0
22,-0.0,-0.0,-0.0,-0.0,-0.0,-0.0,-0.0,-0.0,-0.0,-0.0,-0.0,-0.0,-0.0,-0.0,-0.0,-0.0,-0.0,-0.0,-0.0,-0.0,-0.0,-0.0,-0.0,-0.0,-0.0
23,-0.0,-0.0,-0.0,-0.0,-0.0,-0.0,-0.0,-0.0,-0.0,-0.0,-0.0,-0.0,-0.0,-0.0,-0.0,-0.0,-0.0,-0.0,-0.0,-0.0,-0.0,-0.0,-0.0,-0.0,-0.0
24,-0.0,-0.0,-0.0,-0.0,-0.0,-0.0,-0.0,-0.0,-0.0,-0.0,-0.0,-0.0,-0.0,-0.0,-0.0,-0.0,-0.0,-0.0,-0.0,-0.0,-0.0,-0.0,-0.0,-0.0,-0.0
