,0,1,2,3,4,5,6,7,8,9,10,11,12,13,14,15,16,17,18,19,20,21,22,23,24
0,,,,,,,,,,,,,,,,,,,,,,,,,
1,,,,,,,,,,,,,,,,,,,,,,,,,
2,,,,,,,,,,,,,,,,,,,,,,,,,
3,,,,,,,,,0.9999936498339386,0.9701316034846053,0.9809023230046573,0.9260108581755713,0.995128093932751,0.9990138245607108,0.8707889406731604,0.9971385707574049,,,,,,,,,
4,,,,,,,0.9992163258249896,0.991940685133067,0.999649038151867,0.9776398783890828,0.982319851664249,0.9390419255510687,0.9923466671474763,0.9881450357401829,0.9049274584177567,0.9533646521697995,0.9997725199491349,0.9951584156272156,,,,,,,
5,,,,,,0.9945454912299637,0.9966956449801369,0.9855765069484651,0.9951315442522674,0.9132730131989593,0.9618837180212009,0.9939700525438508,0.9997422563204351,0.9292960086275424,0.9804421992622655,0.7325421493953558,0.9988434654338206,0.9617630891014004,0.992086758792881,,,,,,
6,,,,,0.9998858671852074,0.9999976864733251,0.9999562545368426,0.9989358341715597,0.9884751256330725,0.9925729347323645,0.9972216966114607,0.9980167121785768,0.9950373029878328,0.9999785016424172,0.9997307087485923,0.9799724274186299,0.9866990608624775,0.9721800996634398,0.9362214832547375,0.9480180092973012,,,,,
7,,,,,0.9999990886699872,0.999719705241439,0.9999906534399103,0.9972307798049581,0.9948365051481939,0.999650676671955,0.9998365789543558,0.9935302305617972,0.867839140557148,0.992996414412051,0.9992581633752751,0.9864094381829368,0.9994942143952391,0.8784986876622078,0.8888314681478169,0.9973576330791623,0.9999891421631507,,,,
8,,,,0.9999627718782201,0.998021907178093,0.9920224419771998,0.9868249718077916,0.9999586037130974,0.9952604718436118,0.997306541969131,0.997831969503238,0.9999239849851568,0.9831881138762766,0.9968992002642798,0.9967217617081637,0.9263363411724341,0.9989028612372198,0.9999123409836497,0.9995885073364563,0.9745682341417042,0.9992479743515883,,,,
9,,,,0.9999958217297121,0.9996438510477466,0.9994121695813516,0.9872064874862199,0.9966300548237507,0.9987623481338872,0.9971255223030178,0.9994508954990253,0.9998752262907807,0.992885175212454,0.9952713522169179,0.9845478232004128,-0.8814016419422421,0.9919154696017315,0.9997430004865085,0.9987927606340187,0.9832695941728176,0.9890689108149825,0.9861441801300147,,,
10,,,0.9982334236347794,0.9969509823154297,0.9382090627609156,0.9298877584263808,0.9998499049550482,0.99985264943752,0.969009954578286,0.9079047922851207,0.9710011607914656,0.999365670884629,0.9926872831253263,0.9956850508597336,-0.035386476975280606,0.9090142149151633,0.9998288331574918,0.995864838896498,0.9966897665459247,0.9997831217768329,0.997988438081082,0.9999970907014526,,,
11,,,0.9701553602645736,0.933672222357508,0.9652298875366541,0.9990654678183861,0.9888880419677475,0.9997611182246905,0.9982733743047782,0.9926366807884295,0.9992390918064217,0.9998548033095424,0.9996686778912424,0.9995306341732163,0.9789297171741302,0.9811532404880808,0.9862965013473749,0.9990793732424174,0.9994801938190634,0.9999886298401449,0.9979350008406874,0.9994795350322856,,,
12,,,0.9985443301638353,0.9661287556498237,0.9957173537660632,0.9990731969065919,0.9655649311134853,0.9974340241077065,0.9990798270095306,0.9998083658308669,0.9989168564650007,0.9951023411861961,0.9271996901245826,0.998596992236212,0.9832613903440296,0.9917624869364041,0.9987766991131991,0.9958766824726856,0.999396556182193,0.9991577787302464,0.9986614963346754,0.999180291035441,,,
13,,,0.999168348684348,0.9999327989139052,0.9903450549713962,0.9726114124887152,0.999082920614118,0.9976137854457355,0.9984005638272624,0.999820030040786,0.9999650596451264,0.9988834298260286,0.9907674269416922,0.9346163701170175,0.9770243325448708,0.9694008829036632,0.9880012614948367,0.9981899488939795,0.998296606311827,0.9996962359203961,0.9999334971383141,0.9988615073769223,,,
14,,,0.9953652060673798,0.842307088672379,0.9446279401005053,0.9911371813089571,0.9690241520799195,0.9971575600908861,0.9999937694745662,0.9961951773320944,0.999975808315673,0.998506648771498,0.9970109434853551,0.9752458049481535,0.9073636026253519,0.9995267276430669,0.9989686948201401,0.9998870877537962,0.9990614640423476,0.9999536141098903,0.998526878333158,0.9992255007599314,,,
15,,,,0.9992227188037367,0.9984438071710897,0.9999074705810865,0.993434560313271,0.9861008223308196,0.9886775964877113,0.9953521853114807,0.9997519477082164,0.9999304182378784,0.9434046245292205,0.9946385095109418,0.9486868176513699,0.8961288211714465,0.9881512905908024,0.9996753436651,0.9936992174117117,0.9883688322924835,0.9899575373991462,0.9897550564465363,,,
16,,,,0.9999241381353804,0.9946640500253692,0.995010752885294,0.9717004065632315,0.6737226830454044,0.4424166379255863,-0.7940515278431626,0.8241367227754239,0.9961242541043724,0.9992582510037387,0.9943094712322047,0.998397096012902,0.9994483642667142,0.9962069915110362,0.9999696199024909,0.9999636412338337,0.9996586737097812,0.9987223818511766,,,,
17,,,,,0.9999739704852876,0.9996354184145616,0.9957742845576811,0.9979304105244275,0.9987768903112872,0.8426702379224962,0.9805270928604314,0.9934213441398208,0.9995771203700602,0.9997731860899665,0.9795941153009153,0.718829324130538,0.9823871143368841,0.9561291770683537,0.9902674833292322,0.9849068525381598,0.9741144699851957,,,,
18,,,,,0.9973048465582861,0.9979024658102565,0.9963298790499268,0.9992388131390594,0.9921651516796467,0.9907238277080517,0.9890578373154719,0.9816992258309779,0.9890739662982087,0.9999048194094228,0.8938777904604154,0.9922206154696567,0.994265085679034,0.9257070909077469,0.9868503282076112,0.9999985367726836,,,,,
19,,,,,,0.9999879798706949,0.9834743571837192,0.9736840663355155,0.9744262846519128,0.9970462005192605,0.995236020598918,0.977262632084656,0.9966648217641881,0.9240789590541967,0.9537679984176508,0.9896419771912913,0.9947746318836003,0.8828771258478728,0.9287359026364133,,,,,,
20,,,,,,,0.9896943723837399,0.9971197793089289,0.9773001952797334,0.9697573533637381,0.9959868577053518,0.9999373528245176,0.9965595923015654,0.9850121852587229,0.9878174061576551,0.9308947070894649,0.9943164357970941,0.9998553841094896,,,,,,,
21,,,,,,,,,0.9991433641010372,0.9992516768965191,0.9847585414230843,0.9999972141167309,0.9999071722540525,0.9931580752176481,0.9891925911157422,0.9999292824078592,,,,,,,,,
22,,,,,,,,,,,,,,,,,,,,,,,,,
23,,,,,,,,,,,,,,,,,,,,,,,,,
24,,,,,,,,,,,,,,,,,,,,,,,,,
