,0,1,2,3,4,5,6,7,8,9,10,11,12,13,14,15,16,17,18,19,20,21,22,23,24
0,-0.0,-0.0,-0.0,-0.0,-0.0,-0.0,-0.0,-0.0,-0.0,-0.0,-0.0,-0.0,-0.0,-0.0,-0.0,-0.0,-0.0,-0.0,-0.0,-0.0,-0.0,-0.0,-0.0,-0.0,-0.0
1,-0.0,-0.0,-0.0,-0.0,-0.0,-0.0,-0.0,-0.0,-0.0,-0.0,-0.0,-0.0,-0.0,-0.0,-0.0,-0.0,-0.0,-0.0,-0.0,-0.0,-0.0,-0.0,-0.0,-0.0,-0.0
2,-0.0,-0.0,-0.0,-0.0,-0.0,-0.0,-0.0,-0.0,-0.0,-0.0,-0.0,-0.0,-0.0,-0.0,-0.0,-0.0,-0.0,-0.0,-0.0,-0.0,-0.0,-0.0,-0.0,-0.0,-0.0
3,-0.0,-0.0,-0.0,-0.0,-0.0,-0.0,-0.0,-0.0,-7.1592882713,-5.5702599594,-3.800421084,-2.9460284579,-3.3759431433,-4.5232690037,-4.7622499587,-3.753537539,-1.8174108452,-0.0,-0.0,-0.0,-0.0,-0.0,-0.0,-0.0,-0.0
4,-0.0,-0.0,-0.0,-0.0,-0.0,-0.0,1.2406376991,-2.4618631757,-3.292311298,-2.6488979455,-2.6395018519,-3.6327232024,-4.4920000217,-5.041998951,-4.7133714913,-3.4720297419,-2.3806525931,-2.9621061979,-0.0,-0.0,-0.0,-0.0,-0.0,-0.0,-0.0
5,-0.0,-0.0,-0.0,-0.0,-0.0,6.8517996821,1.9743821314,-0.25444183,0.8980324217,1.3142414135,-1.198581809,-4.3833484616,-5.7400068107,-5.344251284,-4.245304783,-2.9310999044,-2.4269035722,-3.6712224572,-4.7950817859,-0.0,-0.0,-0.0,-0.0,-0.0,-0.0
6,-0.0,-0.0,-0.0,-0.0,11.2133492307,7.037524633,3.0420573858,1.6327967343,3.4793662978,3.6472036759,0.7691957463,-3.2958808413,-5.3025556847,-5.0105391424,-3.6798205214,-2.3720570953,-1.9698644942,-2.9828202379,-3.5914488104,-3.3238782955,-0.0,-0.0,-0.0,-0.0,-0.0
7,-0.0,-0.0,-0.0,-0.0,10.0642081027,6.6569506862,3.2810721582,2.6929118458,4.0036169294,4.1665867211,2.4569054599,-0.4156722921,-2.7066727945,-3.4574979385,-2.5600923457,-1.1419618833,-0.7009083024,-1.7980165883,-2.6847591441,-2.8047959833,-3.12398387,-0.0,-0.0,-0.0,-0.0
8,-0.0,-0.0,-0.0,9.4419402635,7.9849530484,5.9036955233,3.66056093,3.1238138774,3.5522445241,3.6804926415,3.0172321209,1.4465199867,-0.1892398052,-1.4883825592,-1.5655333978,-1.1474070069,-1.2933756483,-2.4893228735,-3.6540079103,-4.4728216523,-5.9569820233,-0.0,-0.0,-0.0,-0.0
9,-0.0,-0.0,-0.0,7.7124660326,6.0065667301,4.4182437517,2.8152491714,2.5305392929,3.2037711041,3.3137599597,2.3171227537,1.0111541388,0.0739150908,-1.0427019631,-1.9984794172,-2.6350316194,-3.5525751492,-4.8844701313,-6.4375502856,-8.0651442792,-9.726216857,-11.2177563576,-0.0,-0.0,-0.0
10,-0.0,-0.0,13.5599552889,9.9552268233,6.9516212875,4.3557190731,2.7616395948,1.9498769237,2.1638753026,2.1094818878,0.661291565,-0.7541443784,-1.2726170722,-1.8908284886,-3.3767420785,-5.0024830618,-6.1539119948,-6.9587585625,-8.1959564773,-10.2294089344,-11.9433839437,-12.8494295704,-0.0,-0.0,-0.0
11,-0.0,-0.0,18.5393432063,14.1465427921,9.2250646913,5.5445273626,3.6165597112,2.1035837776,1.2139681047,0.5557169319,-0.9123580751,-2.1779905788,-2.6684108652,-3.0321914725,-4.5281577261,-6.261294196,-7.3671629902,-7.8807786655,-9.0406990776,-11.099366605,-12.5991182896,-13.3059675778,-0.0,-0.0,-0.0
12,-0.0,-0.0,20.8700031707,16.3726104876,10.2981403067,5.6638561508,3.2329742076,1.685957627,0.7057393541,-0.2539265116,-1.8335473127,-3.2531184854,-4.0954950781,-4.5101560197,-5.3841364467,-6.3834835707,-7.0893557787,-7.5989544345,-8.7485943686,-10.7563039629,-12.6715502474,-13.7791715056,-0.0,-0.0,-0.0
13,-0.0,-0.0,19.8383018897,15.8393203544,10.42730572,5.691410658,2.4885648513,0.9754816532,0.8271103939,-0.0484371998,-2.0915834452,-3.8995648324,-4.8403831614,-5.1757333315,-5.5587391089,-5.9789566658,-6.5391074464,-7.2534931752,-8.4493783515,-10.5066871457,-13.0817198207,-14.6444116543,-0.0,-0.0,-0.0
14,-0.0,-0.0,17.8197097475,14.7422392432,11.0259865533,6.8479511455,3.4243439405,1.7926915615,1.7207798475,0.2185954266,-2.6788374825,-4.4996415377,-4.4224135532,-3.9898668505,-4.2135768511,-5.1313522713,-6.347353343,-7.6894237277,-8.8169181209,-10.1669977854,-12.3185803261,-13.8549477591,-0.0,-0.0,-0.0
15,-0.0,-0.0,-0.0,13.6921932511,11.4559634385,8.4931156741,6.0781846557,4.0967813456,2.5928619732,-0.1144937736,-3.6117413411,-4.8039268376,-3.2170489477,-1.7473592371,-2.0743849012,-3.8675832703,-5.9208487762,-7.9578562834,-9.2682247031,-10.019360846,-10.8163334034,-11.5608322851,-0.0,-0.0,-0.0
16,-0.0,-0.0,-0.0,11.8337456413,10.2466461268,8.5842226661,7.3015935413,5.0835308984,2.3591012715,-0.8036873418,-4.1096660624,-4.9860040426,-2.9411678161,-0.7950515349,-0.8697696371,-2.8137527532,-4.992864136,-7.388810329,-9.0990388577,-9.9445157778,-9.5345152913,-0.0,-0.0,-0.0,-0.0
17,-0.0,-0.0,-0.0,-0.0,9.1423691641,8.5258702045,7.4973326584,5.0336895421,2.2603009806,-0.0432239572,-2.455554879,-3.6809778602,-2.9632427029,-1.5523887101,-1.451806214,-2.6868591419,-4.2222811984,-5.8405609244,-7.1144687931,-8.0160028215,-8.4771889044,-0.0,-0.0,-0.0,-0.0
18,-0.0,-0.0,-0.0,-0.0,9.9341851777,9.3750422753,7.7736754574,5.2096388599,3.3804779912,2.363790713,0.9632258035,-0.7555592726,-1.9234521277,-2.1095119309,-2.4873474263,-3.0398287613,-3.5259355224,-3.8378197647,-4.0198386951,-4.6941191465,-0.0,-0.0,-0.0,-0.0,-0.0
19,-0.0,-0.0,-0.0,-0.0,-0.0,10.0633040921,8.2428841056,6.2668662103,5.3552232063,4.7709576274,3.6206392324,1.6585515237,-0.4369181629,-1.9795373164,-2.8198785267,-2.6088624163,-2.0459461606,-1.5707670875,-1.3041799935,-0.0,-0.0,-0.0,-0.0,-0.0,-0.0
20,-0.0,-0.0,-0.0,-0.0,-0.0,-0.0,7.7566876681,6.4129409084,5.698150579,4.6616964489,3.2647474306,1.5643289562,-0.3720919033,-2.4125820704,-3.822678041,-3.1237836833,-1.3897361071,0.0462660761,-0.0,-0.0,-0.0,-0.0,-0.0,-0.0,-0.0
21,-0.0,-0.0,-0.0,-0.0,-0.0,-0.0,-0.0,-0.0,4.6245317722,2.9079404465,1.0230621528,-0.2626653557,-1.4370231959,-3.0257933484,-4.4908375499,-3.8632356257,-1.8701592869,-0.0,-0.0,-0.0,-0.0,-0.0,-0.0,-0.0,-0.0
22,-0.0,-0.0,-0.0,-0.0,-0.0,-0.0,-0.0,-0.0,-0.0,-0.0,-0.0,-0.0,-0.0,-0.0,-0.0,-0.0,-0.0,-0.0,-0.0,-0.0,-0.0,-0.0,-0.0,-0.0,-0.0
23,-0.0,-0.0,-0.0,-0.0,-0.0,-0.0,-0.0,-0.0,-0.0,-0.0,-0.0,-0.0,-0.0,-0.0,-0.0,-0.0,-0.0,-0.0,-0.0,-0.0,-0.0,-0.0,-0.0,-0.0,-0.0
24,-0.0,-0.0,-0.0,-0.0,-0.0,-0.0,-0.0,-0.0,-0.0,-0.0,-0.0,-0.0,-0.0,-0.0,-0.0,-0.0,-0.0,-0.0,-0.0,-0.0,-0.0,-0.0,-0.0,-0.0,-0.0
