TITLE = "B00070"
VARIABLES = "x", "y", "Vx", "Vy", "isValid"
ZONE T="Frame 0", I=25, J=25, F=POINT
-35.0547683239 35.2574698925 0 -0 0
-31.8127043247 35.2574698925 0 -0 0
-28.5706403255 35.2574698925 0 -0 0
-25.3285763264 35.2574698925 0 -0 0
-22.0865123272 35.2574698925 0 -0 0
-18.844448328 35.2574698925 0 -0 0
-15.6023843288 35.2574698925 0 -0 0
-12.3603203297 35.2574698925 0 -0 0
-9.1182563305 35.2574698925 0 -0 0
-5.8761923313 35.2574698925 0 -0 0
-2.6341283321 35.2574698925 0 -0 0
0.607935667 35.2574698925 0 -0 0
3.8499996662 35.2574698925 0 -0 0
7.0920636654 35.2574698925 0 -0 0
10.3341276646 35.2574698925 0 -0 0
13.5761916637 35.2574698925 0 -0 0
16.8182556629 35.2574698925 0 -0 0
20.0603196621 35.2574698925 0 -0 0
23.3023836613 35.2574698925 0 -0 0
26.5444476604 35.2574698925 0 -0 0
29.7865116596 35.2574698925 0 -0 0
33.0285756588 35.2574698925 0 -0 0
36.270639658 35.2574698925 0 -0 0
39.5127036572 35.2574698925 0 -0 0
42.7547676563 35.2574698925 0 -0 0
-35.0547683239 32.0154058933 0 -0 0
-31.8127043247 32.0154058933 0 -0 0
-28.5706403255 32.0154058933 0 -0 0
-25.3285763264 32.0154058933 0 -0 0
-22.0865123272 32.0154058933 0 -0 0
-18.844448328 32.0154058933 0 -0 0
-15.6023843288 32.0154058933 0 -0 0
-12.3603203297 32.0154058933 0 -0 0
-9.1182563305 32.0154058933 0 -0 0
-5.8761923313 32.0154058933 0 -0 0
-2.6341283321 32.0154058933 0 -0 0
0.607935667 32.0154058933 0 -0 0
3.8499996662 32.0154058933 0 -0 0
7.0920636654 32.0154058933 0 -0 0
10.3341276646 32.0154058933 0 -0 0
13.5761916637 32.0154058933 0 -0 0
16.8182556629 32.0154058933 0 -0 0
20.0603196621 32.0154058933 0 -0 0
23.3023836613 32.0154058933 0 -0 0
26.5444476604 32.0154058933 0 -0 0
29.7865116596 32.0154058933 0 -0 0
33.0285756588 32.0154058933 0 -0 0
36.270639658 32.0154058933 0 -0 0
39.5127036572 32.0154058933 0 -0 0
42.7547676563 32.0154058933 0 -0 0
-35.0547683239 28.7733418941 0 -0 0
-31.8127043247 28.7733418941 0 -0 0
-28.5706403255 28.7733418941 0 -0 0
-25.3285763264 28.7733418941 0 -0 0
-22.0865123272 28.7733418941 0 -0 0
-18.844448328 28.7733418941 0 -0 0
-15.6023843288 28.7733418941 0 -0 0
-12.3603203297 28.7733418941 0 -0 0
-9.1182563305 28.7733418941 0 -0 0
-5.8761923313 28.7733418941 0 -0 0
-2.6341283321 28.7733418941 0 -0 0
0.607935667 28.7733418941 0 -0 0
3.8499996662 28.7733418941 0 -0 0
7.0920636654 28.7733418941 0 -0 0
10.3341276646 28.7733418941 0 -0 0
13.5761916637 28.7733418941 0 -0 0
16.8182556629 28.7733418941 0 -0 0
20.0603196621 28.7733418941 0 -0 0
23.3023836613 28.7733418941 0 -0 0
26.5444476604 28.7733418941 0 -0 0
29.7865116596 28.7733418941 0 -0 0
33.0285756588 28.7733418941 0 -0 0
36.270639658 28.7733418941 0 -0 0
39.5127036572 28.7733418941 0 -0 0
42.7547676563 28.7733418941 0 -0 0
-35.0547683239 25.531277895 0 -0 0
-31.8127043247 25.531277895 0 -0 0
-28.5706403255 25.531277895 0 -0 0
-25.3285763264 25.531277895 0 -0 0
-22.0865123272 25.531277895 0 -0 0
-18.844448328 25.531277895 0 -0 0
-15.6023843288 25.531277895 0 -0 0
-12.3603203297 25.531277895 0 -0 0
-9.1182563305 25.531277895 -0.0537773236 -1.5057100319 1
-5.8761923313 25.531277895 1.3951435637 -0.6798980586 1
-2.6341283321 25.531277895 1.7829009824 1.0528745728 1
0.607935667 25.531277895 1.6252806747 3.5810798638 1
3.8499996662 25.531277895 -0.0692364861 4.0129185155 1
7.0920636654 25.531277895 -2.0645457096 2.9233086258 1
10.3341276646 25.531277895 -3.1702895004 0.8642319686 1
13.5761916637 25.531277895 -1.6552546329 -0.3548355376 1
16.8182556629 25.531277895 1.2219175248 -1.2399578795 1
20.0603196621 25.531277895 0 -0 0
23.3023836613 25.531277895 0 -0 0
26.5444476604 25.531277895 0 -0 0
29.7865116596 25.531277895 0 -0 0
33.0285756588 25.531277895 0 -0 0
36.270639658 25.531277895 0 -0 0
39.5127036572 25.531277895 0 -0 0
42.7547676563 25.531277895 0 -0 0
-35.0547683239 22.2892138958 0 -0 0
-31.8127043247 22.2892138958 0 -0 0
-28.5706403255 22.2892138958 0 -0 0
-25.3285763264 22.2892138958 0 -0 0
-22.0865123272 22.2892138958 0 -0 0
-18.844448328 22.2892138958 0 -0 0
-15.6023843288 22.2892138958 -3.7219318931 -2.5531519361 1
-12.3603203297 22.2892138958 -3.6847264544 -2.3923260746 1
-9.1182563305 22.2892138958 -2.3007673792 -2.4630772794 1
-5.8761923313 22.2892138958 -0.0959768903 -2.0025654301 1
-2.6341283321 22.2892138958 1.8845031323 -0.6857860538 1
0.607935667 22.2892138958 2.9626092312 1.1716438648 1
3.8499996662 22.2892138958 1.3975587876 2.0536586327 1
7.0920636654 22.2892138958 -1.1117860022 1.6128497748 1
10.3341276646 22.2892138958 -1.9746075301 -0.0183944982 1
13.5761916637 22.2892138958 0.5701113523 -2.1986567611 1
16.8182556629 22.2892138958 3.4884966835 -3.7780047022 1
20.0603196621 22.2892138958 4.6126045095 -3.9289660091 1
23.3023836613 22.2892138958 0 -0 0
26.5444476604 22.2892138958 0 -0 0
29.7865116596 22.2892138958 0 -0 0
33.0285756588 22.2892138958 0 -0 0
36.270639658 22.2892138958 0 -0 0
39.5127036572 22.2892138958 0 -0 0
42.7547676563 22.2892138958 0 -0 0
-35.0547683239 19.0471498966 0 -0 0
-31.8127043247 19.0471498966 0 -0 0
-28.5706403255 19.0471498966 0 -0 0
-25.3285763264 19.0471498966 0 -0 0
-22.0865123272 19.0471498966 0 -0 0
-18.844448328 19.0471498966 -1.5774599057 -2.8081629244 1
-15.6023843288 19.0471498966 -3.84861324 -4.2725833163 1
-12.3603203297 19.0471498966 -5.814510082 -4.5993393474 1
-9.1182563305 19.0471498966 -5.2184356012 -3.8261500575 1
-5.8761923313 19.0471498966 -2.123444684 -2.7618391776 1
-2.6341283321 19.0471498966 1.8772049229 -2.1377639212 1
0.607935667 19.0471498966 3.9151014946 -1.4641800471 1
3.8499996662 19.0471498966 2.7806072095 -0.4372338042 1
7.0920636654 19.0471498966 0.7397456553 0.8752426902 1
10.3341276646 19.0471498966 0.962079259 1.1128488336 1
13.5761916637 19.0471498966 3.3421752998 -1.9175861742 1
16.8182556629 19.0471498966 5.006878413 -5.4819749054 1
20.0603196621 19.0471498966 4.503389226 -6.672973473 1
23.3023836613 19.0471498966 3.3981122356 -4.4551116207 1
26.5444476604 19.0471498966 0 -0 0
29.7865116596 19.0471498966 0 -0 0
33.0285756588 19.0471498966 0 -0 0
36.270639658 19.0471498966 0 -0 0
39.5127036572 19.0471498966 0 -0 0
42.7547676563 19.0471498966 0 -0 0
-35.0547683239 15.8050858974 0 -0 0
-31.8127043247 15.8050858974 0 -0 0
-28.5706403255 15.8050858974 0 -0 0
-25.3285763264 15.8050858974 0 -0 0
-22.0865123272 15.8050858974 1.73687042 -1.0469812181 1
-18.844448328 15.8050858974 1.0371588597 -3.4416176677 1
-15.6023843288 15.8050858974 -1.9655058288 -5.8449928104 1
-12.3603203297 15.8050858974 -5.6331095263 -6.4111769706 1
-9.1182563305 15.8050858974 -5.6527235961 -4.7310102649 1
-5.8761923313 15.8050858974 -1.6420551429 -3.5433188541 1
-2.6341283321 15.8050858974 3.1742307327 -4.168512801 1
0.607935667 15.8050858974 4.4684136196 -4.6369270431 1
3.8499996662 15.8050858974 2.9316325278 -2.8007215951 1
7.0920636654 15.8050858974 1.6799112639 0.9091266299 1
10.3341276646 15.8050858974 4.3646468566 2.8660096353 1
13.5761916637 15.8050858974 8.9600422542 -0.995409213 1
16.8182556629 15.8050858974 9.6041887187 -7.4663215338 1
20.0603196621 15.8050858974 6.5272490261 -10.726613527 1
23.3023836613 15.8050858974 2.6180691931 -8.0106844375 1
26.5444476604 15.8050858974 1.7311638912 -3.9457819942 1
29.7865116596 15.8050858974 0 -0 0
33.0285756588 15.8050858974 0 -0 0
36.270639658 15.8050858974 0 -0 0
39.5127036572 15.8050858974 0 -0 0
42.7547676563 15.8050858974 0 -0 0
-35.0547683239 12.5630218983 0 -0 0
-31.8127043247 12.5630218983 0 -0 0
-28.5706403255 12.5630218983 0 -0 0
-25.3285763264 12.5630218983 0 -0 0
-22.0865123272 12.5630218983 2.7138610975 -2.4888267849 1
-18.844448328 12.5630218983 2.4683517311 -4.5031392191 1
-15.6023843288 12.5630218983 -0.3339287463 -6.436259791 1
-12.3603203297 12.5630218983 -3.9544606766 -6.5791991365 1
-9.1182563305 12.5630218983 -3.61232771 -4.8320607691 1
-5.8761923313 12.5630218983 1.4687663758 -4.742619886 1
-2.6341283321 12.5630218983 6.4092940682 -6.9520488356 1
0.607935667 12.5630218983 5.7857514353 -8.0782503185 1
3.8499996662 12.5630218983 2.6107238809 -5.6605215174 1
7.0920636654 12.5630218983 2.1050738551 -0.7058230671 1
10.3341276646 12.5630218983 7.2951712619 2.6794256631 1
13.5761916637 12.5630218983 13.1077084633 0.5388619587 1
16.8182556629 12.5630218983 12.5657731631 -5.6953630621 1
20.0603196621 12.5630218983 7.6321987128 -10.574547721 1
23.3023836613 12.5630218983 2.1641437279 -9.4566097519 1
26.5444476604 12.5630218983 0.9440642673 -5.3866612751 1
29.7865116596 12.5630218983 1.4377626487 -3.0286623892 1
33.0285756588 12.5630218983 0 -0 0
36.270639658 12.5630218983 0 -0 0
39.5127036572 12.5630218983 0 -0 0
42.7547676563 12.5630218983 0 -0 0
-35.0547683239 9.3209578991 0 -0 0
-31.8127043247 9.3209578991 0 -0 0
-28.5706403255 9.3209578991 0 -0 0
-25.3285763264 9.3209578991 2.0887690557 -3.2762972675 1
-22.0865123272 9.3209578991 2.3841691458 -4.5174134671 1
-18.844448328 9.3209578991 1.5351170964 -5.2313139772 1
-15.6023843288 9.3209578991 -1.1054262246 -5.0157781161 1
-12.3603203297 9.3209578991 -2.8401345225 -3.2570286178 1
-9.1182563305 9.3209578991 -1.7029112971 -1.9435449246 1
-5.8761923313 9.3209578991 2.84110496 -4.0639945075 1
-2.6341283321 9.3209578991 6.990504007 -8.3545973447 1
0.607935667 9.3209578991 6.6207546353 -10.6349443213 1
3.8499996662 9.3209578991 4.2427153393 -7.9622277813 1
7.0920636654 9.3209578991 4.3000934382 -2.3647246157 1
10.3341276646 9.3209578991 9.1312178891 0.9039756721 1
13.5761916637 9.3209578991 14.1397515412 -0.3318975533 1
16.8182556629 9.3209578991 12.615988322 -5.6928315911 1
20.0603196621 9.3209578991 7.2152572128 -10.3243765406 1
23.3023836613 9.3209578991 1.7789885854 -10.2020192869 1
26.5444476604 9.3209578991 0.8500461137 -7.129120769 1
29.7865116596 9.3209578991 1.5849578489 -4.4116463468 1
33.0285756588 9.3209578991 0 -0 0
36.270639658 9.3209578991 0 -0 0
39.5127036572 9.3209578991 0 -0 0
42.7547676563 9.3209578991 0 -0 0
-35.0547683239 6.0788938999 0 -0 0
-31.8127043247 6.0788938999 0 -0 0
-28.5706403255 6.0788938999 0 -0 0
-25.3285763264 6.0788938999 1.1614153961 -3.411299497 1
-22.0865123272 6.0788938999 -0.4198033697 -4.8199251672 1
-18.844448328 6.0788938999 -2.5184980475 -4.4049764761 1
-15.6023843288 6.0788938999 -4.3305976044 -1.7657128554 1
-12.3603203297 6.0788938999 -3.6520368412 3.0199526069 1
-9.1182563305 6.0788938999 -2.3130581786 4.5708062503 1
-5.8761923313 6.0788938999 0.6412738004 1.1230434849 1
-2.6341283321 6.0788938999 3.5824567135 -4.8028060337 1
0.607935667 6.0788938999 5.0094056569 -7.9099624448 1
3.8499996662 6.0788938999 4.9066416391 -6.4897793893 1
7.0920636654 6.0788938999 5.1665476906 -3.137682317 1
10.3341276646 6.0788938999 7.3828476034 -2.0844893478 1
13.5761916637 6.0788938999 8.2087877505 -3.7150485503 1
16.8182556629 6.0788938999 6.0943396926 -7.3084343105 1
20.0603196621 6.0788938999 2.7829819733 -10.0783745578 1
23.3023836613 6.0788938999 0.8934010283 -10.4035236603 1
26.5444476604 6.0788938999 1.0981280907 -8.7107726688 1
29.7865116596 6.0788938999 1.519739406 -6.280994017 1
33.0285756588 6.0788938999 1.2193531422 -4.4603294585 1
36.270639658 6.0788938999 0 -0 0
39.5127036572 6.0788938999 0 -0 0
42.7547676563 6.0788938999 0 -0 0
-35.0547683239 2.8368299007 0 -0 0
-31.8127043247 2.8368299007 0 -0 0
-28.5706403255 2.8368299007 -0.9756961821 -1.1032275677 1
-25.3285763264 2.8368299007 -1.9958658182 -1.5745514616 1
-22.0865123272 2.8368299007 -4.4502337682 -2.1481968792 1
-18.844448328 2.8368299007 -6.0156557499 -1.0373706711 1
-15.6023843288 2.8368299007 -6.1298424875 2.4279019392 1
-12.3603203297 2.8368299007 -4.2605817762 6.4272420291 1
-9.1182563305 2.8368299007 -3.2068693179 6.9286683571 1
-5.8761923313 2.8368299007 -2.0166290745 3.7714818766 1
-2.6341283321 2.8368299007 -0.4737587062 0.3799675743 1
0.607935667 2.8368299007 2.0381862839 -0.8126687952 1
3.8499996662 2.8368299007 3.5137742556 -0.0279986289 1
7.0920636654 2.8368299007 3.5408987992 0.1940966351 1
10.3341276646 2.8368299007 2.8125996415 -2.9559381527 1
13.5761916637 2.8368299007 1.0488835957 -7.8434527524 1
16.8182556629 2.8368299007 -0.7583763796 -11.5708772493 1
20.0603196621 2.8368299007 -1.8074188716 -12.0759226388 1
23.3023836613 2.8368299007 -1.1322611315 -11.0722728594 1
26.5444476604 2.8368299007 0.1399480565 -9.3249515159 1
29.7865116596 2.8368299007 0.7149548871 -7.1156946725 1
33.0285756588 2.8368299007 0.7533305726 -4.6855050794 1
36.270639658 2.8368299007 0 -0 0
39.5127036572 2.8368299007 0 -0 0
42.7547676563 2.8368299007 0 -0 0
-35.0547683239 -0.4052340984 0 -0 0
-31.8127043247 -0.4052340984 0 -0 0
-28.5706403255 -0.4052340984 -3.1453120573 0.5766457272 1
-25.3285763264 -0.4052340984 -5.5014059992 1.7193841265 1
-22.0865123272 -0.4052340984 -7.1028078421 3.2025705877 1
-18.844448328 -0.4052340984 -6.2490360063 5.0015748241 1
-15.6023843288 -0.4052340984 -3.9301508245 6.5657639818 1
-12.3603203297 -0.4052340984 -1.8300023776 6.9756907947 1
-9.1182563305 -0.4052340984 -2.0843282624 5.1826900459 1
-5.8761923313 -0.4052340984 -2.5483302446 3.8518726902 1
-2.6341283321 -0.4052340984 -2.0788853278 4.2987105497 1
0.607935667 -0.4052340984 -0.1164240523 6.2702497581 1
3.8499996662 -0.4052340984 1.0166357973 6.7003854641 1
7.0920636654 -0.4052340984 0.0008867664 3.6390401044 1
10.3341276646 -0.4052340984 -1.7254842351 -3.1121870457 1
13.5761916637 -0.4052340984 -3.1439195067 -10.1267732414 1
16.8182556629 -0.4052340984 -3.624085282 -13.6061679216 1
20.0603196621 -0.4052340984 -3.2757021423 -13.0215502798 1
23.3023836613 -0.4052340984 -2.3638615181 -11.2924589098 1
26.5444476604 -0.4052340984 -1.0678986151 -8.9871861219 1
29.7865116596 -0.4052340984 -0.2781504804 -6.2651010648 1
33.0285756588 -0.4052340984 0.4204468054 -3.644702097 1
36.270639658 -0.4052340984 0 -0 0
39.5127036572 -0.4052340984 0 -0 0
42.7547676563 -0.4052340984 0 -0 0
-35.0547683239 -3.6472980976 0 -0 0
-31.8127043247 -3.6472980976 0 -0 0
-28.5706403255 -3.6472980976 -4.3186618873 2.3674171721 1
-25.3285763264 -3.6472980976 -6.7041772358 4.9246859191 1
-22.0865123272 -3.6472980976 -7.6407593363 7.927032362 1
-18.844448328 -3.6472980976 -5.3068221072 9.3784409201 1
-15.6023843288 -3.6472980976 -1.528134717 8.2373918037 1
-12.3603203297 -3.6472980976 0.2356909144 4.513170596 1
-9.1182563305 -3.6472980976 -1.2526014966 1.8702374896 1
-5.8761923313 -3.6472980976 -2.9374663247 2.5130895342 1
-2.6341283321 -3.6472980976 -1.9099766639 6.1647866921 1
0.607935667 -3.6472980976 0.0400934358 9.5668779027 1
3.8499996662 -3.6472980976 0.458979953 9.6572227963 1
7.0920636654 -3.6472980976 -1.6692270911 5.7052812112 1
10.3341276646 -3.6472980976 -3.4294799523 -1.6796386114 1
13.5761916637 -3.6472980976 -3.4097091752 -8.3150044606 1
16.8182556629 -3.6472980976 -2.4276270222 -11.3666360851 1
20.0603196621 -3.6472980976 -1.2261145009 -11.348189922 1
23.3023836613 -3.6472980976 -0.5887312823 -10.3079908211 1
26.5444476604 -3.6472980976 0.0298537528 -8.1056520437 1
29.7865116596 -3.6472980976 0.3361187979 -4.984702678 1
33.0285756588 -3.6472980976 0.7369586668 -2.2588558923 1
36.270639658 -3.6472980976 0 -0 0
39.5127036572 -3.6472980976 0 -0 0
42.7547676563 -3.6472980976 0 -0 0
-35.0547683239 -6.8893620968 0 -0 0
-31.8127043247 -6.8893620968 0 -0 0
-28.5706403255 -6.8893620968 -3.8698725849 2.8368880558 1
-25.3285763264 -6.8893620968 -5.6750581519 6.152657733 1
-22.0865123272 -6.8893620968 -6.8627770393 9.8197671535 1
-18.844448328 -6.8893620968 -5.3933432235 10.5393535095 1
-15.6023843288 -6.8893620968 -2.3647869664 7.8615873127 1
-12.3603203297 -6.8893620968 -1.3184863982 4.351832794 1
-9.1182563305 -6.8893620968 -3.6753674995 3.8143342109 1
-5.8761923313 -6.8893620968 -5.6146222992 6.1963950555 1
-2.6341283321 -6.8893620968 -3.2654174371 8.7801187925 1
0.607935667 -6.8893620968 0.23867758 10.1006855623 1
3.8499996662 -6.8893620968 1.1614449108 8.9318071726 1
7.0920636654 -6.8893620968 -1.5114943105 5.6645862435 1
10.3341276646 -6.8893620968 -3.1802749823 0.6397214476 1
13.5761916637 -6.8893620968 -1.8985667766 -3.9039106654 1
16.8182556629 -6.8893620968 0.612635326 -6.7820580161 1
20.0603196621 -6.8893620968 2.4673962396 -8.4371932314 1
23.3023836613 -6.8893620968 2.9833869806 -9.054752003 1
26.5444476604 -6.8893620968 2.8633341385 -7.3091988244 1
29.7865116596 -6.8893620968 2.3883904281 -3.935864147 1
33.0285756588 -6.8893620968 1.7268841833 -1.0839169483 1
36.270639658 -6.8893620968 0 -0 0
39.5127036572 -6.8893620968 0 -0 0
42.7547676563 -6.8893620968 0 -0 0
-35.0547683239 -10.131426096 0 -0 0
-31.8127043247 -10.131426096 0 -0 0
-28.5706403255 -10.131426096 -2.6813861642 0.9548640834 1
-25.3285763264 -10.131426096 -4.431895096 4.5670359164 1
-22.0865123272 -10.131426096 -6.5802293583 8.9920582376 1
-18.844448328 -10.131426096 -7.0601267083 9.7772925471 1
-15.6023843288 -10.131426096 -5.7526877175 7.5497139402 1
-12.3603203297 -10.131426096 -5.5256518398 5.9441368608 1
-9.1182563305 -10.131426096 -7.4346105106 8.264869014 1
-5.8761923313 -10.131426096 -7.9968851422 10.8823448936 1
-2.6341283321 -10.131426096 -4.426877445 11.2912028363 1
0.607935667 -10.131426096 0.0735715483 9.7623507081 1
3.8499996662 -10.131426096 1.0973766357 7.3264378284 1
7.0920636654 -10.131426096 -1.5813836255 5.4451429674 1
10.3341276646 -10.131426096 -2.9911704088 3.1868107913 1
13.5761916637 -10.131426096 -0.6949564467 1.0838625235 1
16.8182556629 -10.131426096 3.2224038665 -1.2218545701 1
20.0603196621 -10.131426096 5.4515175401 -3.1802792094 1
23.3023836613 -10.131426096 5.6238574584 -4.1087708081 1
26.5444476604 -10.131426096 4.8487783215 -3.4252950538 1
29.7865116596 -10.131426096 3.8267596758 -1.7077059649 1
33.0285756588 -10.131426096 2.5999424833 -0.1872759072 1
36.270639658 -10.131426096 0 -0 0
39.5127036572 -10.131426096 0 -0 0
42.7547676563 -10.131426096 0 -0 0
-35.0547683239 -13.3734900951 0 -0 0
-31.8127043247 -13.3734900951 0 -0 0
-28.5706403255 -13.3734900951 0 -0 0
-25.3285763264 -13.3734900951 -4.3436592584 3.7302648534 1
-22.0865123272 -13.3734900951 -6.5341713193 7.8529391263 1
-18.844448328 -13.3734900951 -7.9666294733 9.0510743649 1
-15.6023843288 -13.3734900951 -8.2490080675 8.5290695685 1
-12.3603203297 -13.3734900951 -8.4182730214 8.8171590696 1
-9.1182563305 -13.3734900951 -8.8068846304 11.5380756161 1
-5.8761923313 -13.3734900951 -7.7462199868 13.2857677429 1
-2.6341283321 -13.3734900951 -4.235584707 12.3716059493 1
0.607935667 -13.3734900951 -0.4265818636 9.6320264463 1
3.8499996662 -13.3734900951 0.4501165961 6.9229441647 1
7.0920636654 -13.3734900951 -1.3932259381 6.3336699929 1
10.3341276646 -13.3734900951 -2.1733397858 6.2173895983 1
13.5761916637 -13.3734900951 0.7496739949 5.7592126567 1
16.8182556629 -13.3734900951 5.2310174714 4.2460907347 1
20.0603196621 -13.3734900951 7.043097855 3.1838949497 1
23.3023836613 -13.3734900951 6.113915114 3.2125098727 1
26.5444476604 -13.3734900951 4.5223797882 2.6537223545 1
29.7865116596 -13.3734900951 3.4819149795 1.9632900367 1
33.0285756588 -13.3734900951 2.689894552 1.1022112352 1
36.270639658 -13.3734900951 0 -0 0
39.5127036572 -13.3734900951 0 -0 0
42.7547676563 -13.3734900951 0 -0 0
-35.0547683239 -16.6155540943 0 -0 0
-31.8127043247 -16.6155540943 0 -0 0
-28.5706403255 -16.6155540943 0 -0 0
-25.3285763264 -16.6155540943 -5.611617989 3.719884433 1
-22.0865123272 -16.6155540943 -6.9602918175 6.3624111272 1
-18.844448328 -16.6155540943 -7.6354318941 7.7706180056 1
-15.6023843288 -16.6155540943 -7.5111367847 9.0412618951 1
-12.3603203297 -16.6155540943 -6.6892740452 10.9069639329 1
-9.1182563305 -16.6155540943 -5.865570675 13.2164759686 1
-5.8761923313 -16.6155540943 -4.9586409659 14.1882214827 1
-2.6341283321 -16.6155540943 -3.6097811418 13.5838303464 1
0.607935667 -16.6155540943 -1.6673977832 11.4238248671 1
3.8499996662 -16.6155540943 -0.341952557 8.7680387477 1
7.0920636654 -16.6155540943 -0.0049899397 7.6122343917 1
10.3341276646 -16.6155540943 0.8403538918 7.5241999485 1
13.5761916637 -16.6155540943 3.4370076366 8.1376662154 1
16.8182556629 -16.6155540943 6.7264773704 8.6507257158 1
20.0603196621 -16.6155540943 7.3589351054 9.688345639 1
23.3023836613 -16.6155540943 5.4963949908 10.195446641 1
26.5444476604 -16.6155540943 3.4707649122 8.0363300753 1
29.7865116596 -16.6155540943 2.4981316924 5.0021159019 1
33.0285756588 -16.6155540943 0 -0 0
36.270639658 -16.6155540943 0 -0 0
39.5127036572 -16.6155540943 0 -0 0
42.7547676563 -16.6155540943 0 -0 0
-35.0547683239 -19.8576180935 0 -0 0
-31.8127043247 -19.8576180935 0 -0 0
-28.5706403255 -19.8576180935 0 -0 0
-25.3285763264 -19.8576180935 0 -0 0
-22.0865123272 -19.8576180935 -8.2938118446 4.8366620438 1
-18.844448328 -19.8576180935 -7.1905288708 5.8056958282 1
-15.6023843288 -19.8576180935 -5.0757516975 8.5665174656 1
-12.3603203297 -19.8576180935 -3.2033308745 11.2931412958 1
-9.1182563305 -19.8576180935 -2.9034985964 12.7134680751 1
-5.8761923313 -19.8576180935 -3.492442445 13.0704513927 1
-2.6341283321 -19.8576180935 -4.1755166182 13.2622308591 1
0.607935667 -19.8576180935 -3.2627313724 12.6490266767 1
3.8499996662 -19.8576180935 -0.7304227823 10.738804686 1
7.0920636654 -19.8576180935 2.3407798099 8.2901770821 1
10.3341276646 -19.8576180935 4.8794609346 7.3376887439 1
13.5761916637 -19.8576180935 6.2744648507 8.4512612539 1
16.8182556629 -19.8576180935 7.6206597458 11.1585759745 1
20.0603196621 -19.8576180935 7.4971074107 13.0737981037 1
23.3023836613 -19.8576180935 5.5637483056 12.2686465759 1
26.5444476604 -19.8576180935 3.398757181 8.8976945128 1
29.7865116596 -19.8576180935 1.951551487 5.3127558465 1
33.0285756588 -19.8576180935 0 -0 0
36.270639658 -19.8576180935 0 -0 0
39.5127036572 -19.8576180935 0 -0 0
42.7547676563 -19.8576180935 0 -0 0
-35.0547683239 -23.0996820927 0 -0 0
-31.8127043247 -23.0996820927 0 -0 0
-28.5706403255 -23.0996820927 0 -0 0
-25.3285763264 -23.0996820927 0 -0 0
-22.0865123272 -23.0996820927 -9.9861534045 2.7885711982 1
-18.844448328 -23.0996820927 -7.0726904621 4.260480928 1
-15.6023843288 -23.0996820927 -3.8400698271 7.0460393616 1
-12.3603203297 -23.0996820927 -2.3581480446 9.4803054565 1
-9.1182563305 -23.0996820927 -3.7502551413 10.6753536531 1
-5.8761923313 -23.0996820927 -5.1708485343 11.1554068046 1
-2.6341283321 -23.0996820927 -5.4696671974 12.1014124753 1
0.607935667 -23.0996820927 -3.8471038383 12.6923757035 1
3.8499996662 -23.0996820927 -0.0368426734 11.7548424896 1
7.0920636654 -23.0996820927 4.3082675776 9.0017010167 1
10.3341276646 -23.0996820927 7.2551466026 7.3714505486 1
13.5761916637 -23.0996820927 7.0068951614 8.3039250475 1
16.8182556629 -23.0996820927 6.951460655 11.3500559157 1
20.0603196621 -23.0996820927 6.9157108726 12.8413170269 1
23.3023836613 -23.0996820927 5.7281997204 10.4233056092 1
26.5444476604 -23.0996820927 3.810787917 6.6919311237 1
29.7865116596 -23.0996820927 0 -0 0
33.0285756588 -23.0996820927 0 -0 0
36.270639658 -23.0996820927 0 -0 0
39.5127036572 -23.0996820927 0 -0 0
42.7547676563 -23.0996820927 0 -0 0
-35.0547683239 -26.3417460918 0 -0 0
-31.8127043247 -26.3417460918 0 -0 0
-28.5706403255 -26.3417460918 0 -0 0
-25.3285763264 -26.3417460918 0 -0 0
-22.0865123272 -26.3417460918 0 -0 0
-18.844448328 -26.3417460918 -6.0966066636 4.7363277431 1
-15.6023843288 -26.3417460918 -2.8975672727 6.6916666236 1
-12.3603203297 -26.3417460918 -3.5397523302 8.1389500674 1
-9.1182563305 -26.3417460918 -6.4676598153 8.9668872505 1
-5.8761923313 -26.3417460918 -7.1139681754 9.3592737226 1
-2.6341283321 -26.3417460918 -4.6052139062 9.7833543092 1
0.607935667 -26.3417460918 -1.3981685569 10.2190016413 1
3.8499996662 -26.3417460918 1.7434213261 9.9599431375 1
7.0920636654 -26.3417460918 4.4855433211 8.1535507134 1
10.3341276646 -26.3417460918 5.9422793214 6.9538737653 1
13.5761916637 -26.3417460918 5.3369678697 7.6291581696 1
16.8182556629 -26.3417460918 5.743429007 9.777318514 1
20.0603196621 -26.3417460918 6.5283595641 10.0030186059 1
23.3023836613 -26.3417460918 6.1978896621 7.2310336159 1
26.5444476604 -26.3417460918 0 -0 0
29.7865116596 -26.3417460918 0 -0 0
33.0285756588 -26.3417460918 0 -0 0
36.270639658 -26.3417460918 0 -0 0
39.5127036572 -26.3417460918 0 -0 0
42.7547676563 -26.3417460918 0 -0 0
-35.0547683239 -29.583810091 0 -0 0
-31.8127043247 -29.583810091 0 -0 0
-28.5706403255 -29.583810091 0 -0 0
-25.3285763264 -29.583810091 0 -0 0
-22.0865123272 -29.583810091 0 -0 0
-18.844448328 -29.583810091 0 -0 0
-15.6023843288 -29.583810091 -2.0146275094 6.3878568803 1
-12.3603203297 -29.583810091 -4.327675422 6.6917590174 1
-9.1182563305 -29.583810091 -7.0073589424 7.0608888067 1
-5.8761923313 -29.583810091 -7.2148387229 7.377831764 1
-2.6341283321 -29.583810091 -2.9787576253 7.5361592169 1
0.607935667 -29.583810091 0.4597057053 7.4546992312 1
3.8499996662 -29.583810091 2.0756796231 6.963544323 1
7.0920636654 -29.583810091 2.5806382046 5.8695882984 1
10.3341276646 -29.583810091 2.8469559675 5.1318993879 1
13.5761916637 -29.583810091 3.2855810391 5.965715357 1
16.8182556629 -29.583810091 4.7269108156 7.5649220909 1
20.0603196621 -29.583810091 6.3022500406 8.0182661692 1
23.3023836613 -29.583810091 0 -0 0
26.5444476604 -29.583810091 0 -0 0
29.7865116596 -29.583810091 0 -0 0
33.0285756588 -29.583810091 0 -0 0
36.270639658 -29.583810091 0 -0 0
39.5127036572 -29.583810091 0 -0 0
42.7547676563 -29.583810091 0 -0 0
-35.0547683239 -32.8258740902 0 -0 0
-31.8127043247 -32.8258740902 0 -0 0
-28.5706403255 -32.8258740902 0 -0 0
-25.3285763264 -32.8258740902 0 -0 0
-22.0865123272 -32.8258740902 0 -0 0
-18.844448328 -32.8258740902 0 -0 0
-15.6023843288 -32.8258740902 0 -0 0
-12.3603203297 -32.8258740902 0 -0 0
-9.1182563305 -32.8258740902 -5.8222916985 5.7869664448 1
-5.8761923313 -32.8258740902 -7.006092603 5.8028624164 1
-2.6341283321 -32.8258740902 -4.3672390178 5.7588787103 1
0.607935667 -32.8258740902 -1.953303649 5.0722564316 1
3.8499996662 -32.8258740902 -0.4558515828 3.8653244517 1
7.0920636654 -32.8258740902 -0.2001832129 2.4583321299 1
10.3341276646 -32.8258740902 0.4108331635 2.2246395158 1
13.5761916637 -32.8258740902 2.0897835765 3.7264933117 1
16.8182556629 -32.8258740902 4.2476197626 5.873385505 1
20.0603196621 -32.8258740902 0 -0 0
23.3023836613 -32.8258740902 0 -0 0
26.5444476604 -32.8258740902 0 -0 0
29.7865116596 -32.8258740902 0 -0 0
33.0285756588 -32.8258740902 0 -0 0
36.270639658 -32.8258740902 0 -0 0
39.5127036572 -32.8258740902 0 -0 0
42.7547676563 -32.8258740902 0 -0 0
-35.0547683239 -36.0679380894 0 -0 0
-31.8127043247 -36.0679380894 0 -0 0
-28.5706403255 -36.0679380894 0 -0 0
-25.3285763264 -36.0679380894 0 -0 0
-22.0865123272 -36.0679380894 0 -0 0
-18.844448328 -36.0679380894 0 -0 0
-15.6023843288 -36.0679380894 0 -0 0
-12.3603203297 -36.0679380894 0 -0 0
-9.1182563305 -36.0679380894 0 -0 0
-5.8761923313 -36.0679380894 0 -0 0
-2.6341283321 -36.0679380894 0 -0 0
0.607935667 -36.0679380894 0 -0 0
3.8499996662 -36.0679380894 0 -0 0
7.0920636654 -36.0679380894 0 -0 0
10.3341276646 -36.0679380894 0 -0 0
13.5761916637 -36.0679380894 0 -0 0
16.8182556629 -36.0679380894 0 -0 0
20.0603196621 -36.0679380894 0 -0 0
23.3023836613 -36.0679380894 0 -0 0
26.5444476604 -36.0679380894 0 -0 0
29.7865116596 -36.0679380894 0 -0 0
33.0285756588 -36.0679380894 0 -0 0
36.270639658 -36.0679380894 0 -0 0
39.5127036572 -36.0679380894 0 -0 0
42.7547676563 -36.0679380894 0 -0 0
-35.0547683239 -39.3100020885 0 -0 0
-31.8127043247 -39.3100020885 0 -0 0
-28.5706403255 -39.3100020885 0 -0 0
-25.3285763264 -39.3100020885 0 -0 0
-22.0865123272 -39.3100020885 0 -0 0
-18.844448328 -39.3100020885 0 -0 0
-15.6023843288 -39.3100020885 0 -0 0
-12.3603203297 -39.3100020885 0 -0 0
-9.1182563305 -39.3100020885 0 -0 0
-5.8761923313 -39.3100020885 0 -0 0
-2.6341283321 -39.3100020885 0 -0 0
0.607935667 -39.3100020885 0 -0 0
3.8499996662 -39.3100020885 0 -0 0
7.0920636654 -39.3100020885 0 -0 0
10.3341276646 -39.3100020885 0 -0 0
13.5761916637 -39.3100020885 0 -0 0
16.8182556629 -39.3100020885 0 -0 0
20.0603196621 -39.3100020885 0 -0 0
23.3023836613 -39.3100020885 0 -0 0
26.5444476604 -39.3100020885 0 -0 0
29.7865116596 -39.3100020885 0 -0 0
33.0285756588 -39.3100020885 0 -0 0
36.270639658 -39.3100020885 0 -0 0
39.5127036572 -39.3100020885 0 -0 0
42.7547676563 -39.3100020885 0 -0 0
-35.0547683239 -42.5520660877 0 -0 0
-31.8127043247 -42.5520660877 0 -0 0
-28.5706403255 -42.5520660877 0 -0 0
-25.3285763264 -42.5520660877 0 -0 0
-22.0865123272 -42.5520660877 0 -0 0
-18.844448328 -42.5520660877 0 -0 0
-15.6023843288 -42.5520660877 0 -0 0
-12.3603203297 -42.5520660877 0 -0 0
-9.1182563305 -42.5520660877 0 -0 0
-5.8761923313 -42.5520660877 0 -0 0
-2.6341283321 -42.5520660877 0 -0 0
0.607935667 -42.5520660877 0 -0 0
3.8499996662 -42.5520660877 0 -0 0
7.0920636654 -42.5520660877 0 -0 0
10.3341276646 -42.5520660877 0 -0 0
13.5761916637 -42.5520660877 0 -0 0
16.8182556629 -42.5520660877 0 -0 0
20.0603196621 -42.5520660877 0 -0 0
23.3023836613 -42.5520660877 0 -0 0
26.5444476604 -42.5520660877 0 -0 0
29.7865116596 -42.5520660877 0 -0 0
33.0285756588 -42.5520660877 0 -0 0
36.270639658 -42.5520660877 0 -0 0
39.5127036572 -42.5520660877 0 -0 0
42.7547676563 -42.5520660877 0 -0 0
