TITLE = "B00070"
VARIABLES = "x", "y", "Vx", "Vy", "isValid"
ZONE T="Frame 0", I=25, J=25, F=POINT
-35.0547683239 35.2574698925 0 -0 0
-31.8127043247 35.2574698925 0 -0 0
-28.5706403255 35.2574698925 0 -0 0
-25.3285763264 35.2574698925 0 -0 0
-22.0865123272 35.2574698925 0 -0 0
-18.844448328 35.2574698925 0 -0 0
-15.6023843288 35.2574698925 0 -0 0
-12.3603203297 35.2574698925 0 -0 0
-9.1182563305 35.2574698925 0 -0 0
-5.8761923313 35.2574698925 0 -0 0
-2.6341283321 35.2574698925 0 -0 0
0.607935667 35.2574698925 0 -0 0
3.8499996662 35.2574698925 0 -0 0
7.0920636654 35.2574698925 0 -0 0
10.3341276646 35.2574698925 0 -0 0
13.5761916637 35.2574698925 0 -0 0
16.8182556629 35.2574698925 0 -0 0
20.0603196621 35.2574698925 0 -0 0
23.3023836613 35.2574698925 0 -0 0
26.5444476604 35.2574698925 0 -0 0
29.7865116596 35.2574698925 0 -0 0
33.0285756588 35.2574698925 0 -0 0
36.270639658 35.2574698925 0 -0 0
39.5127036572 35.2574698925 0 -0 0
42.7547676563 35.2574698925 0 -0 0
-35.0547683239 32.0154058933 0 -0 0
-31.8127043247 32.0154058933 0 -0 0
-28.5706403255 32.0154058933 0 -0 0
-25.3285763264 32.0154058933 0 -0 0
-22.0865123272 32.0154058933 0 -0 0
-18.844448328 32.0154058933 0 -0 0
-15.6023843288 32.0154058933 0 -0 0
-12.3603203297 32.0154058933 0 -0 0
-9.1182563305 32.0154058933 0 -0 0
-5.8761923313 32.0154058933 0 -0 0
-2.6341283321 32.0154058933 0 -0 0
0.607935667 32.0154058933 0 -0 0
3.8499996662 32.0154058933 0 -0 0
7.0920636654 32.0154058933 0 -0 0
10.3341276646 32.0154058933 0 -0 0
13.5761916637 32.0154058933 0 -0 0
16.8182556629 32.0154058933 0 -0 0
20.0603196621 32.0154058933 0 -0 0
23.3023836613 32.0154058933 0 -0 0
26.5444476604 32.0154058933 0 -0 0
29.7865116596 32.0154058933 0 -0 0
33.0285756588 32.0154058933 0 -0 0
36.270639658 32.0154058933 0 -0 0
39.5127036572 32.0154058933 0 -0 0
42.7547676563 32.0154058933 0 -0 0
-35.0547683239 28.7733418941 0 -0 0
-31.8127043247 28.7733418941 0 -0 0
-28.5706403255 28.7733418941 0 -0 0
-25.3285763264 28.7733418941 0 -0 0
-22.0865123272 28.7733418941 0 -0 0
-18.844448328 28.7733418941 0 -0 0
-15.6023843288 28.7733418941 0 -0 0
-12.3603203297 28.7733418941 0 -0 0
-9.1182563305 28.7733418941 0 -0 0
-5.8761923313 28.7733418941 0 -0 0
-2.6341283321 28.7733418941 0 -0 0
0.607935667 28.7733418941 0 -0 0
3.8499996662 28.7733418941 0 -0 0
7.0920636654 28.7733418941 0 -0 0
10.3341276646 28.7733418941 0 -0 0
13.5761916637 28.7733418941 0 -0 0
16.8182556629 28.7733418941 0 -0 0
20.0603196621 28.7733418941 0 -0 0
23.3023836613 28.7733418941 0 -0 0
26.5444476604 28.7733418941 0 -0 0
29.7865116596 28.7733418941 0 -0 0
33.0285756588 28.7733418941 0 -0 0
36.270639658 28.7733418941 0 -0 0
39.5127036572 28.7733418941 0 -0 0
42.7547676563 28.7733418941 0 -0 0
-35.0547683239 25.531277895 0 -0 0
-31.8127043247 25.531277895 0 -0 0
-28.5706403255 25.531277895 0 -0 0
-25.3285763264 25.531277895 0 -0 0
-22.0865123272 25.531277895 0 -0 0
-18.844448328 25.531277895 0 -0 0
-15.6023843288 25.531277895 0 -0 0
-12.3603203297 25.531277895 0 -0 0
-9.1182563305 25.531277895 3.283859675 2.1873235668 1
-5.8761923313 25.531277895 5.1482549134 3.5285482156 1
-2.6341283321 25.531277895 4.5093899961 8.9869783867 1
0.607935667 25.531277895 2.6654500344 15.7916668605 1
3.8499996662 25.531277895 1.2278520189 18.2821150671 1
7.0920636654 25.531277895 1.6785182603 16.9706246357 1
10.3341276646 25.531277895 2.5239760072 12.9968636057 1
13.5761916637 25.531277895 2.8714557403 10.0121058141 1
16.8182556629 25.531277895 0 -0 0
20.0603196621 25.531277895 0 -0 0
23.3023836613 25.531277895 0 -0 0
26.5444476604 25.531277895 0 -0 0
29.7865116596 25.531277895 0 -0 0
33.0285756588 25.531277895 0 -0 0
36.270639658 25.531277895 0 -0 0
39.5127036572 25.531277895 0 -0 0
42.7547676563 25.531277895 0 -0 0
-35.0547683239 22.2892138958 0 -0 0
-31.8127043247 22.2892138958 0 -0 0
-28.5706403255 22.2892138958 0 -0 0
-25.3285763264 22.2892138958 0 -0 0
-22.0865123272 22.2892138958 0 -0 0
-18.844448328 22.2892138958 0 -0 0
-15.6023843288 22.2892138958 -1.2827418997 3.9583330664 1
-12.3603203297 22.2892138958 -0.0820258887 4.0449773745 1
-9.1182563305 22.2892138958 1.9022835161 2.915915305 1
-5.8761923313 22.2892138958 4.7510860021 2.7324772532 1
-2.6341283321 22.2892138958 4.8018292554 4.3494387059 1
0.607935667 22.2892138958 3.3369921853 7.3093510025 1
3.8499996662 22.2892138958 1.2420934308 8.4247013395 1
7.0920636654 22.2892138958 1.2170707722 7.9478101115 1
10.3341276646 22.2892138958 1.8238035344 6.0117993629 1
13.5761916637 22.2892138958 2.7759802698 4.0734398174 1
16.8182556629 22.2892138958 2.4834632607 1.8844838081 1
20.0603196621 22.2892138958 1.477349192 1.4189322661 1
23.3023836613 22.2892138958 0 -0 0
26.5444476604 22.2892138958 0 -0 0
29.7865116596 22.2892138958 0 -0 0
33.0285756588 22.2892138958 0 -0 0
36.270639658 22.2892138958 0 -0 0
39.5127036572 22.2892138958 0 -0 0
42.7547676563 22.2892138958 0 -0 0
-35.0547683239 19.0471498966 0 -0 0
-31.8127043247 19.0471498966 0 -0 0
-28.5706403255 19.0471498966 0 -0 0
-25.3285763264 19.0471498966 0 -0 0
-22.0865123272 19.0471498966 0 -0 0
-18.844448328 19.0471498966 -1.772856924 3.3820819003 1
-15.6023843288 19.0471498966 -0.1072708229 2.7032282547 1
-12.3603203297 19.0471498966 1.1810783049 2.8660482837 1
-9.1182563305 19.0471498966 2.1303564092 2.2241926435 1
-5.8761923313 19.0471498966 3.7324856274 1.7858593977 1
-2.6341283321 19.0471498966 3.5317415407 2.120397951 1
0.607935667 19.0471498966 2.8941713453 3.1748554481 1
3.8499996662 19.0471498966 1.1150560958 3.268734558 1
7.0920636654 19.0471498966 0.6057945569 2.0827522827 1
10.3341276646 19.0471498966 0.8575374142 0.4332959687 1
13.5761916637 19.0471498966 2.3884977681 -0.6048197412 1
16.8182556629 19.0471498966 2.1344703517 0.0511812372 1
20.0603196621 19.0471498966 0.7985949604 2.8014118316 1
23.3023836613 19.0471498966 -0.890147466 5.8565511016 1
26.5444476604 19.0471498966 0 -0 0
29.7865116596 19.0471498966 0 -0 0
33.0285756588 19.0471498966 0 -0 0
36.270639658 19.0471498966 0 -0 0
39.5127036572 19.0471498966 0 -0 0
42.7547676563 19.0471498966 0 -0 0
-35.0547683239 15.8050858974 0 -0 0
-31.8127043247 15.8050858974 0 -0 0
-28.5706403255 15.8050858974 0 -0 0
-25.3285763264 15.8050858974 0 -0 0
-22.0865123272 15.8050858974 -2.8648471635 4.4409116501 1
-18.844448328 15.8050858974 0.113501134 2.8793847039 1
-15.6023843288 15.8050858974 2.8257056808 1.0285781571 1
-12.3603203297 15.8050858974 3.5116570472 0.8177381536 1
-9.1182563305 15.8050858974 2.8261761045 1.2633693825 1
-5.8761923313 15.8050858974 2.1653975368 1.7920710733 1
-2.6341283321 15.8050858974 1.4726698656 2.0473675466 1
0.607935667 15.8050858974 1.3921030205 2.5177853164 1
3.8499996662 15.8050858974 0.8440104695 2.688463051 1
7.0920636654 15.8050858974 0.4625463637 1.5479935098 1
10.3341276646 15.8050858974 0.6968072679 -0.0625524572 1
13.5761916637 15.8050858974 2.2749787724 -0.488092965 1
16.8182556629 15.8050858974 1.9581647438 1.4930117635 1
20.0603196621 15.8050858974 0.4899845859 5.0511136358 1
23.3023836613 15.8050858974 -1.2682735038 7.4676585274 1
26.5444476604 15.8050858974 -0.8257490941 7.9852767289 1
29.7865116596 15.8050858974 0 -0 0
33.0285756588 15.8050858974 0 -0 0
36.270639658 15.8050858974 0 -0 0
39.5127036572 15.8050858974 0 -0 0
42.7547676563 15.8050858974 0 -0 0
-35.0547683239 12.5630218983 0 -0 0
-31.8127043247 12.5630218983 0 -0 0
-28.5706403255 12.5630218983 0 -0 0
-25.3285763264 12.5630218983 0 -0 0
-22.0865123272 12.5630218983 -0.0712576113 2.4881117892 1
-18.844448328 12.5630218983 2.0228665661 1.5897294182 1
-15.6023843288 12.5630218983 4.4682632531 0.5475127494 1
-12.3603203297 12.5630218983 4.8128848152 0.1803506701 1
-9.1182563305 12.5630218983 3.4733286909 0.7741921106 1
-5.8761923313 12.5630218983 1.3905999596 1.7042383266 1
-2.6341283321 12.5630218983 -0.0519950005 2.4219650296 1
0.607935667 12.5630218983 0.130288095 2.7399276407 1
3.8499996662 12.5630218983 0.7175464444 2.545607947 1
7.0920636654 12.5630218983 1.0890435999 1.3447114603 1
10.3341276646 12.5630218983 1.7428802483 -0.31351593 1
13.5761916637 12.5630218983 2.7253423938 -0.6999399785 1
16.8182556629 12.5630218983 1.7961936211 1.2829105336 1
20.0603196621 12.5630218983 -0.1582545154 5.1063358779 1
23.3023836613 12.5630218983 -2.4316487217 7.5230725018 1
26.5444476604 12.5630218983 -2.8175961567 7.8575817669 1
29.7865116596 12.5630218983 -3.2484378002 6.1113057422 1
33.0285756588 12.5630218983 0 -0 0
36.270639658 12.5630218983 0 -0 0
39.5127036572 12.5630218983 0 -0 0
42.7547676563 12.5630218983 0 -0 0
-35.0547683239 9.3209578991 0 -0 0
-31.8127043247 9.3209578991 0 -0 0
-28.5706403255 9.3209578991 0 -0 0
-25.3285763264 9.3209578991 2.4755685674 1.6187450166 1
-22.0865123272 9.3209578991 3.3901980672 0.8097100025 1
-18.844448328 9.3209578991 3.3838274197 -0.2630518398 1
-15.6023843288 9.3209578991 3.3814248773 -0.4788645617 1
-12.3603203297 9.3209578991 3.3159502377 0.3125239604 1
-9.1182563305 9.3209578991 2.6817747619 1.8140061616 1
-5.8761923313 9.3209578991 1.0400803627 3.0209961141 1
-2.6341283321 9.3209578991 -0.5615464261 3.1805989647 1
0.607935667 9.3209578991 -0.1647088004 2.8159297458 1
3.8499996662 9.3209578991 0.9121369035 1.7331536806 1
7.0920636654 9.3209578991 2.1132093461 0.0562227038 1
10.3341276646 9.3209578991 3.0122959939 -1.8709031179 1
13.5761916637 9.3209578991 3.2705597897 -2.5703643694 1
16.8182556629 9.3209578991 1.667281838 -1.0016659533 1
20.0603196621 9.3209578991 -0.8515340776 2.7954654109 1
23.3023836613 9.3209578991 -3.5239837775 6.0864940646 1
26.5444476604 9.3209578991 -4.1971467462 7.2352559551 1
29.7865116596 9.3209578991 -4.2398834372 6.2314068948 1
33.0285756588 9.3209578991 0 -0 0
36.270639658 9.3209578991 0 -0 0
39.5127036572 9.3209578991 0 -0 0
42.7547676563 9.3209578991 0 -0 0
-35.0547683239 6.0788938999 0 -0 0
-31.8127043247 6.0788938999 0 -0 0
-28.5706403255 6.0788938999 0 -0 0
-25.3285763264 6.0788938999 4.3870858839 1.1119913974 1
-22.0865123272 6.0788938999 5.0766840904 0.8215300008 1
-18.844448328 6.0788938999 2.9346471041 -0.695826036 1
-15.6023843288 6.0788938999 0.668400684 -1.2946080194 1
-12.3603203297 6.0788938999 0.7728243945 -0.1993936002 1
-9.1182563305 6.0788938999 1.3690320313 1.7177694985 1
-5.8761923313 6.0788938999 0.8003356487 3.1059175483 1
-2.6341283321 6.0788938999 -0.4658057006 3.3041772667 1
0.607935667 6.0788938999 0.1197435227 2.7641517416 1
3.8499996662 6.0788938999 1.3290416422 1.3900353304 1
7.0920636654 6.0788938999 2.8245655526 -0.6617896917 1
10.3341276646 6.0788938999 3.4735325009 -2.9466238851 1
13.5761916637 6.0788938999 2.8949636378 -4.0921948659 1
16.8182556629 6.0788938999 0.9052639022 -3.1721714969 1
20.0603196621 6.0788938999 -1.6104922216 0.0579447096 1
23.3023836613 6.0788938999 -3.8619125214 3.5520102181 1
26.5444476604 6.0788938999 -4.3035566984 5.3008768943 1
29.7865116596 6.0788938999 -3.626464273 4.8041674844 1
33.0285756588 6.0788938999 -2.196650214 3.2095725932 1
36.270639658 6.0788938999 0 -0 0
39.5127036572 6.0788938999 0 -0 0
42.7547676563 6.0788938999 0 -0 0
-35.0547683239 2.8368299007 0 -0 0
-31.8127043247 2.8368299007 0 -0 0
-28.5706403255 2.8368299007 0.1752166775 -1.6581547736 1
-25.3285763264 2.8368299007 3.1902272507 0.5140110289 1
-22.0865123272 2.8368299007 4.0809804852 0.63491825 1
-18.844448328 2.8368299007 2.175615815 -0.6445138509 1
-15.6023843288 2.8368299007 -0.128733572 -2.1174264013 1
-12.3603203297 2.8368299007 -0.0619813174 -1.5456810967 1
-9.1182563305 2.8368299007 0.6083904545 0.4668986128 1
-5.8761923313 2.8368299007 0.2077588492 2.6350790241 1
-2.6341283321 2.8368299007 -0.8489489366 3.6067750199 1
0.607935667 2.8368299007 -0.022476199 3.3095279584 1
3.8499996662 2.8368299007 1.4630636212 2.1595315833 1
7.0920636654 2.8368299007 2.9331503839 0.0149998788 1
10.3341276646 2.8368299007 3.0990532278 -2.6275446971 1
13.5761916637 2.8368299007 2.2802736051 -4.2397439406 1
16.8182556629 2.8368299007 0.6091032989 -3.6605114117 1
20.0603196621 2.8368299007 -1.340805857 -1.4075344564 1
23.3023836613 2.8368299007 -2.8730907493 1.086598031 1
26.5444476604 2.8368299007 -2.9062317639 2.2845764114 1
29.7865116596 2.8368299007 -1.8339316833 1.8616812441 1
33.0285756588 2.8368299007 -0.7756636942 0.7841534372 1
36.270639658 2.8368299007 0 -0 0
39.5127036572 2.8368299007 0 -0 0
42.7547676563 2.8368299007 0 -0 0
-35.0547683239 -0.4052340984 0 -0 0
-31.8127043247 -0.4052340984 0 -0 0
-28.5706403255 -0.4052340984 -0.9627871591 -3.108002751 1
-25.3285763264 -0.4052340984 0.6158817928 -1.8533395276 1
-22.0865123272 -0.4052340984 1.7810863186 -1.403053354 1
-18.844448328 -0.4052340984 1.0785269288 -1.906328767 1
-15.6023843288 -0.4052340984 0.2302264477 -2.7931872681 1
-12.3603203297 -0.4052340984 0.0629389413 -2.0498946396 1
-9.1182563305 -0.4052340984 -0.3686392865 0.0824048621 1
-5.8761923313 -0.4052340984 -1.1891944717 2.5646978477 1
-2.6341283321 -0.4052340984 -1.8387434107 3.8880774973 1
0.607935667 -0.4052340984 -0.5137233171 3.6237374463 1
3.8499996662 -0.4052340984 1.4930569037 2.5966794098 1
7.0920636654 -0.4052340984 2.6842011576 0.6497764514 1
10.3341276646 -0.4052340984 2.6041128887 -1.7767041018 1
13.5761916637 -0.4052340984 1.8785834333 -3.3284228054 1
16.8182556629 -0.4052340984 0.9371681675 -3.201881559 1
20.0603196621 -0.4052340984 -0.2987973196 -2.2903736735 1
23.3023836613 -0.4052340984 -1.7039720148 -1.4060464925 1
26.5444476604 -0.4052340984 -1.9359721001 -0.7195432539 1
29.7865116596 -0.4052340984 -1.1836913754 -0.4248469877 1
33.0285756588 -0.4052340984 -0.3197669335 -0.4478055795 1
36.270639658 -0.4052340984 0 -0 0
39.5127036572 -0.4052340984 0 -0 0
42.7547676563 -0.4052340984 0 -0 0
-35.0547683239 -3.6472980976 0 -0 0
-31.8127043247 -3.6472980976 0 -0 0
-28.5706403255 -3.6472980976 -1.6924612794 -3.6828196987 1
-25.3285763264 -3.6472980976 -1.0859495378 -3.4514621433 1
-22.0865123272 -3.6472980976 -0.4377491038 -3.5357072303 1
-18.844448328 -3.6472980976 -0.3625886962 -3.4173763562 1
-15.6023843288 -3.6472980976 0.1129993745 -2.7877810193 1
-12.3603203297 -3.6472980976 0.2471587554 -1.1366262131 1
-9.1182563305 -3.6472980976 -1.3418149429 0.9608575314 1
-5.8761923313 -3.6472980976 -2.6870544975 2.9094869869 1
-2.6341283321 -3.6472980976 -2.8271486556 3.7392189057 1
0.607935667 -3.6472980976 -0.9177859881 3.2744137612 1
3.8499996662 -3.6472980976 1.3070935706 1.9036040538 1
7.0920636654 -3.6472980976 2.3159116694 0.1006941481 1
10.3341276646 -3.6472980976 2.3960083928 -1.6447670236 1
13.5761916637 -3.6472980976 1.9718378278 -2.6966607419 1
16.8182556629 -3.6472980976 1.833938024 -2.8169518152 1
20.0603196621 -3.6472980976 1.4457942721 -2.5932354739 1
23.3023836613 -3.6472980976 0.0507410737 -2.3874263314 1
26.5444476604 -3.6472980976 -1.0119593393 -1.8840349732 1
29.7865116596 -3.6472980976 -1.1930550859 -1.1177743927 1
33.0285756588 -3.6472980976 -0.500131908 -0.3808515058 1
36.270639658 -3.6472980976 0 -0 0
39.5127036572 -3.6472980976 0 -0 0
42.7547676563 -3.6472980976 0 -0 0
-35.0547683239 -6.8893620968 0 -0 0
-31.8127043247 -6.8893620968 0 -0 0
-28.5706403255 -6.8893620968 -3.4461036011 -3.3506737236 1
-25.3285763264 -6.8893620968 -3.2515018947 -3.6701777422 1
-22.0865123272 -6.8893620968 -2.8729920147 -3.6901568584 1
-18.844448328 -6.8893620968 -1.9962077661 -3.9446675309 1
-15.6023843288 -6.8893620968 -0.5286072212 -3.3643721707 1
-12.3603203297 -6.8893620968 -0.0234832044 -1.4594865294 1
-9.1182563305 -6.8893620968 -2.1780313408 1.2850318182 1
-5.8761923313 -6.8893620968 -3.4935031628 2.9840741977 1
-2.6341283321 -6.8893620968 -2.8498844906 3.0529411414 1
0.607935667 -6.8893620968 -0.7660222738 2.3854380517 1
3.8499996662 -6.8893620968 1.0684139525 1.1616768013 1
7.0920636654 -6.8893620968 1.9534754533 -0.2886564137 1
10.3341276646 -6.8893620968 2.3626312606 -1.451134094 1
13.5761916637 -6.8893620968 2.2197264872 -1.8508682937 1
16.8182556629 -6.8893620968 2.7337955265 -2.1930870115 1
20.0603196621 -6.8893620968 3.3699161044 -2.4275433846 1
23.3023836613 -6.8893620968 2.3752348705 -2.1764145992 1
26.5444476604 -6.8893620968 0.6419415423 -1.1313292669 1
29.7865116596 -6.8893620968 -0.5070671847 0.2087937511 1
33.0285756588 -6.8893620968 -0.0596330772 0.7146127128 1
36.270639658 -6.8893620968 0 -0 0
39.5127036572 -6.8893620968 0 -0 0
42.7547676563 -6.8893620968 0 -0 0
-35.0547683239 -10.131426096 0 -0 0
-31.8127043247 -10.131426096 0 -0 0
-28.5706403255 -10.131426096 -5.1321669074 -1.6060583729 1
-25.3285763264 -10.131426096 -4.5727727903 -2.019459014 1
-22.0865123272 -10.131426096 -4.3225137452 -2.2392418224 1
-18.844448328 -10.131426096 -3.0071322035 -3.7860435722 1
-15.6023843288 -10.131426096 -1.648661908 -4.4408422038 1
-12.3603203297 -10.131426096 -0.8255730627 -3.0546588822 1
-9.1182563305 -10.131426096 -2.6423576074 0.3903403707 1
-5.8761923313 -10.131426096 -3.2421489786 2.6755221733 1
-2.6341283321 -10.131426096 -1.9849846292 2.6513992225 1
0.607935667 -10.131426096 -0.164730276 2.021715719 1
3.8499996662 -10.131426096 0.9947049362 1.2436543889 1
7.0920636654 -10.131426096 1.6216809373 0.1687926432 1
10.3341276646 -10.131426096 1.8746563922 -0.6702085541 1
13.5761916637 -10.131426096 1.9280383055 -0.6862669699 1
16.8182556629 -10.131426096 2.9026869797 -1.0971404426 1
20.0603196621 -10.131426096 4.5582047539 -1.4804209861 1
23.3023836613 -10.131426096 4.501606266 -1.0981453013 1
26.5444476604 -10.131426096 2.7535490929 -0.1449680476 1
29.7865116596 -10.131426096 1.3618820748 0.4193825398 1
33.0285756588 -10.131426096 1.5251430883 0.1365276813 1
36.270639658 -10.131426096 0 -0 0
39.5127036572 -10.131426096 0 -0 0
42.7547676563 -10.131426096 0 -0 0
-35.0547683239 -13.3734900951 0 -0 0
-31.8127043247 -13.3734900951 0 -0 0
-28.5706403255 -13.3734900951 0 -0 0
-25.3285763264 -13.3734900951 -4.3102283808 0.1639106012 1
-22.0865123272 -13.3734900951 -4.1016422894 -0.6802314012 1
-18.844448328 -13.3734900951 -3.0891160564 -3.3828998578 1
-15.6023843288 -13.3734900951 -2.6642175124 -5.0221852983 1
-12.3603203297 -13.3734900951 -1.8147706755 -3.9751224808 1
-9.1182563305 -13.3734900951 -2.5721313265 -0.4851750098 1
-5.8761923313 -13.3734900951 -2.5424556857 2.1496226433 1
-2.6341283321 -13.3734900951 -1.2174529537 2.5794573145 1
0.607935667 -13.3734900951 0.196295292 2.1294374526 1
3.8499996662 -13.3734900951 1.1826285441 1.5005074422 1
7.0920636654 -13.3734900951 1.5633755784 0.5932231036 1
10.3341276646 -13.3734900951 1.3030548114 0.1677813493 1
13.5761916637 -13.3734900951 1.2083726901 0.5708843206 1
16.8182556629 -13.3734900951 2.0827436774 0.4186310093 1
20.0603196621 -13.3734900951 4.1309658673 -0.0061966288 1
23.3023836613 -13.3734900951 4.9940084913 0.2357961219 1
26.5444476604 -13.3734900951 4.2472695113 0.5231664002 1
29.7865116596 -13.3734900951 3.4949394948 0.1242482047 1
33.0285756588 -13.3734900951 3.6567465127 -1.0194753989 1
36.270639658 -13.3734900951 0 -0 0
39.5127036572 -13.3734900951 0 -0 0
42.7547676563 -13.3734900951 0 -0 0
-35.0547683239 -16.6155540943 0 -0 0
-31.8127043247 -16.6155540943 0 -0 0
-28.5706403255 -16.6155540943 0 -0 0
-25.3285763264 -16.6155540943 -2.9004930784 1.1984502383 1
-22.0865123272 -16.6155540943 -2.8268974409 -0.4143775703 1
-18.844448328 -16.6155540943 -2.2163340322 -3.4258231481 1
-15.6023843288 -16.6155540943 -2.8872813598 -4.8973059337 1
-12.3603203297 -16.6155540943 -2.4424723911 -3.8314747822 1
-9.1182563305 -16.6155540943 -2.4951759946 -1.1943196891 1
-5.8761923313 -16.6155540943 -1.9886282989 0.7284796427 1
-2.6341283321 -16.6155540943 -0.9070116861 1.2764884052 1
0.607935667 -16.6155540943 0.5758763822 1.2267929618 1
3.8499996662 -16.6155540943 1.6948703135 0.8306617453 1
7.0920636654 -16.6155540943 1.8552246945 0.1238531342 1
10.3341276646 -16.6155540943 0.9857900607 -0.0255723677 1
13.5761916637 -16.6155540943 0.5396091488 0.4322009051 1
16.8182556629 -16.6155540943 1.1195307064 0.7323659974 1
20.0603196621 -16.6155540943 2.586718989 0.7541507946 1
23.3023836613 -16.6155540943 3.718091207 0.5260822041 1
26.5444476604 -16.6155540943 4.2207911209 -0.2584655677 1
29.7865116596 -16.6155540943 4.5798792673 -1.4617445932 1
33.0285756588 -16.6155540943 0 -0 0
36.270639658 -16.6155540943 0 -0 0
39.5127036572 -16.6155540943 0 -0 0
42.7547676563 -16.6155540943 0 -0 0
-35.0547683239 -19.8576180935 0 -0 0
-31.8127043247 -19.8576180935 0 -0 0
-28.5706403255 -19.8576180935 0 -0 0
-25.3285763264 -19.8576180935 0 -0 0
-22.0865123272 -19.8576180935 -2.110754568 -0.5964896116 1
-18.844448328 -19.8576180935 -1.340479459 -3.4763903699 1
-15.6023843288 -19.8576180935 -1.7145595666 -4.5762922114 1
-12.3603203297 -19.8576180935 -1.7868942995 -3.6328391477 1
-9.1182563305 -19.8576180935 -2.0182352482 -1.6758960561 1
-5.8761923313 -19.8576180935 -1.6610573298 -0.472665794 1
-2.6341283321 -19.8576180935 -0.9412198347 -0.3356786438 1
0.607935667 -19.8576180935 0.2817920177 -0.540285496 1
3.8499996662 -19.8576180935 1.3496326413 -0.9771371187 1
7.0920636654 -19.8576180935 1.6644905469 -1.3364728565 1
10.3341276646 -19.8576180935 0.9333291421 -1.3132000199 1
13.5761916637 -19.8576180935 0.3301089696 -1.2741050361 1
16.8182556629 -19.8576180935 0.6029345743 -0.872597463 1
20.0603196621 -19.8576180935 1.4499080636 -0.5597170427 1
23.3023836613 -19.8576180935 2.2877455813 -0.6122552959 1
26.5444476604 -19.8576180935 3.3240202076 -1.4801092323 1
29.7865116596 -19.8576180935 4.4115965266 -2.6899519208 1
33.0285756588 -19.8576180935 0 -0 0
36.270639658 -19.8576180935 0 -0 0
39.5127036572 -19.8576180935 0 -0 0
42.7547676563 -19.8576180935 0 -0 0
-35.0547683239 -23.0996820927 0 -0 0
-31.8127043247 -23.0996820927 0 -0 0
-28.5706403255 -23.0996820927 0 -0 0
-25.3285763264 -23.0996820927 0 -0 0
-22.0865123272 -23.0996820927 -2.7574477516 -1.3589834438 1
-18.844448328 -23.0996820927 -1.2744121098 -3.3018296775 1
-15.6023843288 -23.0996820927 -0.6616436279 -3.9746801376 1
-12.3603203297 -23.0996820927 -0.6748764823 -3.2970704877 1
-9.1182563305 -23.0996820927 -1.4603367945 -1.5905217107 1
-5.8761923313 -23.0996820927 -1.7437949778 -0.7469772112 1
-2.6341283321 -23.0996820927 -1.7619940024 -1.3531002796 1
0.607935667 -23.0996820927 -1.1083291583 -2.1938149906 1
3.8499996662 -23.0996820927 0.1256159302 -2.6765551125 1
7.0920636654 -23.0996820927 0.9773088475 -2.5223586617 1
10.3341276646 -23.0996820927 0.7077233311 -2.2902297987 1
13.5761916637 -23.0996820927 -0.0076566803 -2.3742751519 1
16.8182556629 -23.0996820927 -0.0817735983 -2.0035616835 1
20.0603196621 -23.0996820927 0.521472324 -1.4854131231 1
23.3023836613 -23.0996820927 1.2929074892 -1.3978143804 1
26.5444476604 -23.0996820927 2.5397816986 -1.9178582228 1
29.7865116596 -23.0996820927 0 -0 0
33.0285756588 -23.0996820927 0 -0 0
36.270639658 -23.0996820927 0 -0 0
39.5127036572 -23.0996820927 0 -0 0
42.7547676563 -23.0996820927 0 -0 0
-35.0547683239 -26.3417460918 0 -0 0
-31.8127043247 -26.3417460918 0 -0 0
-28.5706403255 -26.3417460918 0 -0 0
-25.3285763264 -26.3417460918 0 -0 0
-22.0865123272 -26.3417460918 0 -0 0
-18.844448328 -26.3417460918 -1.7848631442 -2.6774011505 1
-15.6023843288 -26.3417460918 -0.6924056514 -2.9229758871 1
-12.3603203297 -26.3417460918 -0.5512186944 -2.1509709597 1
-9.1182563305 -26.3417460918 -1.620811348 -0.5918639551 1
-5.8761923313 -26.3417460918 -2.8164967905 -0.1045976378 1
-2.6341283321 -26.3417460918 -3.5854734034 -1.4293622047 1
0.607935667 -26.3417460918 -3.2921705936 -2.9724923552 1
3.8499996662 -26.3417460918 -1.7501440365 -3.2989017583 1
7.0920636654 -26.3417460918 -0.3998350102 -2.6465123118 1
10.3341276646 -26.3417460918 -0.2470986315 -2.0254602369 1
13.5761916637 -26.3417460918 -0.7687577058 -1.9866443973 1
16.8182556629 -26.3417460918 -1.1587803594 -1.7375446537 1
20.0603196621 -26.3417460918 -0.4282759398 -1.6706394189 1
23.3023836613 -26.3417460918 0.6994525707 -1.7899439009 1
26.5444476604 -26.3417460918 0 -0 0
29.7865116596 -26.3417460918 0 -0 0
33.0285756588 -26.3417460918 0 -0 0
36.270639658 -26.3417460918 0 -0 0
39.5127036572 -26.3417460918 0 -0 0
42.7547676563 -26.3417460918 0 -0 0
-35.0547683239 -29.583810091 0 -0 0
-31.8127043247 -29.583810091 0 -0 0
-28.5706403255 -29.583810091 0 -0 0
-25.3285763264 -29.583810091 0 -0 0
-22.0865123272 -29.583810091 0 -0 0
-18.844448328 -29.583810091 0 -0 0
-15.6023843288 -29.583810091 -1.7248993759 -1.4793231296 1
-12.3603203297 -29.583810091 -1.8167408388 -0.4656711106 1
-9.1182563305 -29.583810091 -2.9025281589 0.6855155149 1
-5.8761923313 -29.583810091 -4.3074064427 0.9839886068 1
-2.6341283321 -29.583810091 -5.3992522036 -0.4990025365 1
0.607935667 -29.583810091 -5.1619702691 -2.0781016406 1
3.8499996662 -29.583810091 -3.7643319201 -2.4949096828 1
7.0920636654 -29.583810091 -2.2707123499 -2.1251754082 1
10.3341276646 -29.583810091 -1.9010875288 -1.5162953191 1
13.5761916637 -29.583810091 -2.1139394388 -1.0432022789 1
16.8182556629 -29.583810091 -2.5683307985 -0.5579649939 1
20.0603196621 -29.583810091 -1.963680748 -0.5353658625 1
23.3023836613 -29.583810091 0 -0 0
26.5444476604 -29.583810091 0 -0 0
29.7865116596 -29.583810091 0 -0 0
33.0285756588 -29.583810091 0 -0 0
36.270639658 -29.583810091 0 -0 0
39.5127036572 -29.583810091 0 -0 0
42.7547676563 -29.583810091 0 -0 0
-35.0547683239 -32.8258740902 0 -0 0
-31.8127043247 -32.8258740902 0 -0 0
-28.5706403255 -32.8258740902 0 -0 0
-25.3285763264 -32.8258740902 0 -0 0
-22.0865123272 -32.8258740902 0 -0 0
-18.844448328 -32.8258740902 0 -0 0
-15.6023843288 -32.8258740902 0 -0 0
-12.3603203297 -32.8258740902 0 -0 0
-9.1182563305 -32.8258740902 -4.2768077691 1.1273203998 1
-5.8761923313 -32.8258740902 -5.2859229777 1.3011909312 1
-2.6341283321 -32.8258740902 -6.1821368103 0.1736607392 1
0.607935667 -32.8258740902 -5.7633371671 -0.9648275991 1
3.8499996662 -32.8258740902 -5.3138367943 -1.1426875978 1
7.0920636654 -32.8258740902 -4.2283311849 -1.1084021524 1
10.3341276646 -32.8258740902 -3.916913139 -0.9756520233 1
13.5761916637 -32.8258740902 -3.4342919817 -0.8521724558 1
16.8182556629 -32.8258740902 -3.5326829919 -0.3893877477 1
20.0603196621 -32.8258740902 0 -0 0
23.3023836613 -32.8258740902 0 -0 0
26.5444476604 -32.8258740902 0 -0 0
29.7865116596 -32.8258740902 0 -0 0
33.0285756588 -32.8258740902 0 -0 0
36.270639658 -32.8258740902 0 -0 0
39.5127036572 -32.8258740902 0 -0 0
42.7547676563 -32.8258740902 0 -0 0
-35.0547683239 -36.0679380894 0 -0 0
-31.8127043247 -36.0679380894 0 -0 0
-28.5706403255 -36.0679380894 0 -0 0
-25.3285763264 -36.0679380894 0 -0 0
-22.0865123272 -36.0679380894 0 -0 0
-18.844448328 -36.0679380894 0 -0 0
-15.6023843288 -36.0679380894 0 -0 0
-12.3603203297 -36.0679380894 0 -0 0
-9.1182563305 -36.0679380894 0 -0 0
-5.8761923313 -36.0679380894 0 -0 0
-2.6341283321 -36.0679380894 0 -0 0
0.607935667 -36.0679380894 0 -0 0
3.8499996662 -36.0679380894 0 -0 0
7.0920636654 -36.0679380894 0 -0 0
10.3341276646 -36.0679380894 0 -0 0
13.5761916637 -36.0679380894 0 -0 0
16.8182556629 -36.0679380894 0 -0 0
20.0603196621 -36.0679380894 0 -0 0
23.3023836613 -36.0679380894 0 -0 0
26.5444476604 -36.0679380894 0 -0 0
29.7865116596 -36.0679380894 0 -0 0
33.0285756588 -36.0679380894 0 -0 0
36.270639658 -36.0679380894 0 -0 0
39.5127036572 -36.0679380894 0 -0 0
42.7547676563 -36.0679380894 0 -0 0
-35.0547683239 -39.3100020885 0 -0 0
-31.8127043247 -39.3100020885 0 -0 0
-28.5706403255 -39.3100020885 0 -0 0
-25.3285763264 -39.3100020885 0 -0 0
-22.0865123272 -39.3100020885 0 -0 0
-18.844448328 -39.3100020885 0 -0 0
-15.6023843288 -39.3100020885 0 -0 0
-12.3603203297 -39.3100020885 0 -0 0
-9.1182563305 -39.3100020885 0 -0 0
-5.8761923313 -39.3100020885 0 -0 0
-2.6341283321 -39.3100020885 0 -0 0
0.607935667 -39.3100020885 0 -0 0
3.8499996662 -39.3100020885 0 -0 0
7.0920636654 -39.3100020885 0 -0 0
10.3341276646 -39.3100020885 0 -0 0
13.5761916637 -39.3100020885 0 -0 0
16.8182556629 -39.3100020885 0 -0 0
20.0603196621 -39.3100020885 0 -0 0
23.3023836613 -39.3100020885 0 -0 0
26.5444476604 -39.3100020885 0 -0 0
29.7865116596 -39.3100020885 0 -0 0
33.0285756588 -39.3100020885 0 -0 0
36.270639658 -39.3100020885 0 -0 0
39.5127036572 -39.3100020885 0 -0 0
42.7547676563 -39.3100020885 0 -0 0
-35.0547683239 -42.5520660877 0 -0 0
-31.8127043247 -42.5520660877 0 -0 0
-28.5706403255 -42.5520660877 0 -0 0
-25.3285763264 -42.5520660877 0 -0 0
-22.0865123272 -42.5520660877 0 -0 0
-18.844448328 -42.5520660877 0 -0 0
-15.6023843288 -42.5520660877 0 -0 0
-12.3603203297 -42.5520660877 0 -0 0
-9.1182563305 -42.5520660877 0 -0 0
-5.8761923313 -42.5520660877 0 -0 0
-2.6341283321 -42.5520660877 0 -0 0
0.607935667 -42.5520660877 0 -0 0
3.8499996662 -42.5520660877 0 -0 0
7.0920636654 -42.5520660877 0 -0 0
10.3341276646 -42.5520660877 0 -0 0
13.5761916637 -42.5520660877 0 -0 0
16.8182556629 -42.5520660877 0 -0 0
20.0603196621 -42.5520660877 0 -0 0
23.3023836613 -42.5520660877 0 -0 0
26.5444476604 -42.5520660877 0 -0 0
29.7865116596 -42.5520660877 0 -0 0
33.0285756588 -42.5520660877 0 -0 0
36.270639658 -42.5520660877 0 -0 0
39.5127036572 -42.5520660877 0 -0 0
42.7547676563 -42.5520660877 0 -0 0
