TITLE = "B00070"
VARIABLES = "x", "y", "Vx", "Vy", "isValid"
ZONE T="Frame 0", I=25, J=25, F=POINT
-35.0547683239 35.2574698925 0 -0 0
-31.8127043247 35.2574698925 0 -0 0
-28.5706403255 35.2574698925 0 -0 0
-25.3285763264 35.2574698925 0 -0 0
-22.0865123272 35.2574698925 0 -0 0
-18.844448328 35.2574698925 0 -0 0
-15.6023843288 35.2574698925 0 -0 0
-12.3603203297 35.2574698925 0 -0 0
-9.1182563305 35.2574698925 0 -0 0
-5.8761923313 35.2574698925 0 -0 0
-2.6341283321 35.2574698925 0 -0 0
0.607935667 35.2574698925 0 -0 0
3.8499996662 35.2574698925 0 -0 0
7.0920636654 35.2574698925 0 -0 0
10.3341276646 35.2574698925 0 -0 0
13.5761916637 35.2574698925 0 -0 0
16.8182556629 35.2574698925 0 -0 0
20.0603196621 35.2574698925 0 -0 0
23.3023836613 35.2574698925 0 -0 0
26.5444476604 35.2574698925 0 -0 0
29.7865116596 35.2574698925 0 -0 0
33.0285756588 35.2574698925 0 -0 0
36.270639658 35.2574698925 0 -0 0
39.5127036572 35.2574698925 0 -0 0
42.7547676563 35.2574698925 0 -0 0
-35.0547683239 32.0154058933 0 -0 0
-31.8127043247 32.0154058933 0 -0 0
-28.5706403255 32.0154058933 0 -0 0
-25.3285763264 32.0154058933 0 -0 0
-22.0865123272 32.0154058933 0 -0 0
-18.844448328 32.0154058933 0 -0 0
-15.6023843288 32.0154058933 0 -0 0
-12.3603203297 32.0154058933 0 -0 0
-9.1182563305 32.0154058933 0 -0 0
-5.8761923313 32.0154058933 0 -0 0
-2.6341283321 32.0154058933 0 -0 0
0.607935667 32.0154058933 0 -0 0
3.8499996662 32.0154058933 0 -0 0
7.0920636654 32.0154058933 0 -0 0
10.3341276646 32.0154058933 0 -0 0
13.5761916637 32.0154058933 0 -0 0
16.8182556629 32.0154058933 0 -0 0
20.0603196621 32.0154058933 0 -0 0
23.3023836613 32.0154058933 0 -0 0
26.5444476604 32.0154058933 0 -0 0
29.7865116596 32.0154058933 0 -0 0
33.0285756588 32.0154058933 0 -0 0
36.270639658 32.0154058933 0 -0 0
39.5127036572 32.0154058933 0 -0 0
42.7547676563 32.0154058933 0 -0 0
-35.0547683239 28.7733418941 0 -0 0
-31.8127043247 28.7733418941 0 -0 0
-28.5706403255 28.7733418941 0 -0 0
-25.3285763264 28.7733418941 0 -0 0
-22.0865123272 28.7733418941 0 -0 0
-18.844448328 28.7733418941 0 -0 0
-15.6023843288 28.7733418941 0 -0 0
-12.3603203297 28.7733418941 0 -0 0
-9.1182563305 28.7733418941 0 -0 0
-5.8761923313 28.7733418941 0 -0 0
-2.6341283321 28.7733418941 0 -0 0
0.607935667 28.7733418941 0 -0 0
3.8499996662 28.7733418941 0 -0 0
7.0920636654 28.7733418941 0 -0 0
10.3341276646 28.7733418941 0 -0 0
13.5761916637 28.7733418941 0 -0 0
16.8182556629 28.7733418941 0 -0 0
20.0603196621 28.7733418941 0 -0 0
23.3023836613 28.7733418941 0 -0 0
26.5444476604 28.7733418941 0 -0 0
29.7865116596 28.7733418941 0 -0 0
33.0285756588 28.7733418941 0 -0 0
36.270639658 28.7733418941 0 -0 0
39.5127036572 28.7733418941 0 -0 0
42.7547676563 28.7733418941 0 -0 0
-35.0547683239 25.531277895 0 -0 0
-31.8127043247 25.531277895 0 -0 0
-28.5706403255 25.531277895 0 -0 0
-25.3285763264 25.531277895 0 -0 0
-22.0865123272 25.531277895 0 -0 0
-18.844448328 25.531277895 0 -0 0
-15.6023843288 25.531277895 0 -0 0
-12.3603203297 25.531277895 0 -0 0
-9.1182563305 25.531277895 3.1926143941 4.974814723 1
-5.8761923313 25.531277895 3.409771375 4.6416780805 1
-2.6341283321 25.531277895 3.3410532881 4.3154039468 1
0.607935667 25.531277895 2.0894233612 3.9585915277 1
3.8499996662 25.531277895 -2.6299001367 2.9676764005 1
7.0920636654 25.531277895 -7.1766106109 1.3940133995 1
10.3341276646 25.531277895 -8.0651841354 0.3239046915 1
13.5761916637 25.531277895 -5.1380028178 -0.6996277718 1
16.8182556629 25.531277895 0 -0 0
20.0603196621 25.531277895 0 -0 0
23.3023836613 25.531277895 0 -0 0
26.5444476604 25.531277895 0 -0 0
29.7865116596 25.531277895 0 -0 0
33.0285756588 25.531277895 0 -0 0
36.270639658 25.531277895 0 -0 0
39.5127036572 25.531277895 0 -0 0
42.7547676563 25.531277895 0 -0 0
-35.0547683239 22.2892138958 0 -0 0
-31.8127043247 22.2892138958 0 -0 0
-28.5706403255 22.2892138958 0 -0 0
-25.3285763264 22.2892138958 0 -0 0
-22.0865123272 22.2892138958 0 -0 0
-18.844448328 22.2892138958 0 -0 0
-15.6023843288 22.2892138958 -2.351885341 2.6465020458 1
-12.3603203297 22.2892138958 0.325327323 3.9868124181 1
-9.1182563305 22.2892138958 2.6662531968 3.9617845509 1
-5.8761923313 22.2892138958 3.8107444375 4.482314065 1
-2.6341283321 22.2892138958 3.8808526596 5.4353558606 1
0.607935667 22.2892138958 2.9126045249 6.1067307363 1
3.8499996662 22.2892138958 -0.7145748192 4.3964889221 1
7.0920636654 22.2892138958 -4.406286295 1.4915733179 1
10.3341276646 22.2892138958 -4.1615796379 -0.3887622397 1
13.5761916637 22.2892138958 -2.0113300147 -1.6885706221 1
16.8182556629 22.2892138958 -1.0437018398 -3.024781545 1
20.0603196621 22.2892138958 -3.3346473136 -4.6858677102 1
23.3023836613 22.2892138958 0 -0 0
26.5444476604 22.2892138958 0 -0 0
29.7865116596 22.2892138958 0 -0 0
33.0285756588 22.2892138958 0 -0 0
36.270639658 22.2892138958 0 -0 0
39.5127036572 22.2892138958 0 -0 0
42.7547676563 22.2892138958 0 -0 0
-35.0547683239 19.0471498966 0 -0 0
-31.8127043247 19.0471498966 0 -0 0
-28.5706403255 19.0471498966 0 -0 0
-25.3285763264 19.0471498966 0 -0 0
-22.0865123272 19.0471498966 0 -0 0
-18.844448328 19.0471498966 -1.5927753963 -0.7124305116 1
-15.6023843288 19.0471498966 -1.1997054059 1.1330697288 1
-12.3603203297 19.0471498966 0.4016192912 2.4931297422 1
-9.1182563305 19.0471498966 2.5402913746 2.1162218088 1
-5.8761923313 19.0471498966 3.9515898241 1.919670924 1
-2.6341283321 19.0471498966 4.513608712 3.4167172196 1
0.607935667 19.0471498966 3.7732210552 5.4339778031 1
3.8499996662 19.0471498966 0.4588339647 5.1279379255 1
7.0920636654 19.0471498966 -2.12756074 2.9843254124 1
10.3341276646 19.0471498966 -1.4116761774 0.9526747866 1
13.5761916637 19.0471498966 0.184290657 -0.9831211311 1
16.8182556629 19.0471498966 -0.6799071923 -3.3881497012 1
20.0603196621 19.0471498966 -3.8813880005 -5.8184383309 1
23.3023836613 19.0471498966 -5.5921971612 -7.0439849569 1
26.5444476604 19.0471498966 0 -0 0
29.7865116596 19.0471498966 0 -0 0
33.0285756588 19.0471498966 0 -0 0
36.270639658 19.0471498966 0 -0 0
39.5127036572 19.0471498966 0 -0 0
42.7547676563 19.0471498966 0 -0 0
-35.0547683239 15.8050858974 0 -0 0
-31.8127043247 15.8050858974 0 -0 0
-28.5706403255 15.8050858974 0 -0 0
-25.3285763264 15.8050858974 0 -0 0
-22.0865123272 15.8050858974 0.1728521608 0.3043626911 1
-18.844448328 15.8050858974 0.579680458 -0.602518047 1
-15.6023843288 15.8050858974 1.0577598228 0.9553394135 1
-12.3603203297 15.8050858974 1.52759998 2.174357628 1
-9.1182563305 15.8050858974 2.4241595348 0.8329785365 1
-5.8761923313 15.8050858974 4.0697359105 -0.9495872162 1
-2.6341283321 15.8050858974 5.3533976726 0.0956762989 1
0.607935667 15.8050858974 4.7574608767 3.7621525119 1
3.8499996662 15.8050858974 1.5346361048 6.3036359485 1
7.0920636654 15.8050858974 -0.757182506 5.9999409427 1
10.3341276646 15.8050858974 -0.3617319772 3.4537381725 1
13.5761916637 15.8050858974 0.3646155866 1.5058602474 1
16.8182556629 15.8050858974 -1.223913655 -1.3696224764 1
20.0603196621 15.8050858974 -3.5000305175 -4.9698725571 1
23.3023836613 15.8050858974 -3.562336591 -7.7127003386 1
26.5444476604 15.8050858974 -1.489927137 -7.8238851814 1
29.7865116596 15.8050858974 0 -0 0
33.0285756588 15.8050858974 0 -0 0
36.270639658 15.8050858974 0 -0 0
39.5127036572 15.8050858974 0 -0 0
42.7547676563 15.8050858974 0 -0 0
-35.0547683239 12.5630218983 0 -0 0
-31.8127043247 12.5630218983 0 -0 0
-28.5706403255 12.5630218983 0 -0 0
-25.3285763264 12.5630218983 0 -0 0
-22.0865123272 12.5630218983 -0.5530824235 2.5040048925 1
-18.844448328 12.5630218983 1.8979849369 0.7331840303 1
-15.6023843288 12.5630218983 3.2927759847 1.9860904871 1
-12.3603203297 12.5630218983 3.0617315419 3.2419620773 1
-9.1182563305 12.5630218983 3.2561418179 1.6853779008 1
-5.8761923313 12.5630218983 4.415216192 -1.3268407963 1
-2.6341283321 12.5630218983 5.387079765 -2.246926365 1
0.607935667 12.5630218983 4.6566914794 0.2260159219 1
3.8499996662 12.5630218983 1.9949044389 3.7500555585 1
7.0920636654 12.5630218983 0.1850550388 4.8871927309 1
10.3341276646 12.5630218983 0.0283507579 3.7890475805 1
13.5761916637 12.5630218983 -0.3438442157 2.5609275138 1
16.8182556629 12.5630218983 -1.656140376 0.4949444531 1
20.0603196621 12.5630218983 -2.2870906719 -3.1547024141 1
23.3023836613 12.5630218983 -1.2128215603 -6.2043113376 1
26.5444476604 12.5630218983 0.4988522455 -6.1486491678 1
29.7865116596 12.5630218983 0.2518581232 -2.7382413018 1
33.0285756588 12.5630218983 0 -0 0
36.270639658 12.5630218983 0 -0 0
39.5127036572 12.5630218983 0 -0 0
42.7547676563 12.5630218983 0 -0 0
-35.0547683239 9.3209578991 0 -0 0
-31.8127043247 9.3209578991 0 -0 0
-28.5706403255 9.3209578991 0 -0 0
-25.3285763264 9.3209578991 -2.899898859 5.6170861356 1
-22.0865123272 9.3209578991 -0.4313162943 4.3523587747 1
-18.844448328 9.3209578991 2.0923478082 2.7328830616 1
-15.6023843288 9.3209578991 4.2733873845 3.1962645556 1
-12.3603203297 9.3209578991 4.1940421917 3.96063778 1
-9.1182563305 9.3209578991 4.6776561301 2.6488891892 1
-5.8761923313 9.3209578991 4.6466902966 -0.4247761071 1
-2.6341283321 9.3209578991 4.2245765519 -2.5912493077 1
0.607935667 9.3209578991 3.1923891463 -1.7491305724 1
3.8499996662 9.3209578991 1.707532047 0.1314131922 1
7.0920636654 9.3209578991 0.7103234937 0.5825067364 1
10.3341276646 9.3209578991 0.3229332727 0.2206437925 1
13.5761916637 9.3209578991 -0.4720495707 0.7932801242 1
16.8182556629 9.3209578991 -1.0304890645 0.8160591367 1
20.0603196621 9.3209578991 -0.5702444705 -1.3118581953 1
23.3023836613 9.3209578991 0.617882905 -3.7353540644 1
26.5444476604 9.3209578991 1.4683133137 -3.4635439996 1
29.7865116596 9.3209578991 0.1758023104 -0.6194131028 1
33.0285756588 9.3209578991 0 -0 0
36.270639658 9.3209578991 0 -0 0
39.5127036572 9.3209578991 0 -0 0
42.7547676563 9.3209578991 0 -0 0
-35.0547683239 6.0788938999 0 -0 0
-31.8127043247 6.0788938999 0 -0 0
-28.5706403255 6.0788938999 0 -0 0
-25.3285763264 6.0788938999 -0.3789004403 4.4265803353 1
-22.0865123272 6.0788938999 1.1641481862 4.4067654749 1
-18.844448328 6.0788938999 1.8147062112 4.1040043717 1
-15.6023843288 6.0788938999 3.2205399864 4.3477922231 1
-12.3603203297 6.0788938999 4.0467014561 4.556757552 1
-9.1182563305 6.0788938999 5.533557252 3.2732757466 1
-5.8761923313 6.0788938999 4.2469497561 0.7745142058 1
-2.6341283321 6.0788938999 1.9629657524 -1.5260519299 1
0.607935667 6.0788938999 0.7206898739 -2.702065179 1
3.8499996662 6.0788938999 0.5345268824 -2.9758312158 1
7.0920636654 6.0788938999 0.8391472611 -3.5022633692 1
10.3341276646 6.0788938999 0.5975710501 -2.9898841412 1
13.5761916637 6.0788938999 -0.0781105902 -2.0357364878 1
16.8182556629 6.0788938999 -0.233283975 -1.2338248594 1
20.0603196621 6.0788938999 0.2081625063 -1.3290845178 1
23.3023836613 6.0788938999 0.6911581833 -1.6086671408 1
26.5444476604 6.0788938999 0.8699178145 -1.0478143481 1
29.7865116596 6.0788938999 -0.4786949465 -0.2958557564 1
33.0285756588 6.0788938999 -1.3596576774 -0.2206774211 1
36.270639658 6.0788938999 0 -0 0
39.5127036572 6.0788938999 0 -0 0
42.7547676563 6.0788938999 0 -0 0
-35.0547683239 2.8368299007 0 -0 0
-31.8127043247 2.8368299007 0 -0 0
-28.5706403255 2.8368299007 0.1927009895 3.2260561416 1
-25.3285763264 2.8368299007 1.3573150703 2.9276607994 1
-22.0865123272 2.8368299007 1.4463223665 3.3080511663 1
-18.844448328 2.8368299007 0.5423918346 4.1634607287 1
-15.6023843288 2.8368299007 1.4595272914 4.8700563867 1
-12.3603203297 2.8368299007 3.6602429864 4.2374679114 1
-9.1182563305 2.8368299007 5.5204318885 2.3878149291 1
-5.8761923313 2.8368299007 3.0277444894 0.1301485323 1
-2.6341283321 2.8368299007 -0.3454201953 -1.4039680835 1
0.607935667 2.8368299007 -1.71073126 -2.0901341297 1
3.8499996662 2.8368299007 -1.002286517 -2.4836092491 1
7.0920636654 2.8368299007 0.0354448884 -2.9443218889 1
10.3341276646 2.8368299007 0.0950128313 -3.5478319622 1
13.5761916637 2.8368299007 0.0123417271 -3.3244848944 1
16.8182556629 2.8368299007 0.3189503348 -2.5370965397 1
20.0603196621 2.8368299007 0.5268251293 -1.3439920865 1
23.3023836613 2.8368299007 0.2545191269 -0.8497154131 1
26.5444476604 2.8368299007 -0.1251865044 -1.1452018583 1
29.7865116596 2.8368299007 -0.8256374515 -2.1735330278 1
33.0285756588 2.8368299007 -1.1817461223 -3.014893288 1
36.270639658 2.8368299007 0 -0 0
39.5127036572 2.8368299007 0 -0 0
42.7547676563 2.8368299007 0 -0 0
-35.0547683239 -0.4052340984 0 -0 0
-31.8127043247 -0.4052340984 0 -0 0
-28.5706403255 -0.4052340984 -0.6715433586 3.4413507521 1
-25.3285763264 -0.4052340984 -0.2232224984 2.1476322501 1
-22.0865123272 -0.4052340984 -1.7280585817 1.8381961432 1
-18.844448328 -0.4052340984 -2.7353499173 2.7696464591 1
-15.6023843288 -0.4052340984 -1.4677680088 3.7170501154 1
-12.3603203297 -0.4052340984 1.8083077851 3.2661430007 1
-9.1182563305 -0.4052340984 2.868079439 1.6967941288 1
-5.8761923313 -0.4052340984 -0.1617886939 -0.1738169369 1
-2.6341283321 -0.4052340984 -3.180582056 -1.4743189149 1
0.607935667 -0.4052340984 -3.5311467175 -2.0868811713 1
3.8499996662 -0.4052340984 -2.197353434 -1.9182345919 1
7.0920636654 -0.4052340984 -1.2607477821 -1.8928640221 1
10.3341276646 -0.4052340984 -0.9444362583 -2.8152555122 1
13.5761916637 -0.4052340984 -0.0073625228 -3.203206173 1
16.8182556629 -0.4052340984 0.9089247826 -2.5595941435 1
20.0603196621 -0.4052340984 0.5857059872 -0.9351413149 1
23.3023836613 -0.4052340984 -0.3269162106 -0.5205404594 1
26.5444476604 -0.4052340984 -0.7661725648 -1.93566714 1
29.7865116596 -0.4052340984 -0.6233752823 -4.0884181912 1
33.0285756588 -0.4052340984 -0.4800046899 -5.3801049341 1
36.270639658 -0.4052340984 0 -0 0
39.5127036572 -0.4052340984 0 -0 0
42.7547676563 -0.4052340984 0 -0 0
-35.0547683239 -3.6472980976 0 -0 0
-31.8127043247 -3.6472980976 0 -0 0
-28.5706403255 -3.6472980976 -2.2310018599 4.450622366 1
-25.3285763264 -3.6472980976 -3.824017752 3.4529736586 1
-22.0865123272 -3.6472980976 -7.111769443 2.1125674201 1
-18.844448328 -3.6472980976 -7.9760856531 1.4870599079 1
-15.6023843288 -3.6472980976 -5.4498296914 1.1093769681 1
-12.3603203297 -3.6472980976 -1.1449227141 0.9188789381 1
-9.1182563305 -3.6472980976 -0.8723999183 0.6102863781 1
-5.8761923313 -3.6472980976 -4.0079177732 -0.4920952271 1
-2.6341283321 -3.6472980976 -6.1385770289 -2.0447436817 1
0.607935667 -3.6472980976 -5.0340201672 -3.4239251487 1
3.8499996662 -3.6472980976 -3.0931291506 -3.6981036365 1
7.0920636654 -3.6472980976 -2.265245713 -3.2021370008 1
10.3341276646 -3.6472980976 -1.5856177403 -3.082011391 1
13.5761916637 -3.6472980976 0.286554359 -2.317401747 1
16.8182556629 -3.6472980976 1.7395564848 -1.2837629123 1
20.0603196621 -3.6472980976 1.1370878805 -0.172528669 1
23.3023836613 -3.6472980976 -0.1377944737 -0.6482133042 1
26.5444476604 -3.6472980976 -0.4439135257 -2.7917445953 1
29.7865116596 -3.6472980976 0.1012481055 -5.0135259401 1
33.0285756588 -3.6472980976 0.5431977521 -6.1562055365 1
36.270639658 -3.6472980976 0 -0 0
39.5127036572 -3.6472980976 0 -0 0
42.7547676563 -3.6472980976 0 -0 0
-35.0547683239 -6.8893620968 0 -0 0
-31.8127043247 -6.8893620968 0 -0 0
-28.5706403255 -6.8893620968 -3.9341488217 5.3029071437 1
-25.3285763264 -6.8893620968 -6.9556558195 7.2697496641 1
-22.0865123272 -6.8893620968 -11.2256768668 7.0647602907 1
-18.844448328 -6.8893620968 -12.254239172 4.8193433274 1
-15.6023843288 -6.8893620968 -8.7536210779 1.3228234748 1
-12.3603203297 -6.8893620968 -3.7097259391 0.3114396535 1
-9.1182563305 -6.8893620968 -3.0716771676 0.9578236309 1
-5.8761923313 -6.8893620968 -5.8812794435 0.4385929149 1
-2.6341283321 -6.8893620968 -7.1258465237 -1.3380660468 1
0.607935667 -6.8893620968 -5.1354592691 -3.9467029134 1
3.8499996662 -6.8893620968 -2.6927509114 -5.9199707325 1
7.0920636654 -6.8893620968 -1.4657517996 -5.8199142172 1
10.3341276646 -6.8893620968 -0.4054304626 -4.4588330402 1
13.5761916637 -6.8893620968 1.5523843319 -2.1226460507 1
16.8182556629 -6.8893620968 2.6171697117 -0.8467394853 1
20.0603196621 -6.8893620968 2.0161266451 -0.4499104838 1
23.3023836613 -6.8893620968 0.9095496489 -1.3565099453 1
26.5444476604 -6.8893620968 0.3620905318 -3.3761086069 1
29.7865116596 -6.8893620968 0.6258724077 -4.7973309424 1
33.0285756588 -6.8893620968 0.9203439545 -5.2984015842 1
36.270639658 -6.8893620968 0 -0 0
39.5127036572 -6.8893620968 0 -0 0
42.7547676563 -6.8893620968 0 -0 0
-35.0547683239 -10.131426096 0 -0 0
-31.8127043247 -10.131426096 0 -0 0
-28.5706403255 -10.131426096 -5.3433835064 5.2750198979 1
-25.3285763264 -10.131426096 -8.8587598595 10.9622915523 1
-22.0865123272 -10.131426096 -12.7585285019 12.8921469372 1
-18.844448328 -10.131426096 -14.2405272793 9.7860530554 1
-15.6023843288 -10.131426096 -10.2835746859 3.7131333402 1
-12.3603203297 -10.131426096 -5.1121264972 2.7588804604 1
-9.1182563305 -10.131426096 -2.9973819335 3.7971142291 1
-5.8761923313 -10.131426096 -4.7337479615 3.1523986063 1
-2.6341283321 -10.131426096 -5.450570654 0.3988280001 1
0.607935667 -10.131426096 -3.5413432559 -3.0686970126 1
3.8499996662 -10.131426096 -0.9056160406 -5.8863574827 1
7.0920636654 -10.131426096 0.9617614664 -5.9503550282 1
10.3341276646 -10.131426096 1.9416855736 -3.9813578588 1
13.5761916637 -10.131426096 3.0713915317 -1.2686879174 1
16.8182556629 -10.131426096 3.3939961796 -0.725192414 1
20.0603196621 -10.131426096 3.0875809897 -1.5204800666 1
23.3023836613 -10.131426096 2.0076949502 -2.7287754599 1
26.5444476604 -10.131426096 0.6756687748 -3.6217126317 1
29.7865116596 -10.131426096 0.0401900568 -3.599504891 1
33.0285756588 -10.131426096 0.2231273305 -3.1571653446 1
36.270639658 -10.131426096 0 -0 0
39.5127036572 -10.131426096 0 -0 0
42.7547676563 -10.131426096 0 -0 0
-35.0547683239 -13.3734900951 0 -0 0
-31.8127043247 -13.3734900951 0 -0 0
-28.5706403255 -13.3734900951 0 -0 0
-25.3285763264 -13.3734900951 -8.8794802402 9.2130836831 1
-22.0865123272 -13.3734900951 -11.411828158 12.0345495122 1
-18.844448328 -13.3734900951 -12.6703992494 9.7451328399 1
-15.6023843288 -13.3734900951 -10.1618333912 4.6296955626 1
-12.3603203297 -13.3734900951 -5.5974714619 4.5940294177 1
-9.1182563305 -13.3734900951 -2.2287681024 6.2050498846 1
-5.8761923313 -13.3734900951 -2.1066069592 5.1922706253 1
-2.6341283321 -13.3734900951 -2.5982470861 1.9138200675 1
0.607935667 -13.3734900951 -1.4357477982 -1.2895000881 1
3.8499996662 -13.3734900951 0.896660403 -3.3435880805 1
7.0920636654 -13.3734900951 2.909914233 -3.302504817 1
10.3341276646 -13.3734900951 3.1394021714 -1.7870211146 1
13.5761916637 -13.3734900951 3.2767284388 -0.3066966364 1
16.8182556629 -13.3734900951 3.3319141461 -0.8122178468 1
20.0603196621 -13.3734900951 3.3915012434 -2.1761461739 1
23.3023836613 -13.3734900951 2.2344279814 -3.3309458221 1
26.5444476604 -13.3734900951 0.1791869339 -3.1782136329 1
29.7865116596 -13.3734900951 -0.9486703732 -2.0359576593 1
33.0285756588 -13.3734900951 -0.8210404794 -0.7414550927 1
36.270639658 -13.3734900951 0 -0 0
39.5127036572 -13.3734900951 0 -0 0
42.7547676563 -13.3734900951 0 -0 0
-35.0547683239 -16.6155540943 0 -0 0
-31.8127043247 -16.6155540943 0 -0 0
-28.5706403255 -16.6155540943 0 -0 0
-25.3285763264 -16.6155540943 -7.5739984292 3.0128053679 1
-22.0865123272 -16.6155540943 -9.1416336365 4.5160200106 1
-18.844448328 -16.6155540943 -9.9109671433 4.1113774624 1
-15.6023843288 -16.6155540943 -8.7705551218 2.9240701203 1
-12.3603203297 -16.6155540943 -5.3357268933 4.8751087609 1
-9.1182563305 -16.6155540943 -2.2421448316 6.251793329 1
-5.8761923313 -16.6155540943 -1.0649355952 4.7693410367 1
-2.6341283321 -16.6155540943 -0.6119031575 1.9944513769 1
0.607935667 -16.6155540943 0.4087799666 0.4275051229 1
3.8499996662 -16.6155540943 1.5299726303 0.2392401145 1
7.0920636654 -16.6155540943 2.3534113494 0.8616556593 1
10.3341276646 -16.6155540943 1.9946853809 1.3812556488 1
13.5761916637 -16.6155540943 2.4482202858 1.1632313432 1
16.8182556629 -16.6155540943 3.1299740721 -0.1607537732 1
20.0603196621 -16.6155540943 3.2935963577 -1.5909598267 1
23.3023836613 -16.6155540943 2.1423674605 -2.6503385047 1
26.5444476604 -16.6155540943 0.0799893362 -2.4192768513 1
29.7865116596 -16.6155540943 -1.2484474716 -1.1322875513 1
33.0285756588 -16.6155540943 0 -0 0
36.270639658 -16.6155540943 0 -0 0
39.5127036572 -16.6155540943 0 -0 0
42.7547676563 -16.6155540943 0 -0 0
-35.0547683239 -19.8576180935 0 -0 0
-31.8127043247 -19.8576180935 0 -0 0
-28.5706403255 -19.8576180935 0 -0 0
-25.3285763264 -19.8576180935 0 -0 0
-22.0865123272 -19.8576180935 -5.7334915337 -2.8981636056 1
-18.844448328 -19.8576180935 -6.0458848481 -1.7752741105 1
-15.6023843288 -19.8576180935 -6.5012881621 -0.1589931379 1
-12.3603203297 -19.8576180935 -4.7225269381 2.0652853134 1
-9.1182563305 -19.8576180935 -3.0261064609 2.7467083237 1
-5.8761923313 -19.8576180935 -1.4587801391 1.7143148436 1
-2.6341283321 -19.8576180935 0.0801589609 1.0016745586 1
0.607935667 -19.8576180935 1.0395907658 1.1523003339 1
3.8499996662 -19.8576180935 0.4657670522 2.2512013928 1
7.0920636654 -19.8576180935 -0.0334824081 3.2604402461 1
10.3341276646 -19.8576180935 -0.1154642866 3.1560101194 1
13.5761916637 -19.8576180935 1.3015626203 1.946441442 1
16.8182556629 -19.8576180935 2.8050136826 0.4695180997 1
20.0603196621 -19.8576180935 3.051603544 -0.5626199764 1
23.3023836613 -19.8576180935 2.2469500673 -1.6267203281 1
26.5444476604 -19.8576180935 0.5102648125 -2.1161558348 1
29.7865116596 -19.8576180935 -0.7144826518 -1.8185743738 1
33.0285756588 -19.8576180935 0 -0 0
36.270639658 -19.8576180935 0 -0 0
39.5127036572 -19.8576180935 0 -0 0
42.7547676563 -19.8576180935 0 -0 0
-35.0547683239 -23.0996820927 0 -0 0
-31.8127043247 -23.0996820927 0 -0 0
-28.5706403255 -23.0996820927 0 -0 0
-25.3285763264 -23.0996820927 0 -0 0
-22.0865123272 -23.0996820927 -3.218631419 -4.2719247836 1
-18.844448328 -23.0996820927 -3.0596538877 -3.1694935846 1
-15.6023843288 -23.0996820927 -3.3932941674 -1.7711322386 1
-12.3603203297 -23.0996820927 -3.3854657501 -1.0394404748 1
-9.1182563305 -23.0996820927 -3.2773682512 -1.1885310324 1
-5.8761923313 -23.0996820927 -2.2773019044 -0.9732443479 1
-2.6341283321 -23.0996820927 -0.1200548519 0.2055902354 1
0.607935667 -23.0996820927 0.5128344036 1.2366998636 1
3.8499996662 -23.0996820927 -1.3725597558 2.0771245604 1
7.0920636654 -23.0996820927 -2.7533730615 2.9479765795 1
10.3341276646 -23.0996820927 -2.4400440327 2.8016364755 1
13.5761916637 -23.0996820927 -0.4296157641 1.9322123342 1
16.8182556629 -23.0996820927 1.3992013452 1.4971471438 1
20.0603196621 -23.0996820927 2.0464183959 1.2882740578 1
23.3023836613 -23.0996820927 1.9278280038 0.3149072729 1
26.5444476604 -23.0996820927 0.8790983979 -1.267406481 1
29.7865116596 -23.0996820927 0 -0 0
33.0285756588 -23.0996820927 0 -0 0
36.270639658 -23.0996820927 0 -0 0
39.5127036572 -23.0996820927 0 -0 0
42.7547676563 -23.0996820927 0 -0 0
-35.0547683239 -26.3417460918 0 -0 0
-31.8127043247 -26.3417460918 0 -0 0
-28.5706403255 -26.3417460918 0 -0 0
-25.3285763264 -26.3417460918 0 -0 0
-22.0865123272 -26.3417460918 0 -0 0
-18.844448328 -26.3417460918 -0.8172880355 -2.7241397638 1
-15.6023843288 -26.3417460918 -1.6840037685 -2.5235895231 1
-12.3603203297 -26.3417460918 -3.1688543761 -2.9074814966 1
-9.1182563305 -26.3417460918 -3.9434199118 -3.1707073863 1
-5.8761923313 -26.3417460918 -3.0155340063 -2.1640792636 1
-2.6341283321 -26.3417460918 -0.9574135199 -0.4708299944 1
0.607935667 -26.3417460918 -0.6868660203 0.4938923783 1
3.8499996662 -26.3417460918 -2.8694085821 0.7943988146 1
7.0920636654 -26.3417460918 -4.2471837602 1.1331156238 1
10.3341276646 -26.3417460918 -3.9164433192 1.186605028 1
13.5761916637 -26.3417460918 -1.891453355 1.2427483403 1
16.8182556629 -26.3417460918 -0.4038930936 1.8899826017 1
20.0603196621 -26.3417460918 0.5653506151 2.1473434437 1
23.3023836613 -26.3417460918 0.9503306697 1.2213005844 1
26.5444476604 -26.3417460918 0 -0 0
29.7865116596 -26.3417460918 0 -0 0
33.0285756588 -26.3417460918 0 -0 0
36.270639658 -26.3417460918 0 -0 0
39.5127036572 -26.3417460918 0 -0 0
42.7547676563 -26.3417460918 0 -0 0
-35.0547683239 -29.583810091 0 -0 0
-31.8127043247 -29.583810091 0 -0 0
-28.5706403255 -29.583810091 0 -0 0
-25.3285763264 -29.583810091 0 -0 0
-22.0865123272 -29.583810091 0 -0 0
-18.844448328 -29.583810091 0 -0 0
-15.6023843288 -29.583810091 -1.3093250635 -2.6957971914 1
-12.3603203297 -29.583810091 -3.3506547014 -3.1401138457 1
-9.1182563305 -29.583810091 -4.1083580551 -3.2711437431 1
-5.8761923313 -29.583810091 -3.1944825014 -2.3984304103 1
-2.6341283321 -29.583810091 -1.276988721 -1.4249905558 1
0.607935667 -29.583810091 -1.1139224593 -0.8472569362 1
3.8499996662 -29.583810091 -2.3176035943 -0.9783588464 1
7.0920636654 -29.583810091 -3.3155486566 -1.0437433567 1
10.3341276646 -29.583810091 -3.4530080798 -0.9482324081 1
13.5761916637 -29.583810091 -2.5296008611 -0.2942131988 1
16.8182556629 -29.583810091 -1.9683185576 1.2286423487 1
20.0603196621 -29.583810091 -1.2330674411 2.3676484587 1
23.3023836613 -29.583810091 0 -0 0
26.5444476604 -29.583810091 0 -0 0
29.7865116596 -29.583810091 0 -0 0
33.0285756588 -29.583810091 0 -0 0
36.270639658 -29.583810091 0 -0 0
39.5127036572 -29.583810091 0 -0 0
42.7547676563 -29.583810091 0 -0 0
-35.0547683239 -32.8258740902 0 -0 0
-31.8127043247 -32.8258740902 0 -0 0
-28.5706403255 -32.8258740902 0 -0 0
-25.3285763264 -32.8258740902 0 -0 0
-22.0865123272 -32.8258740902 0 -0 0
-18.844448328 -32.8258740902 0 -0 0
-15.6023843288 -32.8258740902 0 -0 0
-12.3603203297 -32.8258740902 0 -0 0
-9.1182563305 -32.8258740902 -4.0241087409 -2.3689480116 1
-5.8761923313 -32.8258740902 -2.5029464392 -2.710649354 1
-2.6341283321 -32.8258740902 -0.5550384711 -2.4985371988 1
0.607935667 -32.8258740902 0.0789307981 -2.3162981536 1
3.8499996662 -32.8258740902 -0.2668801841 -2.3417353014 1
7.0920636654 -32.8258740902 -1.0403122532 -2.7489677462 1
10.3341276646 -32.8258740902 -1.7589028841 -2.5019923065 1
13.5761916637 -32.8258740902 -2.0959481494 -1.5017487205 1
16.8182556629 -32.8258740902 -2.2812460052 -0.0554980649 1
20.0603196621 -32.8258740902 0 -0 0
23.3023836613 -32.8258740902 0 -0 0
26.5444476604 -32.8258740902 0 -0 0
29.7865116596 -32.8258740902 0 -0 0
33.0285756588 -32.8258740902 0 -0 0
36.270639658 -32.8258740902 0 -0 0
39.5127036572 -32.8258740902 0 -0 0
42.7547676563 -32.8258740902 0 -0 0
-35.0547683239 -36.0679380894 0 -0 0
-31.8127043247 -36.0679380894 0 -0 0
-28.5706403255 -36.0679380894 0 -0 0
-25.3285763264 -36.0679380894 0 -0 0
-22.0865123272 -36.0679380894 0 -0 0
-18.844448328 -36.0679380894 0 -0 0
-15.6023843288 -36.0679380894 0 -0 0
-12.3603203297 -36.0679380894 0 -0 0
-9.1182563305 -36.0679380894 0 -0 0
-5.8761923313 -36.0679380894 0 -0 0
-2.6341283321 -36.0679380894 0 -0 0
0.607935667 -36.0679380894 0 -0 0
3.8499996662 -36.0679380894 0 -0 0
7.0920636654 -36.0679380894 0 -0 0
10.3341276646 -36.0679380894 0 -0 0
13.5761916637 -36.0679380894 0 -0 0
16.8182556629 -36.0679380894 0 -0 0
20.0603196621 -36.0679380894 0 -0 0
23.3023836613 -36.0679380894 0 -0 0
26.5444476604 -36.0679380894 0 -0 0
29.7865116596 -36.0679380894 0 -0 0
33.0285756588 -36.0679380894 0 -0 0
36.270639658 -36.0679380894 0 -0 0
39.5127036572 -36.0679380894 0 -0 0
42.7547676563 -36.0679380894 0 -0 0
-35.0547683239 -39.3100020885 0 -0 0
-31.8127043247 -39.3100020885 0 -0 0
-28.5706403255 -39.3100020885 0 -0 0
-25.3285763264 -39.3100020885 0 -0 0
-22.0865123272 -39.3100020885 0 -0 0
-18.844448328 -39.3100020885 0 -0 0
-15.6023843288 -39.3100020885 0 -0 0
-12.3603203297 -39.3100020885 0 -0 0
-9.1182563305 -39.3100020885 0 -0 0
-5.8761923313 -39.3100020885 0 -0 0
-2.6341283321 -39.3100020885 0 -0 0
0.607935667 -39.3100020885 0 -0 0
3.8499996662 -39.3100020885 0 -0 0
7.0920636654 -39.3100020885 0 -0 0
10.3341276646 -39.3100020885 0 -0 0
13.5761916637 -39.3100020885 0 -0 0
16.8182556629 -39.3100020885 0 -0 0
20.0603196621 -39.3100020885 0 -0 0
23.3023836613 -39.3100020885 0 -0 0
26.5444476604 -39.3100020885 0 -0 0
29.7865116596 -39.3100020885 0 -0 0
33.0285756588 -39.3100020885 0 -0 0
36.270639658 -39.3100020885 0 -0 0
39.5127036572 -39.3100020885 0 -0 0
42.7547676563 -39.3100020885 0 -0 0
-35.0547683239 -42.5520660877 0 -0 0
-31.8127043247 -42.5520660877 0 -0 0
-28.5706403255 -42.5520660877 0 -0 0
-25.3285763264 -42.5520660877 0 -0 0
-22.0865123272 -42.5520660877 0 -0 0
-18.844448328 -42.5520660877 0 -0 0
-15.6023843288 -42.5520660877 0 -0 0
-12.3603203297 -42.5520660877 0 -0 0
-9.1182563305 -42.5520660877 0 -0 0
-5.8761923313 -42.5520660877 0 -0 0
-2.6341283321 -42.5520660877 0 -0 0
0.607935667 -42.5520660877 0 -0 0
3.8499996662 -42.5520660877 0 -0 0
7.0920636654 -42.5520660877 0 -0 0
10.3341276646 -42.5520660877 0 -0 0
13.5761916637 -42.5520660877 0 -0 0
16.8182556629 -42.5520660877 0 -0 0
20.0603196621 -42.5520660877 0 -0 0
23.3023836613 -42.5520660877 0 -0 0
26.5444476604 -42.5520660877 0 -0 0
29.7865116596 -42.5520660877 0 -0 0
33.0285756588 -42.5520660877 0 -0 0
36.270639658 -42.5520660877 0 -0 0
39.5127036572 -42.5520660877 0 -0 0
42.7547676563 -42.5520660877 0 -0 0
