,0,1,2,3,4,5,6,7,8,9,10,11,12,13,14,15,16,17,18,19,20,21,22,23,24
0,0.0,0.0,0.0,0.0,0.0,0.0,0.0,0.0,0.0,0.0,0.0,0.0,0.0,0.0,0.0,0.0,0.0,0.0,0.0,0.0,0.0,0.0,0.0,0.0,0.0
1,0.0,0.0,0.0,0.0,0.0,0.0,0.0,0.0,0.0,0.0,0.0,0.0,0.0,0.0,0.0,0.0,0.0,0.0,0.0,0.0,0.0,0.0,0.0,0.0,0.0
2,0.0,0.0,0.0,0.0,0.0,0.0,0.0,0.0,0.0,0.0,0.0,0.0,0.0,0.0,0.0,0.0,0.0,0.0,0.0,0.0,0.0,0.0,0.0,0.0,0.0
3,0.0,0.0,0.0,0.0,0.0,0.0,0.0,0.0,0.8523134621,1.618528978,1.8509015072,2.3908885348,3.021816487,3.6687392966,4.2519015841,4.3293699133,4.4044444565,0.0,0.0,0.0,0.0,0.0,0.0,0.0,0.0
4,0.0,0.0,0.0,0.0,0.0,0.0,-1.909364781,-0.9581993961,0.4387529057,2.2195718936,3.4324966421,4.6907365045,5.6327912807,6.1027692739,6.4627037601,6.1350382836,5.4963388298,4.5005573239,0.0,0.0,0.0,0.0,0.0,0.0,0.0
5,0.0,0.0,0.0,0.0,0.0,-2.0072397746,-2.6816117139,-1.590270496,0.5690871694,2.9087052623,4.4697041143,5.7304884312,7.0304254025,8.2025955501,8.5183548997,7.8116046481,6.3420820617,4.9526942432,3.7575029266,0.0,0.0,0.0,0.0,0.0,0.0
6,0.0,0.0,0.0,0.0,-0.7152997789,-1.5629353488,-2.1966556489,-1.3071580349,1.0717162027,3.1950727955,4.1040191668,4.5699321319,5.7492908843,7.4417713369,8.1356432125,7.621484044,6.1751855308,4.7617294128,3.4331322274,2.1847303488,0.0,0.0,0.0,0.0,0.0
7,0.0,0.0,0.0,0.0,0.082787789,-0.1428015945,-0.7438724302,-0.436503787,1.4591815693,3.0588673321,3.4163114112,2.7950103862,2.9687993181,4.4884184007,5.5571370114,5.8062284517,4.9447574291,4.0263186451,2.828608539,1.6098471252,0.5465705056,0.0,0.0,0.0,0.0
8,0.0,0.0,0.0,-1.5244434916,-0.2351949201,0.5666480167,0.7358164251,0.7806700225,1.7440203765,2.6117480639,2.451724308,1.3933139538,0.8713392005,1.8250553807,3.0756150786,4.0193081853,3.9431539021,3.5253579098,2.6586738805,1.6156797143,0.5825833161,0.0,0.0,0.0,0.0
9,0.0,0.0,0.0,-3.0270270782,-1.7446238051,-0.0925973054,0.936785986,1.4046486579,1.8589865741,2.1505588106,1.7703056758,0.8400598015,0.3612681962,0.8380865433,1.901254955,3.038424435,3.6579735999,3.7584250536,3.0772576362,2.0533687696,0.8312801199,-0.1866056365,0.0,0.0,0.0
10,0.0,0.0,-4.3300903439,-4.0728009109,-3.2754572683,-1.4483772241,0.2695426219,1.5160226666,1.8857075739,1.8640064897,1.404418881,0.6990359679,0.3181601936,0.5619049807,1.4906757991,2.6146101601,3.3615680471,3.4591317397,2.8935230786,1.8448026063,0.6459910204,-0.4492684823,0.0,0.0,0.0
11,0.0,0.0,-3.872959325,-3.7894038706,-3.3614671989,-1.8504022482,-0.3336990072,0.9569991063,1.343964157,1.2719772598,0.9640073771,0.4752616917,0.1423270758,0.194276988,1.0414222628,2.0768648914,2.5824483393,2.2221892668,1.4608734942,0.5257171955,-0.2998708887,-0.9254921195,0.0,0.0,0.0
12,0.0,0.0,-2.3699631364,-2.2741541723,-1.9539436124,-1.6035247883,-1.2562430528,-0.6221965057,6.22669e-05,0.2020775325,0.1928255212,0.236339351,0.1300841152,0.1364353441,0.7187552641,1.4590269756,1.6854573112,1.1106651982,0.2418209717,-0.631171543,-0.9761902326,-0.9235138038,0.0,0.0,0.0
13,0.0,0.0,-0.0888935023,-0.7830382946,-1.2729434701,-2.0103293831,-2.2219510356,-2.2119625343,-1.6152180469,-1.0806890509,-0.5675433464,0.2997485084,0.5853152004,0.5577631842,0.6512278805,0.9162529596,1.1500264937,0.9142904958,0.1199689686,-0.7481044315,-0.8323644646,-0.2465432681,0.0,0.0,0.0
14,0.0,0.0,1.904805778,0.0297184833,-1.6666227014,-2.7351204424,-2.6492563492,-2.6968367733,-2.2016606185,-1.5436670011,-0.5624353396,0.5706974948,0.9765874356,1.1058770976,0.9017727125,0.7557633091,0.8253518911,0.8581557888,0.2452198808,-0.583384931,-0.4938214977,0.3251319296,0.0,0.0,0.0
15,0.0,0.0,0.0,-0.8450523915,-2.9115933254,-3.1414245704,-2.020335095,-1.4649638852,-1.1561243377,-0.687293342,0.0279191855,0.5382929514,0.7380473142,1.1058706813,1.0088695798,0.7544170308,0.5866227925,0.4615651318,-0.2097750018,-1.0449650844,-0.9407839832,0.0094853253,0.0,0.0,0.0
16,0.0,0.0,0.0,-2.4370030367,-3.4860289219,-2.6459884446,-1.1968426304,-0.4944613479,-0.5017594818,-0.3116328955,-0.2928390288,-0.5251804204,-0.3501116749,0.1950649779,0.5345633795,0.3531262512,-0.0561067586,-0.6467554589,-1.3766522605,-2.0278929734,-1.8008964989,0.0,0.0,0.0,0.0
17,0.0,0.0,0.0,0.0,-3.2224482518,-2.315119377,-1.641799701,-1.4734085636,-1.565731018,-1.2418830536,-1.315501865,-1.5255022468,-1.1883678335,-0.8655805869,-0.5903974667,-0.9744102165,-1.6546780771,-2.3763491828,-2.7906431155,-2.9516457633,-2.6392557702,0.0,0.0,0.0,0.0
18,0.0,0.0,0.0,0.0,-2.8330742424,-2.55538358,-2.7980850487,-3.2861716352,-3.265331384,-2.3019574786,-1.5342025179,-1.1612044905,-1.0960367737,-1.7712912103,-2.422879759,-3.1208787115,-3.8159767684,-4.2726572918,-4.2798715617,-3.7536359717,0.0,0.0,0.0,0.0,0.0
19,0.0,0.0,0.0,0.0,0.0,-3.1889122988,-3.8781681045,-4.3737099096,-3.9361884314,-2.2249612337,-0.5922890877,0.0512263254,-0.6803989028,-2.2875781552,-3.7638832362,-4.6820363843,-5.5700993269,-5.8714162476,-5.5577928267,0.0,0.0,0.0,0.0,0.0,0.0
20,0.0,0.0,0.0,0.0,0.0,0.0,-4.2659816842,-4.3057107435,-3.2276706187,-1.1386295144,0.5372687685,0.8050357336,-0.5255196508,-2.5205957807,-4.4021681253,-5.4797804002,-6.2835629288,-6.5979532792,0.0,0.0,0.0,0.0,0.0,0.0,0.0
21,0.0,0.0,0.0,0.0,0.0,0.0,0.0,0.0,-2.6441040326,-0.3850753547,0.7403742204,0.1514309285,-1.5737226343,-3.1027187882,-4.3302168571,-5.5180731275,-6.4740983994,0.0,0.0,0.0,0.0,0.0,0.0,0.0,0.0
22,0.0,0.0,0.0,0.0,0.0,0.0,0.0,0.0,0.0,0.0,0.0,0.0,0.0,0.0,0.0,0.0,0.0,0.0,0.0,0.0,0.0,0.0,0.0,0.0,0.0
23,0.0,0.0,0.0,0.0,0.0,0.0,0.0,0.0,0.0,0.0,0.0,0.0,0.0,0.0,0.0,0.0,0.0,0.0,0.0,0.0,0.0,0.0,0.0,0.0,0.0
24,0.0,0.0,0.0,0.0,0.0,0.0,0.0,0.0,0.0,0.0,0.0,0.0,0.0,0.0,0.0,0.0,0.0,0.0,0.0,0.0,0.0,0.0,0.0,0.0,0.0
