,0,1,2,3,4,5,6,7,8,9,10,11,12,13,14,15,16,17,18,19,20,21,22,23,24
0,0.0,0.0,0.0,0.0,0.0,0.0,0.0,0.0,0.0,0.0,0.0,0.0,0.0,0.0,0.0,0.0,0.0,0.0,0.0,0.0,0.0,0.0,0.0,0.0,0.0
1,0.0,0.0,0.0,0.0,0.0,0.0,0.0,0.0,0.0,0.0,0.0,0.0,0.0,0.0,0.0,0.0,0.0,0.0,0.0,0.0,0.0,0.0,0.0,0.0,0.0
2,0.0,0.0,0.0,0.0,0.0,0.0,0.0,0.0,0.0,0.0,0.0,0.0,0.0,0.0,0.0,0.0,0.0,0.0,0.0,0.0,0.0,0.0,0.0,0.0,0.0
3,0.0,0.0,0.0,0.0,0.0,0.0,0.0,0.0,-0.8682633638381958,-2.2870805263519287,-1.1834501028060913,0.5380394458770752,1.277763843536377,0.6041393876075745,-0.21240022778511047,0.1966271549463272,0.0,0.0,0.0,0.0,0.0,0.0,0.0,0.0,0.0
4,0.0,0.0,0.0,0.0,0.0,0.0,8.475512504577637,6.340129375457764,2.9758758544921875,0.29544031620025635,-0.7250106334686279,0.2077581137418747,1.0645605325698853,0.38698476552963257,-0.11627326905727386,0.1318693459033966,0.7842978835105896,1.9817485809326172,0.0,0.0,0.0,0.0,0.0,0.0,0.0
5,0.0,0.0,0.0,0.0,0.0,11.235008239746094,10.045856475830078,8.620944023132324,7.023540496826172,4.052845478057861,2.0186219215393066,1.9075871706008911,0.6559165120124817,0.019014501944184303,-0.3607572615146637,-1.1255334615707397,-0.644109845161438,0.30842217803001404,2.005549430847168,0.0,0.0,0.0,0.0,0.0,0.0
6,0.0,0.0,0.0,0.0,13.993524551391602,10.360090255737305,9.383338928222656,11.479002952575684,10.643636703491211,6.937087059020996,2.6946940422058105,1.1177418231964111,0.732395350933075,1.0227739810943604,0.018582798540592194,-1.534674882888794,-2.4570276737213135,-1.4637963771820068,-0.226654052734375,-0.2118649184703827,0.0,0.0,0.0,0.0,0.0
7,0.0,0.0,0.0,0.0,12.4986572265625,11.32371711730957,11.659371376037598,12.83046817779541,11.979425430297852,8.352767944335938,3.8501458168029785,2.290987730026245,1.8461397886276245,1.7134689092636108,0.4741976261138916,-1.9919744729995728,-3.794178009033203,-4.489687442779541,-3.4195542335510254,-2.9536807537078857,-5.38810396194458,0.0,0.0,0.0,0.0
8,0.0,0.0,0.0,13.621306419372559,12.64213752746582,12.535930633544922,13.052298545837402,13.458922386169434,12.433101654052734,8.216888427734375,4.871386528015137,3.3152318000793457,3.126492738723755,2.630185604095459,0.8261315226554871,-1.4104992151260376,-5.2936882972717285,-6.212495803833008,-5.513671875,-7.397249698638916,-8.937246322631836,0.0,0.0,0.0,0.0
9,0.0,0.0,0.0,14.214962005615234,13.46021842956543,13.90494155883789,13.421136856079102,14.248270034790039,10.272324562072754,7.49503231048584,6.574759006500244,5.014354228973389,3.767666816711426,2.6152610778808594,0.40378859639167786,-0.889313817024231,-4.483617305755615,-5.744275093078613,-7.380731582641602,-8.810222625732422,-9.82651138305664,-12.33707332611084,0.0,0.0,0.0
10,0.0,0.0,11.05215072631836,12.207540512084961,13.452577590942383,13.20520305633545,12.935215950012207,12.69941234588623,10.537575721740723,8.033506393432617,6.134119033813477,4.596616744995117,2.0356292724609375,0.5480083227157593,-0.38912254571914673,-1.7461220026016235,-3.010671377182007,-4.983283996582031,-6.849684715270996,-8.44925594329834,-9.996509552001953,-11.299055099487305,0.0,0.0,0.0
11,0.0,0.0,10.694879531860352,10.77194595336914,14.894756317138672,13.35429573059082,14.078261375427246,13.287576675415039,11.575664520263672,9.129780769348145,5.240342140197754,2.9549098014831543,0.41556045413017273,-2.4617903232574463,-2.9321329593658447,-2.692821502685547,-2.742877960205078,-3.414726734161377,-5.102318286895752,-7.450130462646484,-9.916458129882812,-10.465876579284668,0.0,0.0,0.0
12,0.0,0.0,11.183947563171387,10.046674728393555,12.464621543884277,11.970937728881836,11.838273048400879,11.814397811889648,10.689497947692871,7.774786949157715,4.6931586265563965,1.3649258613586426,-0.12423519045114517,-2.942312240600586,-4.092727184295654,-4.537967205047607,-3.860506057739258,-3.1019585132598877,-3.8876049518585205,-5.910159111022949,-8.57177448272705,-10.411776542663574,0.0,0.0,0.0
13,0.0,0.0,10.063423156738281,10.32296085357666,9.986409187316895,8.668381690979004,9.234578132629395,8.59525203704834,8.328697204589844,6.504168510437012,4.8770976066589355,4.323744773864746,0.05154623091220856,-0.9527997970581055,-3.342824935913086,-4.367259502410889,-4.013190269470215,-3.5007102489471436,-3.7858457565307617,-5.512704849243164,-7.833539962768555,-10.397233009338379,0.0,0.0,0.0
14,0.0,0.0,9.883235931396484,9.517888069152832,8.453335762023926,6.521780014038086,5.189245223999023,6.137697219848633,6.129345893859863,5.611039161682129,5.820684432983398,4.323150157928467,1.854093313217163,-0.5126787424087524,-2.6264984607696533,-3.2959277629852295,-3.8957014083862305,-4.269079685211182,-5.071530342102051,-5.762905597686768,-7.762188911437988,-9.910591125488281,0.0,0.0,0.0
15,0.0,0.0,0.0,7.471503257751465,7.912137031555176,7.381112575531006,6.064842224121094,5.412128925323486,6.760112762451172,6.3555426597595215,5.972995281219482,4.3919782638549805,2.4339888095855713,0.7632170915603638,-1.0968538522720337,-2.208395004272461,-2.2298691272735596,-5.298027992248535,-5.9099345207214355,-5.231863021850586,-6.31661319732666,-8.932764053344727,0.0,0.0,0.0
16,0.0,0.0,0.0,4.796688079833984,8.750166893005371,9.6505708694458,6.925262451171875,7.181840419769287,7.240567684173584,6.647909164428711,5.431704044342041,2.9764060974121094,1.3062665462493896,0.9856241941452026,-0.18373337388038635,-0.44963863492012024,-2.720187187194824,-5.952183723449707,-6.581578254699707,-6.440922260284424,-7.105795860290527,0.0,0.0,0.0,0.0
17,0.0,0.0,0.0,0.0,7.182949542999268,8.625380516052246,8.602522850036621,8.995606422424316,7.310366630554199,5.902778148651123,3.5132064819335938,1.6291519403457642,-0.17501863837242126,-0.2517431378364563,0.03796393424272537,-0.2415013611316681,-3.3079564571380615,-3.880817174911499,-6.681417465209961,-6.520276069641113,-6.404677391052246,0.0,0.0,0.0,0.0
18,0.0,0.0,0.0,0.0,6.565605640411377,6.350627422332764,7.044743537902832,7.874678611755371,6.888007164001465,5.3166117668151855,2.2452824115753174,0.44602856040000916,-0.6761532425880432,-0.529379665851593,-0.34377869963645935,-0.08328849077224731,-3.6854395866394043,-4.9839959144592285,-7.574794292449951,-7.030118942260742,0.0,0.0,0.0,0.0,0.0
19,0.0,0.0,0.0,0.0,0.0,3.985470771789551,4.2916646003723145,5.747047424316406,4.7154107093811035,3.2297940254211426,1.4787578582763672,-0.4115927815437317,-0.901952862739563,-0.6841534972190857,-0.9288647174835205,-0.861872136592865,-4.182016849517822,-5.3035569190979,-6.82245397567749,0.0,0.0,0.0,0.0,0.0,0.0
20,0.0,0.0,0.0,0.0,0.0,0.0,3.4345133304595947,4.89975118637085,2.976186513900757,1.179103136062622,-0.285452663898468,-1.5270938873291016,-1.9352936744689941,-1.7623097896575928,-2.1983306407928467,-1.7628824710845947,-4.572922706604004,-5.9364094734191895,0.0,0.0,0.0,0.0,0.0,0.0,0.0
21,0.0,0.0,0.0,0.0,0.0,0.0,0.0,0.0,3.0469396114349365,0.4698198735713959,-1.1553086042404175,-2.0437021255493164,-2.0237972736358643,-1.5990710258483887,-2.376539945602417,-3.2253785133361816,0.0,0.0,0.0,0.0,0.0,0.0,0.0,0.0,0.0
22,0.0,0.0,0.0,0.0,0.0,0.0,0.0,0.0,0.0,0.0,0.0,0.0,0.0,0.0,0.0,0.0,0.0,0.0,0.0,0.0,0.0,0.0,0.0,0.0,0.0
23,0.0,0.0,0.0,0.0,0.0,0.0,0.0,0.0,0.0,0.0,0.0,0.0,0.0,0.0,0.0,0.0,0.0,0.0,0.0,0.0,0.0,0.0,0.0,0.0,0.0
24,0.0,0.0,0.0,0.0,0.0,0.0,0.0,0.0,0.0,0.0,0.0,0.0,0.0,0.0,0.0,0.0,0.0,0.0,0.0,0.0,0.0,0.0,0.0,0.0,0.0
