,0,1,2,3,4,5,6,7,8,9,10,11,12,13,14,15,16,17,18,19,20,21,22,23,24
0,,,,,,,,,,,,,,,,,,,,,,,,,
1,,,,,,,,,,,,,,,,,,,,,,,,,
2,,,,,,,,,,,,,,,,,,,,,,,,,
3,,,,,,,,,0.9949322480379733,0.9997764471083457,0.9932441693003021,0.9782468283280044,0.9989494948810921,0.9989987010294538,0.996797187223603,0.9792143857257212,,,,,,,,,
4,,,,,,,0.9998772348140552,0.9963652503010237,0.9999440401651974,0.9988168663593495,0.9943895703617109,0.9753504041956823,0.9275269092070537,0.9979903245646684,0.9993681706287676,0.995039385603732,0.9999308222093861,0.9928674268334653,,,,,,,
5,,,,,,0.9999169303936888,0.9997591734623016,0.9996585604603276,0.99864642421654,0.9999844043515854,0.9939826180637549,0.9976439814234601,0.9996875323302294,0.9444267162590015,0.9971021507185492,0.9958326786130458,0.9891828798675206,0.9980265941493511,0.9994274880261425,,,,,,
6,,,,,0.9995826872351021,0.9996242624431654,0.9833165849286089,0.9994636476145002,0.9950814485200722,0.9993593154623025,0.9668160567778695,0.9174109673894558,0.863155086152455,0.9708054565076719,0.9202197951686016,0.9991738268227318,0.9978998545718377,0.9449785805404138,0.9630858231597085,0.9963313494875857,,,,,
7,,,,,0.9890766431570046,0.9998976913859426,0.9989936408866523,0.9997549842097593,0.9949844901937445,0.9610806041707132,0.9298701353564038,0.9306132242914559,0.9936816465281916,0.986689210797884,0.8661654145096617,0.5409691419686841,0.9910270083258943,0.758378453476954,0.9828862320000268,0.9980012918056121,0.9999951663317896,,,,
8,,,,0.9715665730558349,0.9934748242570755,0.9964953228275308,0.9987212623494687,0.997106780107102,0.957776631843244,0.9871685964698671,0.9999930990412847,0.9999596007112346,0.8469471064279661,0.9992729442010114,0.9801155382380424,0.9960980741488712,0.9441596974834844,0.9935924668881551,0.9965494384311826,0.9999506133883628,0.9990591936095314,,,,
9,,,,0.9968852011421444,0.9999994651001757,0.9992886392916451,0.9763168305897815,0.9744218324749606,0.9940900495988679,0.9996308871308694,0.9947718234126266,0.985525346294602,0.960533523921088,0.9882596629305902,0.988246771220674,0.9956221678142196,0.9983436789677461,0.9998898966662221,0.9998921360747763,0.9997636974758064,0.9999884169266592,0.9999543872985482,,,
10,,,0.997525159536457,0.9994595284240231,0.999718487101846,0.9986754123044613,0.99621514695763,0.9738386605753125,0.9941627630717732,0.9972647519343174,0.9950118903369772,0.9999360014378584,0.9983345205663284,0.9999325936474371,0.9979862319680948,0.9999178076838326,0.9993992449873689,0.9997996298502039,0.9996916831255306,0.9998225805426223,0.9998675317333999,0.9999316052243259,,,
11,,,0.9986044159848254,0.9999514459553807,0.9982522843298938,0.99826736826578,0.9999973211835907,0.9933949188046707,0.973799555617446,0.9833722390898603,0.9775762625512741,0.9780140724410766,0.9999897811021925,0.9982268812019054,0.9999788579909452,0.9997962911730395,0.999882207163593,0.999992058100835,0.9995645740788477,0.9999997620870759,0.9990511501527009,0.9998945384912734,,,
12,,,0.9991965581643949,0.9979827791568375,0.9927469953746363,0.9878352969486253,0.9999902038924436,0.9958107563864773,0.9982128106188483,0.9999653921674652,0.9981711081436163,0.9967181936593636,0.988333095686449,0.9970258887313364,0.9993047140031369,0.9991109780453615,0.9999855583365405,0.9995589417365278,0.9995361958532374,0.9984107774376552,0.9981185459876594,0.9975960240704057,,,
13,,,0.9874386325665153,0.9976244792419746,0.9983780427080334,0.9889534525185586,0.9995063987988249,0.9990330547674502,0.9998106234634099,0.9999503146554655,0.9982282206179564,0.9962783598416052,0.9814732828389476,0.9893044356139598,0.9988264245738773,0.9999056988700421,0.9995836360299938,0.999060097140097,0.9999125081111133,0.9999017658883373,0.9999549318553832,0.999998909586383,,,
14,,,-0.610165925639573,0.9982801208884662,0.9742958139376351,0.9940431674014515,0.9693869707216531,0.9769591571389842,0.9977073160509298,0.9979379374004199,0.998227671559326,0.9938470303609046,0.9995585211192373,0.9972286847573417,0.3527662427410302,0.99953122098335,0.9998041173111072,0.9999937242002913,0.9999826843315868,0.9997539103058727,0.9997796669909844,0.9996948363953169,,,
15,,,,0.9999195832473607,0.9995786732292922,0.9997098834367419,0.999721681508135,0.9999713754385426,0.9999874904095546,0.9997451860573343,0.9942230920488082,0.9827351215910338,0.9968086458303087,0.9986344593338694,0.9977781743199818,0.9871356543013639,0.9998983359694487,0.9987338234234877,0.995272234783816,0.9836558122492022,0.9994991617088586,0.9996572035383979,,,
16,,,,0.9878929583042381,0.977391434628332,0.9891223314188102,0.9934924012356887,0.9930363898930871,0.9910129044219831,0.9987853089065465,0.9995719170673635,0.9714718522690694,0.948563314402176,0.9967330923893079,0.9983218000826988,0.9916342017962069,0.9993815834959805,0.9983750097580224,0.9999999133328169,0.9995861500177395,0.999095959823993,,,,
17,,,,,0.9995324136778985,0.9994928433292958,0.9992000315930627,0.9969913199959923,0.9999999905266596,0.996161424607541,0.9999403969161595,0.9999396117377559,0.9944630443389122,0.963923566860203,0.9725989972813235,0.9792193367304232,0.999995474327024,0.9001905576008239,0.9995479603155765,0.9977446418160605,0.99548158748025,,,,
18,,,,,0.9997075246064439,0.9996149263246569,0.9999999767877301,0.9995796914948915,0.9968420731886742,0.9952053877131108,0.9961217092914038,0.9995079417214188,0.999612406622007,0.9867488243492154,0.9797898847269036,0.9999999505671494,0.9999922868925384,0.9838931210354769,0.9978752733658203,0.9998637018577483,,,,,
19,,,,,,0.9999940032950506,0.999833686593411,0.9989610591673417,0.9969188376508551,0.9956111819264073,0.9988425705843494,0.9991072091479634,0.9987268996012172,0.9999967393892992,0.99930418654175,0.9994512553321746,0.9998306992888836,0.9888785959361013,0.9997681828267414,,,,,,
20,,,,,,,0.9976170272444898,0.9998046167743279,0.9999831500543702,0.9999399056163027,0.9993326886767401,0.9996038898725129,0.9980915243277706,0.9999181586009012,0.9999231957447544,0.9999620450620789,0.9992174498791461,0.9997527461902833,,,,,,,
21,,,,,,,,,0.9998469204250028,0.9994982975884219,0.9999331698009559,0.9999909609005814,0.9954015765651013,0.9998335220452467,0.9997289970211662,0.9975196801441999,,,,,,,,,
22,,,,,,,,,,,,,,,,,,,,,,,,,
23,,,,,,,,,,,,,,,,,,,,,,,,,
24,,,,,,,,,,,,,,,,,,,,,,,,,
