,0,1,2,3,4,5,6,7,8,9,10,11,12,13,14,15,16,17,18,19,20,21,22,23,24
0,0.0,0.0,0.0,0.0,0.0,0.0,0.0,0.0,0.0,0.0,0.0,0.0,0.0,0.0,0.0,0.0,0.0,0.0,0.0,0.0,0.0,0.0,0.0,0.0,0.0
1,0.0,0.0,0.0,0.0,0.0,0.0,0.0,0.0,0.0,0.0,0.0,0.0,0.0,0.0,0.0,0.0,0.0,0.0,0.0,0.0,0.0,0.0,0.0,0.0,0.0
2,0.0,0.0,0.0,0.0,0.0,0.0,0.0,0.0,0.0,0.0,0.0,0.0,0.0,0.0,0.0,0.0,0.0,0.0,0.0,0.0,0.0,0.0,0.0,0.0,0.0
3,0.0,0.0,0.0,0.0,0.0,0.0,0.0,0.0,13.964330673217773,11.995266914367676,7.549106597900391,5.121109962463379,4.388810157775879,5.209458827972412,0.9856191873550415,0.22768063843250275,0.0,0.0,0.0,0.0,0.0,0.0,0.0,0.0,0.0
4,0.0,0.0,0.0,0.0,0.0,0.0,16.161775588989258,14.872522354125977,11.866776466369629,6.622870445251465,2.6493678092956543,2.671570301055908,4.090192794799805,5.2739105224609375,3.2968084812164307,2.2095985412597656,0.34828004240989685,0.08774201571941376,0.0,0.0,0.0,0.0,0.0,0.0,0.0
5,0.0,0.0,0.0,0.0,0.0,8.895048141479492,11.547359466552734,11.684117317199707,8.49606704711914,2.564246416091919,-0.3358052372932434,0.5611312389373779,3.8129963874816895,5.663631916046143,5.052461624145508,8.25525188446045,4.001530647277832,4.204396724700928,1.7743433713912964,0.0,0.0,0.0,0.0,0.0,0.0
6,0.0,0.0,0.0,0.0,4.9294209480285645,4.545733451843262,6.733124732971191,8.408395767211914,6.0742692947387695,-0.006483718752861023,-4.172245502471924,-0.8857427835464478,2.848088502883911,4.802114486694336,6.216761589050293,7.473129749298096,6.270992755889893,4.275241851806641,1.835353970527649,1.0538520812988281,0.0,0.0,0.0,0.0,0.0
7,0.0,0.0,0.0,0.0,5.001853942871094,4.299322128295898,5.306988716125488,6.1119489669799805,3.6053521633148193,-1.4020216464996338,-4.21226692199707,-2.556844472885132,0.2873685359954834,1.486591100692749,2.545884132385254,2.4388623237609863,2.374399185180664,1.7924954891204834,-1.3042875528335571,-0.36732399463653564,3.47281813621521,0.0,0.0,0.0,0.0
8,0.0,0.0,0.0,8.121048927307129,7.093620300292969,6.220872402191162,6.087686061859131,4.172675132751465,0.8271187543869019,-1.4648672342300415,-2.281846284866333,-2.0292842388153076,-2.1346333026885986,-3.1700944900512695,-2.530421018600464,-5.994016647338867,-1.4201995134353638,-0.9454147815704346,-1.2942757606506348,-0.536504328250885,2.8633971214294434,0.0,0.0,0.0,0.0
9,0.0,0.0,0.0,9.081007957458496,9.019618034362793,8.046204566955566,5.482188701629639,2.475832939147949,-0.3261581063270569,-0.8162488341331482,0.4701756238937378,-0.8043788075447083,-2.418858528137207,-5.006198883056641,-7.039664268493652,-7.796738624572754,-7.152970790863037,-4.159631729125977,-1.8478409051895142,-0.9897848963737488,1.0532996654510498,2.831791877746582,0.0,0.0,0.0
10,0.0,0.0,6.727764129638672,7.495460033416748,8.075408935546875,7.1287312507629395,4.526721477508545,1.273684024810791,-0.6314712166786194,-0.7376159429550171,-0.5082643032073975,-0.8802736401557922,-2.3465113639831543,-4.939306259155273,-5.735335350036621,-7.144123554229736,-6.755420684814453,-4.30055046081543,-2.402301073074341,-2.6007730960845947,-2.0917060375213623,-0.878017008304596,0.0,0.0,0.0
11,0.0,0.0,3.6674540042877197,2.942188262939453,3.522660970687866,5.167425155639648,4.774602890014648,1.8995651006698608,-1.0672855377197266,-2.6951236724853516,-2.440561532974243,-1.962409496307373,-1.6385893821716309,-2.525275468826294,-5.012270450592041,-5.537448883056641,-4.617496967315674,-3.2332191467285156,-2.800814390182495,-4.166796684265137,-5.417969226837158,-4.9487833976745605,0.0,0.0,0.0
12,0.0,0.0,1.6464414596557617,0.6354544758796692,1.187644600868225,4.18930196762085,6.344942092895508,4.263824939727783,1.0765929222106934,-1.6028811931610107,-1.5877633094787598,-0.4581477642059326,-2.8401527404785156,-2.5066757202148438,-5.137235164642334,-4.780760288238525,-2.1537017822265625,-0.34858471155166626,-1.343847632408142,-4.497531414031982,-6.900561809539795,-7.113654613494873,0.0,0.0,0.0
13,0.0,0.0,2.3827595710754395,1.7379995584487915,2.9998672008514404,6.546727180480957,7.0303802490234375,5.30748987197876,2.0340466499328613,0.322930246591568,-0.055680930614471436,-0.1604534238576889,-2.8001554012298584,-1.333381175994873,-6.252137184143066,-5.738222122192383,-1.7918853759765625,1.7132515907287598,1.0319011211395264,-2.1907689571380615,-5.067909240722656,-5.721866130828857,0.0,0.0,0.0
14,0.0,0.0,5.595677375793457,5.70758056640625,5.98317289352417,7.040184497833252,7.321047306060791,4.919144630432129,5.01759672164917,4.451954364776611,2.4197351932525635,0.9154303669929504,-1.4715529680252075,-4.530383586883545,-5.738240718841553,-5.657132148742676,-1.69351065158844,2.0205087661743164,2.6839776039123535,0.9441573023796082,-1.9241364002227783,-2.6641669273376465,0.0,0.0,0.0
15,0.0,0.0,0.0,8.132143020629883,8.730170249938965,8.257338523864746,6.579596042633057,6.010998249053955,7.108635425567627,7.201575756072998,5.966220378875732,3.472055196762085,-0.3595474064350128,-3.814021587371826,-5.334806442260742,-5.139692783355713,-2.2633790969848633,2.050873041152954,3.528148651123047,2.6542441844940186,1.207592248916626,0.031548384577035904,0.0,0.0,0.0
16,0.0,0.0,0.0,5.2921881675720215,6.579662322998047,7.713499069213867,7.671382904052734,7.969047546386719,6.706330299377441,6.054697036743164,5.389459609985352,2.6004185676574707,-0.9358386993408203,-3.646519660949707,-2.925760269165039,-2.1471047401428223,2.0561962127685547,4.964105606079102,5.7810187339782715,5.345162391662598,4.0504021644592285,0.0,0.0,0.0,0.0
17,0.0,0.0,0.0,0.0,0.7441740036010742,3.486720323562622,8.299186706542969,10.418802261352539,7.4260430335998535,5.02487850189209,2.798881769180298,0.319285124540329,-1.8827414512634277,-3.053309440612793,-1.0641932487487793,0.927204966545105,5.7968034744262695,5.172180652618408,5.809878826141357,5.16445255279541,5.037264823913574,0.0,0.0,0.0,0.0
18,0.0,0.0,0.0,0.0,-4.859384536743164,3.669980049133301,9.220882415771484,10.570430755615234,8.120716094970703,4.844305038452148,0.714326024055481,-2.0606191158294678,-4.044535160064697,-2.2283732891082764,1.217269778251648,4.950480937957764,8.282267570495605,7.208259582519531,6.059529781341553,5.821840763092041,0.0,0.0,0.0,0.0,0.0
19,0.0,0.0,0.0,0.0,0.0,-2.254542827606201,4.383781433105469,7.009306907653809,6.090875148773193,3.921462059020996,0.45108410716056824,-3.130847454071045,-4.672863483428955,-1.9121581315994263,2.5295612812042236,6.223982810974121,7.956702709197998,6.89529275894165,5.048175811767578,0.0,0.0,0.0,0.0,0.0,0.0
20,0.0,0.0,0.0,0.0,0.0,0.0,-0.037100981920957565,2.0062530040740967,2.27534556388855,1.366377830505371,-0.28998780250549316,-3.064136266708374,-5.163633823394775,-2.7228198051452637,1.301829218864441,3.8454549312591553,6.053003311157227,6.030606269836426,0.0,0.0,0.0,0.0,0.0,0.0,0.0
21,0.0,0.0,0.0,0.0,0.0,0.0,0.0,0.0,-0.08775751292705536,-0.8033146262168884,-1.6990065574645996,-2.789456605911255,-4.153199195861816,-3.282533645629883,-0.49091267585754395,2.0185365676879883,0.0,0.0,0.0,0.0,0.0,0.0,0.0,0.0,0.0
22,0.0,0.0,0.0,0.0,0.0,0.0,0.0,0.0,0.0,0.0,0.0,0.0,0.0,0.0,0.0,0.0,0.0,0.0,0.0,0.0,0.0,0.0,0.0,0.0,0.0
23,0.0,0.0,0.0,0.0,0.0,0.0,0.0,0.0,0.0,0.0,0.0,0.0,0.0,0.0,0.0,0.0,0.0,0.0,0.0,0.0,0.0,0.0,0.0,0.0,0.0
24,0.0,0.0,0.0,0.0,0.0,0.0,0.0,0.0,0.0,0.0,0.0,0.0,0.0,0.0,0.0,0.0,0.0,0.0,0.0,0.0,0.0,0.0,0.0,0.0,0.0
