TITLE = "B00070"
VARIABLES = "x", "y", "Vx", "Vy", "isValid"
ZONE T="Frame 0", I=25, J=25, F=POINT
-35.0547683239 35.2574698925 0 -0 0
-31.8127043247 35.2574698925 0 -0 0
-28.5706403255 35.2574698925 0 -0 0
-25.3285763264 35.2574698925 0 -0 0
-22.0865123272 35.2574698925 0 -0 0
-18.844448328 35.2574698925 0 -0 0
-15.6023843288 35.2574698925 0 -0 0
-12.3603203297 35.2574698925 0 -0 0
-9.1182563305 35.2574698925 0 -0 0
-5.8761923313 35.2574698925 0 -0 0
-2.6341283321 35.2574698925 0 -0 0
0.607935667 35.2574698925 0 -0 0
3.8499996662 35.2574698925 0 -0 0
7.0920636654 35.2574698925 0 -0 0
10.3341276646 35.2574698925 0 -0 0
13.5761916637 35.2574698925 0 -0 0
16.8182556629 35.2574698925 0 -0 0
20.0603196621 35.2574698925 0 -0 0
23.3023836613 35.2574698925 0 -0 0
26.5444476604 35.2574698925 0 -0 0
29.7865116596 35.2574698925 0 -0 0
33.0285756588 35.2574698925 0 -0 0
36.270639658 35.2574698925 0 -0 0
39.5127036572 35.2574698925 0 -0 0
42.7547676563 35.2574698925 0 -0 0
-35.0547683239 32.0154058933 0 -0 0
-31.8127043247 32.0154058933 0 -0 0
-28.5706403255 32.0154058933 0 -0 0
-25.3285763264 32.0154058933 0 -0 0
-22.0865123272 32.0154058933 0 -0 0
-18.844448328 32.0154058933 0 -0 0
-15.6023843288 32.0154058933 0 -0 0
-12.3603203297 32.0154058933 0 -0 0
-9.1182563305 32.0154058933 0 -0 0
-5.8761923313 32.0154058933 0 -0 0
-2.6341283321 32.0154058933 0 -0 0
0.607935667 32.0154058933 0 -0 0
3.8499996662 32.0154058933 0 -0 0
7.0920636654 32.0154058933 0 -0 0
10.3341276646 32.0154058933 0 -0 0
13.5761916637 32.0154058933 0 -0 0
16.8182556629 32.0154058933 0 -0 0
20.0603196621 32.0154058933 0 -0 0
23.3023836613 32.0154058933 0 -0 0
26.5444476604 32.0154058933 0 -0 0
29.7865116596 32.0154058933 0 -0 0
33.0285756588 32.0154058933 0 -0 0
36.270639658 32.0154058933 0 -0 0
39.5127036572 32.0154058933 0 -0 0
42.7547676563 32.0154058933 0 -0 0
-35.0547683239 28.7733418941 0 -0 0
-31.8127043247 28.7733418941 0 -0 0
-28.5706403255 28.7733418941 0 -0 0
-25.3285763264 28.7733418941 0 -0 0
-22.0865123272 28.7733418941 0 -0 0
-18.844448328 28.7733418941 0 -0 0
-15.6023843288 28.7733418941 0 -0 0
-12.3603203297 28.7733418941 0 -0 0
-9.1182563305 28.7733418941 0 -0 0
-5.8761923313 28.7733418941 0 -0 0
-2.6341283321 28.7733418941 0 -0 0
0.607935667 28.7733418941 0 -0 0
3.8499996662 28.7733418941 0 -0 0
7.0920636654 28.7733418941 0 -0 0
10.3341276646 28.7733418941 0 -0 0
13.5761916637 28.7733418941 0 -0 0
16.8182556629 28.7733418941 0 -0 0
20.0603196621 28.7733418941 0 -0 0
23.3023836613 28.7733418941 0 -0 0
26.5444476604 28.7733418941 0 -0 0
29.7865116596 28.7733418941 0 -0 0
33.0285756588 28.7733418941 0 -0 0
36.270639658 28.7733418941 0 -0 0
39.5127036572 28.7733418941 0 -0 0
42.7547676563 28.7733418941 0 -0 0
-35.0547683239 25.531277895 0 -0 0
-31.8127043247 25.531277895 0 -0 0
-28.5706403255 25.531277895 0 -0 0
-25.3285763264 25.531277895 0 -0 0
-22.0865123272 25.531277895 0 -0 0
-18.844448328 25.531277895 0 -0 0
-15.6023843288 25.531277895 0 -0 0
-12.3603203297 25.531277895 0 -0 0
-9.1182563305 25.531277895 3.6788259286 8.552979651 1
-5.8761923313 25.531277895 1.7911907651 7.1314686601 1
-2.6341283321 25.531277895 0.5526851828 4.9399940122 1
0.607935667 25.531277895 0.5670301982 2.2733211178 1
3.8499996662 25.531277895 1.0927817771 -0.9188252681 1
7.0920636654 25.531277895 2.3290306922 -3.2612394832 1
10.3341276646 25.531277895 3.9228341967 -3.45218197 1
13.5761916637 25.531277895 4.4806518813 -1.1934345499 1
16.8182556629 25.531277895 0 -0 0
20.0603196621 25.531277895 0 -0 0
23.3023836613 25.531277895 0 -0 0
26.5444476604 25.531277895 0 -0 0
29.7865116596 25.531277895 0 -0 0
33.0285756588 25.531277895 0 -0 0
36.270639658 25.531277895 0 -0 0
39.5127036572 25.531277895 0 -0 0
42.7547676563 25.531277895 0 -0 0
-35.0547683239 22.2892138958 0 -0 0
-31.8127043247 22.2892138958 0 -0 0
-28.5706403255 22.2892138958 0 -0 0
-25.3285763264 22.2892138958 0 -0 0
-22.0865123272 22.2892138958 0 -0 0
-18.844448328 22.2892138958 0 -0 0
-15.6023843288 22.2892138958 3.2362357714 13.1509415448 1
-12.3603203297 22.2892138958 3.8448918205 11.507586849 1
-9.1182563305 22.2892138958 2.7860518047 8.0941813153 1
-5.8761923313 22.2892138958 1.5029659946 4.230882584 1
-2.6341283321 22.2892138958 0.5192822346 1.1565215408 1
0.607935667 22.2892138958 0.7789115197 -0.8612992183 1
3.8499996662 22.2892138958 1.3601578422 -1.7253617981 1
7.0920636654 22.2892138958 2.7386760964 -2.6664313418 1
10.3341276646 22.2892138958 4.44842152 -2.1365078477 1
13.5761916637 22.2892138958 5.0096158077 0.156691406 1
16.8182556629 22.2892138958 4.9313044599 1.4124411442 1
20.0603196621 22.2892138958 4.7513930758 -0.538599459 1
23.3023836613 22.2892138958 0 -0 0
26.5444476604 22.2892138958 0 -0 0
29.7865116596 22.2892138958 0 -0 0
33.0285756588 22.2892138958 0 -0 0
36.270639658 22.2892138958 0 -0 0
39.5127036572 22.2892138958 0 -0 0
42.7547676563 22.2892138958 0 -0 0
-35.0547683239 19.0471498966 0 -0 0
-31.8127043247 19.0471498966 0 -0 0
-28.5706403255 19.0471498966 0 -0 0
-25.3285763264 19.0471498966 0 -0 0
-22.0865123272 19.0471498966 0 -0 0
-18.844448328 19.0471498966 3.4248626746 11.9616368647 1
-15.6023843288 19.0471498966 3.4323556358 11.2633155905 1
-12.3603203297 19.0471498966 4.0944536845 10.405033364 1
-9.1182563305 19.0471498966 3.4544703788 7.2310946079 1
-5.8761923313 19.0471498966 2.022617465 3.0183314871 1
-2.6341283321 19.0471498966 0.6305789088 -0.5441396185 1
0.607935667 19.0471498966 0.589439824 -2.3345832313 1
3.8499996662 19.0471498966 1.7783445458 -2.9246909104 1
7.0920636654 19.0471498966 3.3747278319 -2.7135609684 1
10.3341276646 19.0471498966 4.7843580589 -1.1161618782 1
13.5761916637 19.0471498966 5.1626719794 0.7478468006 1
16.8182556629 19.0471498966 5.0442233484 -0.3675378067 1
20.0603196621 19.0471498966 4.5263041119 -4.923015583 1
23.3023836613 19.0471498966 3.5529232868 -10.0216332519 1
26.5444476604 19.0471498966 0 -0 0
29.7865116596 19.0471498966 0 -0 0
33.0285756588 19.0471498966 0 -0 0
36.270639658 19.0471498966 0 -0 0
39.5127036572 19.0471498966 0 -0 0
42.7547676563 19.0471498966 0 -0 0
-35.0547683239 15.8050858974 0 -0 0
-31.8127043247 15.8050858974 0 -0 0
-28.5706403255 15.8050858974 0 -0 0
-25.3285763264 15.8050858974 0 -0 0
-22.0865123272 15.8050858974 6.3269922718 14.1823215608 1
-18.844448328 15.8050858974 5.5179674482 11.5058947731 1
-15.6023843288 15.8050858974 4.8095009655 10.1799123944 1
-12.3603203297 15.8050858974 4.9690609405 8.7387969958 1
-9.1182563305 15.8050858974 4.5768438572 5.504616233 1
-5.8761923313 15.8050858974 2.9452754178 2.1787098016 1
-2.6341283321 15.8050858974 1.172264353 0.1731341546 1
0.607935667 15.8050858974 0.6809013322 -1.2283775467 1
3.8499996662 15.8050858974 1.9606898741 -2.803549572 1
7.0920636654 15.8050858974 3.454464038 -2.9376357134 1
10.3341276646 15.8050858974 4.0907971823 -1.0121719055 1
13.5761916637 15.8050858974 4.0626846886 0.1796678878 1
16.8182556629 15.8050858974 3.6381554181 -2.3618582923 1
20.0603196621 15.8050858974 3.6018023581 -6.7200575066 1
23.3023836613 15.8050858974 3.2160546568 -10.1702671997 1
26.5444476604 15.8050858974 3.5097825992 -10.4960213914 1
29.7865116596 15.8050858974 0 -0 0
33.0285756588 15.8050858974 0 -0 0
36.270639658 15.8050858974 0 -0 0
39.5127036572 15.8050858974 0 -0 0
42.7547676563 15.8050858974 0 -0 0
-35.0547683239 12.5630218983 0 -0 0
-31.8127043247 12.5630218983 0 -0 0
-28.5706403255 12.5630218983 0 -0 0
-25.3285763264 12.5630218983 0 -0 0
-22.0865123272 12.5630218983 7.5538589825 15.0014783075 1
-18.844448328 12.5630218983 7.0527430497 12.4249323056 1
-15.6023843288 12.5630218983 5.8401255258 10.7289565871 1
-12.3603203297 12.5630218983 5.0563055067 8.0417728589 1
-9.1182563305 12.5630218983 4.6953872975 3.7244573254 1
-5.8761923313 12.5630218983 3.2756634939 0.8620507488 1
-2.6341283321 12.5630218983 1.3461221274 0.6279143196 1
0.607935667 12.5630218983 0.3466569446 0.3207539022 1
3.8499996662 12.5630218983 1.0013803929 -1.6042720916 1
7.0920636654 12.5630218983 2.0692318298 -2.9080310287 1
10.3341276646 12.5630218983 2.4731226965 -2.327111104 1
13.5761916637 12.5630218983 2.353810817 -2.3699786863 1
16.8182556629 12.5630218983 2.0762421387 -4.5648864004 1
20.0603196621 12.5630218983 2.2047739294 -7.2821467466 1
23.3023836613 12.5630218983 2.5106782355 -8.5215138036 1
26.5444476604 12.5630218983 3.4921235956 -8.5233538304 1
29.7865116596 12.5630218983 5.2182520212 -9.1658897431 1
33.0285756588 12.5630218983 0 -0 0
36.270639658 12.5630218983 0 -0 0
39.5127036572 12.5630218983 0 -0 0
42.7547676563 12.5630218983 0 -0 0
-35.0547683239 9.3209578991 0 -0 0
-31.8127043247 9.3209578991 0 -0 0
-28.5706403255 9.3209578991 0 -0 0
-25.3285763264 9.3209578991 4.6837550309 16.9277176501 1
-22.0865123272 9.3209578991 6.4437213503 13.4156396975 1
-18.844448328 9.3209578991 6.2128139885 11.1338434054 1
-15.6023843288 9.3209578991 4.5575154233 9.8453717274 1
-12.3603203297 9.3209578991 2.9965917546 7.5597371647 1
-9.1182563305 9.3209578991 2.7361853873 3.4427943307 1
-5.8761923313 9.3209578991 2.4472347512 0.7440356292 1
-2.6341283321 9.3209578991 1.0264868401 0.6840618968 1
0.607935667 9.3209578991 -0.1862896556 0.3400630874 1
3.8499996662 9.3209578991 -0.5761362022 -1.3371578091 1
7.0920636654 9.3209578991 -0.0061858934 -2.9996987247 1
10.3341276646 9.3209578991 0.4164946277 -3.463608615 1
13.5761916637 9.3209578991 0.7263153316 -3.9953183904 1
16.8182556629 9.3209578991 1.1670317956 -5.6379683565 1
20.0603196621 9.3209578991 1.4707632608 -7.1609688734 1
23.3023836613 9.3209578991 1.3505946245 -7.751216502 1
26.5444476604 9.3209578991 1.995056919 -7.9023704471 1
29.7865116596 9.3209578991 3.8065486691 -9.8111811669 1
33.0285756588 9.3209578991 0 -0 0
36.270639658 9.3209578991 0 -0 0
39.5127036572 9.3209578991 0 -0 0
42.7547676563 9.3209578991 0 -0 0
-35.0547683239 6.0788938999 0 -0 0
-31.8127043247 6.0788938999 0 -0 0
-28.5706403255 6.0788938999 0 -0 0
-25.3285763264 6.0788938999 1.7566304782 15.9151569959 1
-22.0865123272 6.0788938999 2.821415707 11.9528383118 1
-18.844448328 6.0788938999 3.2979292072 9.2465834033 1
-15.6023843288 6.0788938999 2.194428987 8.0462325235 1
-12.3603203297 6.0788938999 0.5947389593 7.1259582418 1
-9.1182563305 6.0788938999 0.7006270446 5.2508549774 1
-5.8761923313 6.0788938999 1.300392449 3.5752185903 1
-2.6341283321 6.0788938999 0.5146852248 2.5433125935 1
0.607935667 6.0788938999 -0.8316945336 0.5972790357 1
3.8499996662 6.0788938999 -1.2465143715 -1.6253997903 1
7.0920636654 6.0788938999 -0.9842527295 -3.1496868766 1
10.3341276646 6.0788938999 -0.709606309 -3.8640427133 1
13.5761916637 6.0788938999 -0.2887809454 -4.3347695194 1
16.8182556629 6.0788938999 0.7332677434 -6.0727823322 1
20.0603196621 6.0788938999 1.0712567244 -7.7992262859 1
23.3023836613 6.0788938999 0.3440846738 -8.6779384261 1
26.5444476604 6.0788938999 0.2584161815 -9.2008538758 1
29.7865116596 6.0788938999 1.9727074171 -11.0236048448 1
33.0285756588 6.0788938999 3.9615870817 -13.0211915742 1
36.270639658 6.0788938999 0 -0 0
39.5127036572 6.0788938999 0 -0 0
42.7547676563 6.0788938999 0 -0 0
-35.0547683239 2.8368299007 0 -0 0
-31.8127043247 2.8368299007 0 -0 0
-28.5706403255 2.8368299007 0.7134435228 19.3490709478 1
-25.3285763264 2.8368299007 -0.9207077176 15.8700023636 1
-22.0865123272 2.8368299007 -0.9040787093 11.5430745469 1
-18.844448328 2.8368299007 0.4929390382 9.0539639377 1
-15.6023843288 2.8368299007 0.4496399449 7.848050102 1
-12.3603203297 2.8368299007 -0.6442239878 7.7359328661 1
-9.1182563305 2.8368299007 -0.9153124897 7.8131246177 1
-5.8761923313 2.8368299007 -0.9487584644 7.0097744682 1
-2.6341283321 2.8368299007 -1.5931842241 5.4294879444 1
0.607935667 2.8368299007 -2.2761768732 2.4139370294 1
3.8499996662 2.8368299007 -1.6165450764 -0.2604580935 1
7.0920636654 2.8368299007 -1.2407386228 -2.0590887348 1
10.3341276646 2.8368299007 -1.5840481015 -3.1006891427 1
13.5761916637 2.8368299007 -1.4955797694 -3.5082967488 1
16.8182556629 2.8368299007 -0.1667292557 -4.915689595 1
20.0603196621 2.8368299007 0.4917581103 -6.824723449 1
23.3023836613 2.8368299007 -0.0213639838 -8.1882889944 1
26.5444476604 2.8368299007 -0.4855614939 -9.0603451531 1
29.7865116596 2.8368299007 0.7109482846 -10.8185351552 1
33.0285756588 2.8368299007 2.3762934747 -12.5546569131 1
36.270639658 2.8368299007 0 -0 0
39.5127036572 2.8368299007 0 -0 0
42.7547676563 2.8368299007 0 -0 0
-35.0547683239 -0.4052340984 0 -0 0
-31.8127043247 -0.4052340984 0 -0 0
-28.5706403255 -0.4052340984 0.2344281228 21.571558834 1
-25.3285763264 -0.4052340984 -1.3716901665 17.9313625985 1
-22.0865123272 -0.4052340984 -1.9534840586 13.4056466671 1
-18.844448328 -0.4052340984 -0.8346597425 11.6670453719 1
-15.6023843288 -0.4052340984 -0.8902532962 10.21703178 1
-12.3603203297 -0.4052340984 -2.0923091598 9.0130763318 1
-9.1182563305 -0.4052340984 -3.1579081188 8.3918501881 1
-5.8761923313 -0.4052340984 -4.0794559865 7.6338859576 1
-2.6341283321 -0.4052340984 -4.4678876388 7.0040629574 1
0.607935667 -0.4052340984 -4.1911221229 5.0553112159 1
3.8499996662 -0.4052340984 -2.8388977733 2.9055985942 1
7.0920636654 -0.4052340984 -2.4643860415 0.5590041984 1
10.3341276646 -0.4052340984 -3.1727276718 -1.5979465842 1
13.5761916637 -0.4052340984 -3.3953168684 -2.9843809695 1
16.8182556629 -0.4052340984 -2.1331605328 -4.3299342406 1
20.0603196621 -0.4052340984 -0.988547006 -5.646076069 1
23.3023836613 -0.4052340984 -0.8674142729 -6.7122891755 1
26.5444476604 -0.4052340984 -1.2905112876 -7.8196882053 1
29.7865116596 -0.4052340984 -0.4949122586 -9.7010374157 1
33.0285756588 -0.4052340984 0.6705392547 -11.4176966781 1
36.270639658 -0.4052340984 0 -0 0
39.5127036572 -0.4052340984 0 -0 0
42.7547676563 -0.4052340984 0 -0 0
-35.0547683239 -3.6472980976 0 -0 0
-31.8127043247 -3.6472980976 0 -0 0
-28.5706403255 -3.6472980976 0.3002809997 21.9326606231 1
-25.3285763264 -3.6472980976 -0.2432488117 18.2198283178 1
-22.0865123272 -3.6472980976 -1.3987354506 13.4717100911 1
-18.844448328 -3.6472980976 -1.948902108 12.7509703216 1
-15.6023843288 -3.6472980976 -2.9439290641 11.4646653703 1
-12.3603203297 -3.6472980976 -4.1437198437 9.4095963724 1
-9.1182563305 -3.6472980976 -5.8624920874 7.7778126493 1
-5.8761923313 -3.6472980976 -7.203574522 6.6223241233 1
-2.6341283321 -3.6472980976 -7.1212793683 6.5773265001 1
0.607935667 -3.6472980976 -6.0123513106 6.0198575571 1
3.8499996662 -3.6472980976 -4.7251314789 4.6999541511 1
7.0920636654 -3.6472980976 -4.6265544732 2.015439579 1
10.3341276646 -3.6472980976 -5.0654005654 -1.4314298948 1
13.5761916637 -3.6472980976 -5.3059851275 -3.8877363043 1
16.8182556629 -3.6472980976 -4.3545877012 -5.0791914063 1
20.0603196621 -3.6472980976 -3.1462900434 -5.6596609863 1
23.3023836613 -3.6472980976 -2.6097362328 -6.0493680363 1
26.5444476604 -3.6472980976 -2.7835103696 -7.0504603778 1
29.7865116596 -3.6472980976 -2.1153780354 -8.7868218767 1
33.0285756588 -3.6472980976 -1.1256120947 -10.0272221749 1
36.270639658 -3.6472980976 0 -0 0
39.5127036572 -3.6472980976 0 -0 0
42.7547676563 -3.6472980976 0 -0 0
-35.0547683239 -6.8893620968 0 -0 0
-31.8127043247 -6.8893620968 0 -0 0
-28.5706403255 -6.8893620968 -1.2552116233 17.9649855105 1
-25.3285763264 -6.8893620968 -1.1023536757 15.0938625089 1
-22.0865123272 -6.8893620968 -2.6648232055 11.6562262316 1
-18.844448328 -6.8893620968 -4.7221854432 11.0937951947 1
-15.6023843288 -6.8893620968 -6.3920804272 9.8774650076 1
-12.3603203297 -6.8893620968 -7.0818924078 8.1367404652 1
-9.1182563305 -6.8893620968 -8.4045872559 7.1413487647 1
-5.8761923313 -6.8893620968 -9.1452647757 6.5364491602 1
-2.6341283321 -6.8893620968 -8.4373031379 6.2863105894 1
0.607935667 -6.8893620968 -6.6067294884 5.3319864516 1
3.8499996662 -6.8893620968 -6.0701626944 3.6839495609 1
7.0920636654 -6.8893620968 -6.4459345758 1.2598953279 1
10.3341276646 -6.8893620968 -6.6392714526 -1.8869379823 1
13.5761916637 -6.8893620968 -6.5435991167 -4.4916992887 1
16.8182556629 -6.8893620968 -5.6718201395 -5.8166182322 1
20.0603196621 -6.8893620968 -4.6901739889 -6.3586688738 1
23.3023836613 -6.8893620968 -4.0224710144 -6.7439138437 1
26.5444476604 -6.8893620968 -3.9537970109 -7.3143644264 1
29.7865116596 -6.8893620968 -3.4080472934 -7.9100186058 1
33.0285756588 -6.8893620968 -2.4146085456 -8.1624833279 1
36.270639658 -6.8893620968 0 -0 0
39.5127036572 -6.8893620968 0 -0 0
42.7547676563 -6.8893620968 0 -0 0
-35.0547683239 -10.131426096 0 -0 0
-31.8127043247 -10.131426096 0 -0 0
-28.5706403255 -10.131426096 -4.6817721861 11.3443395738 1
-25.3285763264 -10.131426096 -4.7846264842 11.472629359 1
-22.0865123272 -10.131426096 -5.9919081115 11.4806658135 1
-18.844448328 -10.131426096 -8.0581018136 10.6512563674 1
-15.6023843288 -10.131426096 -9.3183728313 8.1563098478 1
-12.3603203297 -10.131426096 -9.6490317482 6.7908825359 1
-9.1182563305 -10.131426096 -10.2088189921 7.7808036742 1
-5.8761923313 -10.131426096 -10.371619395 8.0618229312 1
-2.6341283321 -10.131426096 -8.9038365911 6.4729842381 1
0.607935667 -10.131426096 -6.532318611 3.0967684423 1
3.8499996662 -10.131426096 -6.0600199014 0.0412357106 1
7.0920636654 -10.131426096 -6.9768417928 -2.094106311 1
10.3341276646 -10.131426096 -7.3901587963 -3.9673239556 1
13.5761916637 -10.131426096 -7.0983179835 -5.3066463777 1
16.8182556629 -10.131426096 -6.0728421165 -6.1055821537 1
20.0603196621 -10.131426096 -5.1493920222 -6.7794897083 1
23.3023836613 -10.131426096 -4.3442685748 -7.5558529991 1
26.5444476604 -10.131426096 -3.8816319686 -7.8152720202 1
29.7865116596 -10.131426096 -3.445849669 -7.5467362007 1
33.0285756588 -10.131426096 -2.4733468875 -7.0028177538 1
36.270639658 -10.131426096 0 -0 0
39.5127036572 -10.131426096 0 -0 0
42.7547676563 -10.131426096 0 -0 0
-35.0547683239 -13.3734900951 0 -0 0
-31.8127043247 -13.3734900951 0 -0 0
-28.5706403255 -13.3734900951 0 -0 0
-25.3285763264 -13.3734900951 -8.567294661 12.7016513227 1
-22.0865123272 -13.3734900951 -9.0079294501 13.5310668076 1
-18.844448328 -13.3734900951 -10.5088043541 10.9779550297 1
-15.6023843288 -13.3734900951 -11.0181409253 6.8201544819 1
-12.3603203297 -13.3734900951 -11.3956006554 6.4726110394 1
-9.1182563305 -13.3734900951 -11.3369384026 8.4325318704 1
-5.8761923313 -13.3734900951 -10.9614932211 8.7506318646 1
-2.6341283321 -13.3734900951 -8.9598296879 6.2266241536 1
0.607935667 -13.3734900951 -6.235975258 1.5105581432 1
3.8499996662 -13.3734900951 -5.5987897351 -2.4465670093 1
7.0920636654 -13.3734900951 -6.7782662444 -4.8449521285 1
10.3341276646 -13.3734900951 -7.8112199756 -6.0621220128 1
13.5761916637 -13.3734900951 -7.68327863 -6.5710503601 1
16.8182556629 -13.3734900951 -6.866339336 -6.7824445002 1
20.0603196621 -13.3734900951 -5.8393954331 -7.1382393791 1
23.3023836613 -13.3734900951 -4.6018216021 -7.4550150612 1
26.5444476604 -13.3734900951 -3.281724954 -7.2721796831 1
29.7865116596 -13.3734900951 -2.410561634 -6.9229979101 1
33.0285756588 -13.3734900951 -1.5360236735 -6.706020282 1
36.270639658 -13.3734900951 0 -0 0
39.5127036572 -13.3734900951 0 -0 0
42.7547676563 -13.3734900951 0 -0 0
-35.0547683239 -16.6155540943 0 -0 0
-31.8127043247 -16.6155540943 0 -0 0
-28.5706403255 -16.6155540943 0 -0 0
-25.3285763264 -16.6155540943 -9.2007699363 16.2941058977 1
-22.0865123272 -16.6155540943 -9.5272952846 14.7993132877 1
-18.844448328 -16.6155540943 -10.5789451858 10.2266491961 1
-15.6023843288 -16.6155540943 -11.2814477352 6.3187299656 1
-12.3603203297 -16.6155540943 -11.5679423854 6.6629737999 1
-9.1182563305 -16.6155540943 -11.2108286295 8.2416648689 1
-5.8761923313 -16.6155540943 -10.4098233517 7.9499659683 1
-2.6341283321 -16.6155540943 -8.3939070083 5.6963383307 1
0.607935667 -16.6155540943 -6.4481097569 1.6444555717 1
3.8499996662 -16.6155540943 -6.0592765233 -2.4090715565 1
7.0920636654 -16.6155540943 -7.3190668513 -5.4672691841 1
10.3341276646 -16.6155540943 -8.5139000662 -6.9818099256 1
13.5761916637 -16.6155540943 -8.5236865691 -7.4672817053 1
16.8182556629 -16.6155540943 -7.8971613656 -7.5396315353 1
20.0603196621 -16.6155540943 -6.5477218154 -7.769602277 1
23.3023836613 -16.6155540943 -4.8510779021 -7.7472610785 1
26.5444476604 -16.6155540943 -2.8002707976 -7.7084816227 1
29.7865116596 -16.6155540943 -1.4872839479 -7.5496004105 1
33.0285756588 -16.6155540943 0 -0 0
36.270639658 -16.6155540943 0 -0 0
39.5127036572 -16.6155540943 0 -0 0
42.7547676563 -16.6155540943 0 -0 0
-35.0547683239 -19.8576180935 0 -0 0
-31.8127043247 -19.8576180935 0 -0 0
-28.5706403255 -19.8576180935 0 -0 0
-25.3285763264 -19.8576180935 0 -0 0
-22.0865123272 -19.8576180935 -8.3879497177 10.9635476258 1
-18.844448328 -19.8576180935 -9.894060274 5.886065204 1
-15.6023843288 -19.8576180935 -11.3591298385 5.152041854 1
-12.3603203297 -19.8576180935 -11.4508630556 7.1861187245 1
-9.1182563305 -19.8576180935 -10.6300661669 7.5401291337 1
-5.8761923313 -19.8576180935 -9.1916621961 6.0855278543 1
-2.6341283321 -19.8576180935 -7.2943922549 4.6244393783 1
0.607935667 -19.8576180935 -6.7956984905 2.6058457265 1
3.8499996662 -19.8576180935 -7.5380360805 -0.3748273353 1
7.0920636654 -19.8576180935 -8.921061102 -3.4189546004 1
10.3341276646 -19.8576180935 -9.5011454057 -5.2965114352 1
13.5761916637 -19.8576180935 -9.1219446854 -6.3439202769 1
16.8182556629 -19.8576180935 -8.2458860003 -7.202015904 1
20.0603196621 -19.8576180935 -6.4364101574 -7.8290948668 1
23.3023836613 -19.8576180935 -4.5177181253 -8.1027449583 1
26.5444476604 -19.8576180935 -2.5134781319 -8.2496282537 1
29.7865116596 -19.8576180935 -1.1039711722 -8.6707329125 1
33.0285756588 -19.8576180935 0 -0 0
36.270639658 -19.8576180935 0 -0 0
39.5127036572 -19.8576180935 0 -0 0
42.7547676563 -19.8576180935 0 -0 0
-35.0547683239 -23.0996820927 0 -0 0
-31.8127043247 -23.0996820927 0 -0 0
-28.5706403255 -23.0996820927 0 -0 0
-25.3285763264 -23.0996820927 0 -0 0
-22.0865123272 -23.0996820927 -7.0832583876 5.862717939 1
-18.844448328 -23.0996820927 -9.3562386144 3.1260298204 1
-15.6023843288 -23.0996820927 -11.5616209543 5.1656418684 1
-12.3603203297 -23.0996820927 -12.035044695 7.0652349416 1
-9.1182563305 -23.0996820927 -10.5486037657 6.4256206074 1
-5.8761923313 -23.0996820927 -8.0878333134 4.3460355319 1
-2.6341283321 -23.0996820927 -5.9854840205 3.6869276023 1
0.607935667 -23.0996820927 -6.7418419264 3.2002368878 1
3.8499996662 -23.0996820927 -8.9595718305 1.6037717758 1
7.0920636654 -23.0996820927 -10.396062101 -0.6492353736 1
10.3341276646 -23.0996820927 -10.1132958149 -2.2701540615 1
13.5761916637 -23.0996820927 -9.1777354818 -3.5524012313 1
16.8182556629 -23.0996820927 -7.8212021361 -5.1703485205 1
20.0603196621 -23.0996820927 -5.6766765542 -6.6246363854 1
23.3023836613 -23.0996820927 -3.5760776117 -7.9302377648 1
26.5444476604 -23.0996820927 -2.1457771262 -8.5795637206 1
29.7865116596 -23.0996820927 0 -0 0
33.0285756588 -23.0996820927 0 -0 0
36.270639658 -23.0996820927 0 -0 0
39.5127036572 -23.0996820927 0 -0 0
42.7547676563 -23.0996820927 0 -0 0
-35.0547683239 -26.3417460918 0 -0 0
-31.8127043247 -26.3417460918 0 -0 0
-28.5706403255 -26.3417460918 0 -0 0
-25.3285763264 -26.3417460918 0 -0 0
-22.0865123272 -26.3417460918 0 -0 0
-18.844448328 -26.3417460918 -9.4899180416 2.5949764641 1
-15.6023843288 -26.3417460918 -11.293532611 5.6494765255 1
-12.3603203297 -26.3417460918 -11.6057175863 7.0741089796 1
-9.1182563305 -26.3417460918 -9.7949506449 5.4959565729 1
-5.8761923313 -26.3417460918 -7.5242983812 2.9228140468 1
-2.6341283321 -26.3417460918 -5.8927386981 2.2281024741 1
0.607935667 -26.3417460918 -6.9351745759 2.2642838808 1
3.8499996662 -26.3417460918 -9.2365330041 1.6125042036 1
7.0920636654 -26.3417460918 -10.4611726001 0.3043219103 1
10.3341276646 -26.3417460918 -9.8063090513 -0.5406741315 1
13.5761916637 -26.3417460918 -8.6374868226 -1.5496961536 1
16.8182556629 -26.3417460918 -7.2642954068 -3.4433976083 1
20.0603196621 -26.3417460918 -5.2767705502 -5.4575817177 1
23.3023836613 -26.3417460918 -3.2256539565 -7.1382659499 1
26.5444476604 -26.3417460918 0 -0 0
29.7865116596 -26.3417460918 0 -0 0
33.0285756588 -26.3417460918 0 -0 0
36.270639658 -26.3417460918 0 -0 0
39.5127036572 -26.3417460918 0 -0 0
42.7547676563 -26.3417460918 0 -0 0
-35.0547683239 -29.583810091 0 -0 0
-31.8127043247 -29.583810091 0 -0 0
-28.5706403255 -29.583810091 0 -0 0
-25.3285763264 -29.583810091 0 -0 0
-22.0865123272 -29.583810091 0 -0 0
-18.844448328 -29.583810091 0 -0 0
-15.6023843288 -29.583810091 -10.7913858525 6.1763902744 1
-12.3603203297 -29.583810091 -10.0226834018 5.6378167823 1
-9.1182563305 -29.583810091 -8.5419008417 3.3193555253 1
-5.8761923313 -29.583810091 -7.5110612996 0.9440604931 1
-2.6341283321 -29.583810091 -7.3043997784 0.6367970007 1
0.607935667 -29.583810091 -7.9141624404 1.0492851014 1
3.8499996662 -29.583810091 -9.0222293631 0.8398665594 1
7.0920636654 -29.583810091 -9.5392249628 -0.0328855066 1
10.3341276646 -29.583810091 -9.0047131774 -0.7172909271 1
13.5761916637 -29.583810091 -7.9287002826 -1.6144429651 1
16.8182556629 -29.583810091 -6.9478120032 -3.0652657581 1
20.0603196621 -29.583810091 -5.7690855147 -4.8117667287 1
23.3023836613 -29.583810091 0 -0 0
26.5444476604 -29.583810091 0 -0 0
29.7865116596 -29.583810091 0 -0 0
33.0285756588 -29.583810091 0 -0 0
36.270639658 -29.583810091 0 -0 0
39.5127036572 -29.583810091 0 -0 0
42.7547676563 -29.583810091 0 -0 0
-35.0547683239 -32.8258740902 0 -0 0
-31.8127043247 -32.8258740902 0 -0 0
-28.5706403255 -32.8258740902 0 -0 0
-25.3285763264 -32.8258740902 0 -0 0
-22.0865123272 -32.8258740902 0 -0 0
-18.844448328 -32.8258740902 0 -0 0
-15.6023843288 -32.8258740902 0 -0 0
-12.3603203297 -32.8258740902 0 -0 0
-9.1182563305 -32.8258740902 -7.2278324403 1.5919397753 1
-5.8761923313 -32.8258740902 -8.3012504565 -0.5381557194 1
-2.6341283321 -32.8258740902 -10.1937956291 -0.7031622899 1
0.607935667 -32.8258740902 -10.4847433012 0.0057543192 1
3.8499996662 -32.8258740902 -10.2785117437 0.2700794159 1
7.0920636654 -32.8258740902 -9.4551592286 -0.4806740925 1
10.3341276646 -32.8258740902 -8.7807395826 -1.2876952374 1
13.5761916637 -32.8258740902 -7.3958974818 -2.0118922283 1
16.8182556629 -32.8258740902 -6.3638598388 -2.9882313177 1
20.0603196621 -32.8258740902 0 -0 0
23.3023836613 -32.8258740902 0 -0 0
26.5444476604 -32.8258740902 0 -0 0
29.7865116596 -32.8258740902 0 -0 0
33.0285756588 -32.8258740902 0 -0 0
36.270639658 -32.8258740902 0 -0 0
39.5127036572 -32.8258740902 0 -0 0
42.7547676563 -32.8258740902 0 -0 0
-35.0547683239 -36.0679380894 0 -0 0
-31.8127043247 -36.0679380894 0 -0 0
-28.5706403255 -36.0679380894 0 -0 0
-25.3285763264 -36.0679380894 0 -0 0
-22.0865123272 -36.0679380894 0 -0 0
-18.844448328 -36.0679380894 0 -0 0
-15.6023843288 -36.0679380894 0 -0 0
-12.3603203297 -36.0679380894 0 -0 0
-9.1182563305 -36.0679380894 0 -0 0
-5.8761923313 -36.0679380894 0 -0 0
-2.6341283321 -36.0679380894 0 -0 0
0.607935667 -36.0679380894 0 -0 0
3.8499996662 -36.0679380894 0 -0 0
7.0920636654 -36.0679380894 0 -0 0
10.3341276646 -36.0679380894 0 -0 0
13.5761916637 -36.0679380894 0 -0 0
16.8182556629 -36.0679380894 0 -0 0
20.0603196621 -36.0679380894 0 -0 0
23.3023836613 -36.0679380894 0 -0 0
26.5444476604 -36.0679380894 0 -0 0
29.7865116596 -36.0679380894 0 -0 0
33.0285756588 -36.0679380894 0 -0 0
36.270639658 -36.0679380894 0 -0 0
39.5127036572 -36.0679380894 0 -0 0
42.7547676563 -36.0679380894 0 -0 0
-35.0547683239 -39.3100020885 0 -0 0
-31.8127043247 -39.3100020885 0 -0 0
-28.5706403255 -39.3100020885 0 -0 0
-25.3285763264 -39.3100020885 0 -0 0
-22.0865123272 -39.3100020885 0 -0 0
-18.844448328 -39.3100020885 0 -0 0
-15.6023843288 -39.3100020885 0 -0 0
-12.3603203297 -39.3100020885 0 -0 0
-9.1182563305 -39.3100020885 0 -0 0
-5.8761923313 -39.3100020885 0 -0 0
-2.6341283321 -39.3100020885 0 -0 0
0.607935667 -39.3100020885 0 -0 0
3.8499996662 -39.3100020885 0 -0 0
7.0920636654 -39.3100020885 0 -0 0
10.3341276646 -39.3100020885 0 -0 0
13.5761916637 -39.3100020885 0 -0 0
16.8182556629 -39.3100020885 0 -0 0
20.0603196621 -39.3100020885 0 -0 0
23.3023836613 -39.3100020885 0 -0 0
26.5444476604 -39.3100020885 0 -0 0
29.7865116596 -39.3100020885 0 -0 0
33.0285756588 -39.3100020885 0 -0 0
36.270639658 -39.3100020885 0 -0 0
39.5127036572 -39.3100020885 0 -0 0
42.7547676563 -39.3100020885 0 -0 0
-35.0547683239 -42.5520660877 0 -0 0
-31.8127043247 -42.5520660877 0 -0 0
-28.5706403255 -42.5520660877 0 -0 0
-25.3285763264 -42.5520660877 0 -0 0
-22.0865123272 -42.5520660877 0 -0 0
-18.844448328 -42.5520660877 0 -0 0
-15.6023843288 -42.5520660877 0 -0 0
-12.3603203297 -42.5520660877 0 -0 0
-9.1182563305 -42.5520660877 0 -0 0
-5.8761923313 -42.5520660877 0 -0 0
-2.6341283321 -42.5520660877 0 -0 0
0.607935667 -42.5520660877 0 -0 0
3.8499996662 -42.5520660877 0 -0 0
7.0920636654 -42.5520660877 0 -0 0
10.3341276646 -42.5520660877 0 -0 0
13.5761916637 -42.5520660877 0 -0 0
16.8182556629 -42.5520660877 0 -0 0
20.0603196621 -42.5520660877 0 -0 0
23.3023836613 -42.5520660877 0 -0 0
26.5444476604 -42.5520660877 0 -0 0
29.7865116596 -42.5520660877 0 -0 0
33.0285756588 -42.5520660877 0 -0 0
36.270639658 -42.5520660877 0 -0 0
39.5127036572 -42.5520660877 0 -0 0
42.7547676563 -42.5520660877 0 -0 0
