TITLE = "B00070"
VARIABLES = "x", "y", "Vx", "Vy", "isValid"
ZONE T="Frame 0", I=25, J=25, F=POINT
-35.0547683239 35.2574698925 0 -0 0
-31.8127043247 35.2574698925 0 -0 0
-28.5706403255 35.2574698925 0 -0 0
-25.3285763264 35.2574698925 0 -0 0
-22.0865123272 35.2574698925 0 -0 0
-18.844448328 35.2574698925 0 -0 0
-15.6023843288 35.2574698925 0 -0 0
-12.3603203297 35.2574698925 0 -0 0
-9.1182563305 35.2574698925 0 -0 0
-5.8761923313 35.2574698925 0 -0 0
-2.6341283321 35.2574698925 0 -0 0
0.607935667 35.2574698925 0 -0 0
3.8499996662 35.2574698925 0 -0 0
7.0920636654 35.2574698925 0 -0 0
10.3341276646 35.2574698925 0 -0 0
13.5761916637 35.2574698925 0 -0 0
16.8182556629 35.2574698925 0 -0 0
20.0603196621 35.2574698925 0 -0 0
23.3023836613 35.2574698925 0 -0 0
26.5444476604 35.2574698925 0 -0 0
29.7865116596 35.2574698925 0 -0 0
33.0285756588 35.2574698925 0 -0 0
36.270639658 35.2574698925 0 -0 0
39.5127036572 35.2574698925 0 -0 0
42.7547676563 35.2574698925 0 -0 0
-35.0547683239 32.0154058933 0 -0 0
-31.8127043247 32.0154058933 0 -0 0
-28.5706403255 32.0154058933 0 -0 0
-25.3285763264 32.0154058933 0 -0 0
-22.0865123272 32.0154058933 0 -0 0
-18.844448328 32.0154058933 0 -0 0
-15.6023843288 32.0154058933 0 -0 0
-12.3603203297 32.0154058933 0 -0 0
-9.1182563305 32.0154058933 0 -0 0
-5.8761923313 32.0154058933 0 -0 0
-2.6341283321 32.0154058933 0 -0 0
0.607935667 32.0154058933 0 -0 0
3.8499996662 32.0154058933 0 -0 0
7.0920636654 32.0154058933 0 -0 0
10.3341276646 32.0154058933 0 -0 0
13.5761916637 32.0154058933 0 -0 0
16.8182556629 32.0154058933 0 -0 0
20.0603196621 32.0154058933 0 -0 0
23.3023836613 32.0154058933 0 -0 0
26.5444476604 32.0154058933 0 -0 0
29.7865116596 32.0154058933 0 -0 0
33.0285756588 32.0154058933 0 -0 0
36.270639658 32.0154058933 0 -0 0
39.5127036572 32.0154058933 0 -0 0
42.7547676563 32.0154058933 0 -0 0
-35.0547683239 28.7733418941 0 -0 0
-31.8127043247 28.7733418941 0 -0 0
-28.5706403255 28.7733418941 0 -0 0
-25.3285763264 28.7733418941 0 -0 0
-22.0865123272 28.7733418941 0 -0 0
-18.844448328 28.7733418941 0 -0 0
-15.6023843288 28.7733418941 0 -0 0
-12.3603203297 28.7733418941 0 -0 0
-9.1182563305 28.7733418941 0 -0 0
-5.8761923313 28.7733418941 0 -0 0
-2.6341283321 28.7733418941 0 -0 0
0.607935667 28.7733418941 0 -0 0
3.8499996662 28.7733418941 0 -0 0
7.0920636654 28.7733418941 0 -0 0
10.3341276646 28.7733418941 0 -0 0
13.5761916637 28.7733418941 0 -0 0
16.8182556629 28.7733418941 0 -0 0
20.0603196621 28.7733418941 0 -0 0
23.3023836613 28.7733418941 0 -0 0
26.5444476604 28.7733418941 0 -0 0
29.7865116596 28.7733418941 0 -0 0
33.0285756588 28.7733418941 0 -0 0
36.270639658 28.7733418941 0 -0 0
39.5127036572 28.7733418941 0 -0 0
42.7547676563 28.7733418941 0 -0 0
-35.0547683239 25.531277895 0 -0 0
-31.8127043247 25.531277895 0 -0 0
-28.5706403255 25.531277895 0 -0 0
-25.3285763264 25.531277895 0 -0 0
-22.0865123272 25.531277895 0 -0 0
-18.844448328 25.531277895 0 -0 0
-15.6023843288 25.531277895 0 -0 0
-12.3603203297 25.531277895 0 -0 0
-9.1182563305 25.531277895 2.9083806761 2.548898799 1
-5.8761923313 25.531277895 2.236971832 3.2669491824 1
-2.6341283321 25.531277895 2.4716847038 3.0719981306 1
0.607935667 25.531277895 5.6243961207 3.0572419852 1
3.8499996662 25.531277895 8.9095003953 2.6159263197 1
7.0920636654 25.531277895 9.8637665606 2.1692613213 1
10.3341276646 25.531277895 7.6848517412 1.2866352744 1
13.5761916637 25.531277895 6.3213236365 1.9471528144 1
16.8182556629 25.531277895 0 -0 0
20.0603196621 25.531277895 0 -0 0
23.3023836613 25.531277895 0 -0 0
26.5444476604 25.531277895 0 -0 0
29.7865116596 25.531277895 0 -0 0
33.0285756588 25.531277895 0 -0 0
36.270639658 25.531277895 0 -0 0
39.5127036572 25.531277895 0 -0 0
42.7547676563 25.531277895 0 -0 0
-35.0547683239 22.2892138958 0 -0 0
-31.8127043247 22.2892138958 0 -0 0
-28.5706403255 22.2892138958 0 -0 0
-25.3285763264 22.2892138958 0 -0 0
-22.0865123272 22.2892138958 0 -0 0
-18.844448328 22.2892138958 0 -0 0
-15.6023843288 22.2892138958 0.745878298 4.7366991302 1
-12.3603203297 22.2892138958 2.2515181287 3.2864159052 1
-9.1182563305 22.2892138958 3.0630627986 4.2422844699 1
-5.8761923313 22.2892138958 1.7147442033 4.2464880887 1
-2.6341283321 22.2892138958 1.8712295158 2.8392649332 1
0.607935667 22.2892138958 4.9894026874 1.520136609 1
3.8499996662 22.2892138958 8.3450705108 0.7726311525 1
7.0920636654 22.2892138958 9.0282416069 0.3560012553 1
10.3341276646 22.2892138958 6.9757463518 -0.3083971666 1
13.5761916637 22.2892138958 6.1425789514 0.499831326 1
16.8182556629 22.2892138958 6.2661765776 2.3619704633 1
20.0603196621 22.2892138958 6.6400595179 3.1919477089 1
23.3023836613 22.2892138958 0 -0 0
26.5444476604 22.2892138958 0 -0 0
29.7865116596 22.2892138958 0 -0 0
33.0285756588 22.2892138958 0 -0 0
36.270639658 22.2892138958 0 -0 0
39.5127036572 22.2892138958 0 -0 0
42.7547676563 22.2892138958 0 -0 0
-35.0547683239 19.0471498966 0 -0 0
-31.8127043247 19.0471498966 0 -0 0
-28.5706403255 19.0471498966 0 -0 0
-25.3285763264 19.0471498966 0 -0 0
-22.0865123272 19.0471498966 0 -0 0
-18.844448328 19.0471498966 0.2629022093 8.9591146923 1
-15.6023843288 19.0471498966 0.4382422485 6.8978088067 1
-12.3603203297 19.0471498966 2.0136338224 5.853293765 1
-9.1182563305 19.0471498966 2.9886561483 7.0350976334 1
-5.8761923313 19.0471498966 2.5664823174 7.5113620325 1
-2.6341283321 19.0471498966 3.1596451838 5.2731979875 1
0.607935667 19.0471498966 5.6753498267 2.3053671443 1
3.8499996662 19.0471498966 7.1124892697 0.3941300665 1
7.0920636654 19.0471498966 7.1782513569 0.1033265334 1
10.3341276646 19.0471498966 6.100338651 -0.1230200514 1
13.5761916637 19.0471498966 6.5335420748 -0.2015300007 1
16.8182556629 19.0471498966 7.2358501744 0.479800729 1
20.0603196621 19.0471498966 7.5518975756 0.7134888894 1
23.3023836613 19.0471498966 7.5341724469 0.1893240844 1
26.5444476604 19.0471498966 0 -0 0
29.7865116596 19.0471498966 0 -0 0
33.0285756588 19.0471498966 0 -0 0
36.270639658 19.0471498966 0 -0 0
39.5127036572 19.0471498966 0 -0 0
42.7547676563 19.0471498966 0 -0 0
-35.0547683239 15.8050858974 0 -0 0
-31.8127043247 15.8050858974 0 -0 0
-28.5706403255 15.8050858974 0 -0 0
-25.3285763264 15.8050858974 0 -0 0
-22.0865123272 15.8050858974 2.5384084722 6.4398474507 1
-18.844448328 15.8050858974 -0.1272184334 8.2046209685 1
-15.6023843288 15.8050858974 -0.0254478337 8.4305161141 1
-12.3603203297 15.8050858974 1.4082322414 7.6070126287 1
-9.1182563305 15.8050858974 2.7592261825 8.6870232188 1
-5.8761923313 15.8050858974 4.4877335992 10.0171965349 1
-2.6341283321 15.8050858974 6.4055989176 8.7368301539 1
0.607935667 15.8050858974 7.4807591318 5.4772942202 1
3.8499996662 15.8050858974 6.2057220046 2.6467807371 1
7.0920636654 15.8050858974 5.5317643279 1.9222389299 1
10.3341276646 15.8050858974 5.6792919648 1.7425903852 1
13.5761916637 15.8050858974 7.1341879384 0.2551804526 1
16.8182556629 15.8050858974 7.988648803 -1.067061258 1
20.0603196621 15.8050858974 7.4984425926 -0.9107434471 1
23.3023836613 15.8050858974 6.6927759538 -0.1302816505 1
26.5444476604 15.8050858974 6.0146001651 0.1694341162 1
29.7865116596 15.8050858974 0 -0 0
33.0285756588 15.8050858974 0 -0 0
36.270639658 15.8050858974 0 -0 0
39.5127036572 15.8050858974 0 -0 0
42.7547676563 15.8050858974 0 -0 0
-35.0547683239 12.5630218983 0 -0 0
-31.8127043247 12.5630218983 0 -0 0
-28.5706403255 12.5630218983 0 -0 0
-25.3285763264 12.5630218983 0 -0 0
-22.0865123272 12.5630218983 2.5817321359 5.6727440782 1
-18.844448328 12.5630218983 0.4038265534 8.1899877129 1
-15.6023843288 12.5630218983 1.0905895365 9.7747743614 1
-12.3603203297 12.5630218983 2.9479035099 9.6090668731 1
-9.1182563305 12.5630218983 4.0624377011 9.7081765023 1
-5.8761923313 12.5630218983 6.0558887483 10.9273473478 1
-2.6341283321 12.5630218983 7.7166237564 10.5527584701 1
0.607935667 12.5630218983 7.7558694087 8.2036734785 1
3.8499996662 12.5630218983 5.7938349925 5.5116417899 1
7.0920636654 12.5630218983 5.3214698559 4.2746627821 1
10.3341276646 12.5630218983 5.8711040409 3.3732078623 1
13.5761916637 12.5630218983 6.8879999601 0.6405480859 1
16.8182556629 12.5630218983 7.2995795966 -1.7404046363 1
20.0603196621 12.5630218983 6.6057566354 -1.6311756145 1
23.3023836613 12.5630218983 5.3267477799 -0.0340836075 1
26.5444476604 12.5630218983 4.7656220327 0.8477631399 1
29.7865116596 12.5630218983 5.1415892698 0.4726280137 1
33.0285756588 12.5630218983 0 -0 0
36.270639658 12.5630218983 0 -0 0
39.5127036572 12.5630218983 0 -0 0
42.7547676563 12.5630218983 0 -0 0
-35.0547683239 9.3209578991 0 -0 0
-31.8127043247 9.3209578991 0 -0 0
-28.5706403255 9.3209578991 0 -0 0
-25.3285763264 9.3209578991 6.3663913099 4.703806009 1
-22.0865123272 9.3209578991 3.5735011515 7.0821412069 1
-18.844448328 9.3209578991 2.1647642161 9.6660285958 1
-15.6023843288 9.3209578991 3.6759879877 11.2798426183 1
-12.3603203297 9.3209578991 5.370308769 11.1644384557 1
-9.1182563305 9.3209578991 5.6583445247 10.671671184 1
-5.8761923313 9.3209578991 5.9856923596 10.6465219367 1
-2.6341283321 9.3209578991 6.1947524979 9.7950176757 1
0.607935667 9.3209578991 5.9240801459 8.0370215196 1
3.8499996662 9.3209578991 5.2026628213 6.0155651677 1
7.0920636654 9.3209578991 5.6419660518 4.4778287354 1
10.3341276646 9.3209578991 5.6831459363 3.0163561909 1
13.5761916637 9.3209578991 5.5228884782 0.6179237047 1
16.8182556629 9.3209578991 5.6713370344 -1.2705966358 1
20.0603196621 9.3209578991 5.6391429059 -1.7386182039 1
23.3023836613 9.3209578991 4.7601553958 -1.3650254288 1
26.5444476604 9.3209578991 4.2823193952 -1.2471606757 1
29.7865116596 9.3209578991 4.6655108662 -1.9746578033 1
33.0285756588 9.3209578991 0 -0 0
36.270639658 9.3209578991 0 -0 0
39.5127036572 9.3209578991 0 -0 0
42.7547676563 9.3209578991 0 -0 0
-35.0547683239 6.0788938999 0 -0 0
-31.8127043247 6.0788938999 0 -0 0
-28.5706403255 6.0788938999 0 -0 0
-25.3285763264 6.0788938999 5.237193971 6.8813047264 1
-22.0865123272 6.0788938999 3.9768637729 9.7967006933 1
-18.844448328 6.0788938999 3.9861780406 11.972715674 1
-15.6023843288 6.0788938999 5.8757484932 13.2750126141 1
-12.3603203297 6.0788938999 6.8947247841 13.5311899995 1
-9.1182563305 6.0788938999 6.137537749 12.635729207 1
-5.8761923313 6.0788938999 4.5782095351 10.7796717599 1
-2.6341283321 6.0788938999 3.5466598283 8.2686650129 1
0.607935667 6.0788938999 3.457403431 6.0865236548 1
3.8499996662 6.0788938999 3.6271385067 4.3699782241 1
7.0920636654 6.0788938999 4.3439270798 2.9381360292 1
10.3341276646 6.0788938999 3.8528968732 1.4879767509 1
13.5761916637 6.0788938999 3.196756417 -0.0041096147 1
16.8182556629 6.0788938999 3.9103027506 -1.0360157876 1
20.0603196621 6.0788938999 5.3173042816 -2.1997710734 1
23.3023836613 6.0788938999 5.3818259963 -3.4427683638 1
26.5444476604 6.0788938999 4.7314160732 -4.6864423034 1
29.7865116596 6.0788938999 4.3891907127 -5.5230448835 1
33.0285756588 6.0788938999 4.8531531407 -6.1303316315 1
36.270639658 6.0788938999 0 -0 0
39.5127036572 6.0788938999 0 -0 0
42.7547676563 6.0788938999 0 -0 0
-35.0547683239 2.8368299007 0 -0 0
-31.8127043247 2.8368299007 0 -0 0
-28.5706403255 2.8368299007 2.3034979802 8.7839069409 1
-25.3285763264 2.8368299007 2.3420041796 9.6769660968 1
-22.0865123272 2.8368299007 2.473558548 10.9510666038 1
-18.844448328 2.8368299007 3.3227864778 11.9695271799 1
-15.6023843288 2.8368299007 5.3600560696 13.2709291677 1
-12.3603203297 2.8368299007 5.811499733 13.9508296418 1
-9.1182563305 2.8368299007 4.6428124718 13.0856571278 1
-5.8761923313 2.8368299007 2.8378542661 10.5849803771 1
-2.6341283321 2.8368299007 1.5221505537 7.5179087114 1
0.607935667 2.8368299007 1.2804305434 4.947529547 1
3.8499996662 2.8368299007 1.4049213104 3.1294737563 1
7.0920636654 2.8368299007 1.8899202509 1.912890392 1
10.3341276646 2.8368299007 1.5428017899 0.8168556564 1
13.5761916637 2.8368299007 1.2204889677 -0.192806197 1
16.8182556629 2.8368299007 2.3509056943 -1.0057069016 1
20.0603196621 2.8368299007 4.6400747752 -2.374687301 1
23.3023836613 2.8368299007 5.3910587399 -4.1012709023 1
26.5444476604 2.8368299007 4.6704696388 -6.2396341758 1
29.7865116596 2.8368299007 3.6483350479 -8.0408477125 1
33.0285756588 2.8368299007 3.3704979442 -9.1427320969 1
36.270639658 2.8368299007 0 -0 0
39.5127036572 2.8368299007 0 -0 0
42.7547676563 2.8368299007 0 -0 0
-35.0547683239 -0.4052340984 0 -0 0
-31.8127043247 -0.4052340984 0 -0 0
-28.5706403255 -0.4052340984 -1.5712491358 14.2993670733 1
-25.3285763264 -0.4052340984 -1.5139700735 12.5308458672 1
-22.0865123272 -0.4052340984 -1.0411431941 10.4118113295 1
-18.844448328 -0.4052340984 -0.1385567136 9.5822581596 1
-15.6023843288 -0.4052340984 1.6439768447 11.4687512323 1
-12.3603203297 -0.4052340984 2.3455014081 12.8809509749 1
-9.1182563305 -0.4052340984 1.7756519893 12.3239053528 1
-5.8761923313 -0.4052340984 0.474654036 9.8924841434 1
-2.6341283321 -0.4052340984 -0.640114348 6.9639845526 1
0.607935667 -0.4052340984 -0.7841376608 4.5023511538 1
3.8499996662 -0.4052340984 -0.5047762094 2.5038525634 1
7.0920636654 -0.4052340984 -0.1945668512 1.2849652403 1
10.3341276646 -0.4052340984 -0.2336189216 0.4266183607 1
13.5761916637 -0.4052340984 -0.3480482875 -0.4650069919 1
16.8182556629 -0.4052340984 0.6863592883 -1.2022662408 1
20.0603196621 -0.4052340984 2.530202176 -2.1168637348 1
23.3023836613 -0.4052340984 3.3980929114 -3.4780975428 1
26.5444476604 -0.4052340984 2.685371178 -5.7279889658 1
29.7865116596 -0.4052340984 1.5736066891 -8.5649757562 1
33.0285756588 -0.4052340984 0.9990665456 -10.5672806115 1
36.270639658 -0.4052340984 0 -0 0
39.5127036572 -0.4052340984 0 -0 0
42.7547676563 -0.4052340984 0 -0 0
-35.0547683239 -3.6472980976 0 -0 0
-31.8127043247 -3.6472980976 0 -0 0
-28.5706403255 -3.6472980976 -5.0132777449 17.5869943647 1
-25.3285763264 -3.6472980976 -3.9213432134 14.0005447869 1
-22.0865123272 -3.6472980976 -2.5576016366 9.4902556113 1
-18.844448328 -3.6472980976 -1.875716959 7.5879589608 1
-15.6023843288 -3.6472980976 -1.1016450963 9.9213225026 1
-12.3603203297 -3.6472980976 -0.5871037463 11.8218153591 1
-9.1182563305 -3.6472980976 -1.3886095663 11.389739382 1
-5.8761923313 -3.6472980976 -2.9198254375 9.2390747412 1
-2.6341283321 -3.6472980976 -3.9079944137 6.6868687854 1
0.607935667 -3.6472980976 -3.1774192268 4.3917137295 1
3.8499996662 -3.6472980976 -2.1098233828 2.2819976866 1
7.0920636654 -3.6472980976 -1.8164346709 0.9317853191 1
10.3341276646 -3.6472980976 -1.914586544 0.352329656 1
13.5761916637 -3.6472980976 -1.9603935193 -0.1386726588 1
16.8182556629 -3.6472980976 -1.2019935883 -0.6422378972 1
20.0603196621 -3.6472980976 -0.3159421936 -1.4064758522 1
23.3023836613 -3.6472980976 -0.0144673898 -2.6438350034 1
26.5444476604 -3.6472980976 -0.6204315867 -4.7723812779 1
29.7865116596 -3.6472980976 -1.1933900136 -8.0372703188 1
33.0285756588 -3.6472980976 -1.3493858048 -10.4804303798 1
36.270639658 -3.6472980976 0 -0 0
39.5127036572 -3.6472980976 0 -0 0
42.7547676563 -3.6472980976 0 -0 0
-35.0547683239 -6.8893620968 0 -0 0
-31.8127043247 -6.8893620968 0 -0 0
-28.5706403255 -6.8893620968 -7.5117932039 16.9478184484 1
-25.3285763264 -6.8893620968 -5.0198857177 13.9484274014 1
-22.0865123272 -6.8893620968 -2.6882054956 10.4538330248 1
-18.844448328 -6.8893620968 -1.911866209 9.2635633422 1
-15.6023843288 -6.8893620968 -2.1787614335 11.2386820579 1
-12.3603203297 -6.8893620968 -2.7103208424 12.6212879857 1
-9.1182563305 -6.8893620968 -4.4745070855 11.3543048256 1
-5.8761923313 -6.8893620968 -6.1862154257 8.5410221942 1
-2.6341283321 -6.8893620968 -6.3333324232 5.7878940067 1
0.607935667 -6.8893620968 -4.7074754947 3.9328323601 1
3.8499996662 -6.8893620968 -3.3511501861 2.4324731709 1
7.0920636654 -6.8893620968 -3.2291779068 1.1551495221 1
10.3341276646 -6.8893620968 -3.3863483229 0.5421814196 1
13.5761916637 -6.8893620968 -3.3579115449 0.1732200378 1
16.8182556629 -6.8893620968 -2.8575284222 -0.3038065918 1
20.0603196621 -6.8893620968 -2.4216280637 -1.4133016753 1
23.3023836613 -6.8893620968 -2.4252265934 -3.2051150422 1
26.5444476604 -6.8893620968 -2.7735454197 -5.2561286742 1
29.7865116596 -6.8893620968 -2.9305588266 -7.9318869651 1
33.0285756588 -6.8893620968 -2.5900031983 -9.7237409431 1
36.270639658 -6.8893620968 0 -0 0
39.5127036572 -6.8893620968 0 -0 0
42.7547676563 -6.8893620968 0 -0 0
-35.0547683239 -10.131426096 0 -0 0
-31.8127043247 -10.131426096 0 -0 0
-28.5706403255 -10.131426096 -8.8831264764 14.4908119894 1
-25.3285763264 -10.131426096 -5.4884183206 13.2472050806 1
-22.0865123272 -10.131426096 -2.5122006207 12.3042767898 1
-18.844448328 -10.131426096 -1.7508825835 12.5170677078 1
-15.6023843288 -10.131426096 -3.0055388623 13.9521799208 1
-12.3603203297 -10.131426096 -4.4594106528 14.552491234 1
-9.1182563305 -10.131426096 -6.0562710053 12.0198003114 1
-5.8761923313 -10.131426096 -6.7187603692 8.1791854814 1
-2.6341283321 -10.131426096 -5.8247494961 4.9872664568 1
0.607935667 -10.131426096 -4.3559681742 3.2762453336 1
3.8499996662 -10.131426096 -3.6608033884 2.5643823196 1
7.0920636654 -10.131426096 -3.9067769887 1.92239141 1
10.3341276646 -10.131426096 -3.9685887853 1.3924550834 1
13.5761916637 -10.131426096 -4.0420745163 0.4687107856 1
16.8182556629 -10.131426096 -3.8125971458 -0.6440114215 1
20.0603196621 -10.131426096 -3.1678923929 -2.3064814566 1
23.3023836613 -10.131426096 -2.7417054678 -4.5163162145 1
26.5444476604 -10.131426096 -2.6792840528 -6.6615758143 1
29.7865116596 -10.131426096 -2.7942416451 -8.6002937634 1
33.0285756588 -10.131426096 -2.4765616505 -9.237343413 1
36.270639658 -10.131426096 0 -0 0
39.5127036572 -10.131426096 0 -0 0
42.7547676563 -10.131426096 0 -0 0
-35.0547683239 -13.3734900951 0 -0 0
-31.8127043247 -13.3734900951 0 -0 0
-28.5706403255 -13.3734900951 0 -0 0
-25.3285763264 -13.3734900951 -5.3234276396 12.4960284777 1
-22.0865123272 -13.3734900951 -2.329653294 12.2499685223 1
-18.844448328 -13.3734900951 -1.8016216096 12.9989796063 1
-15.6023843288 -13.3734900951 -3.7670050014 14.3745672238 1
-12.3603203297 -13.3734900951 -5.6176906209 14.7423551884 1
-9.1182563305 -13.3734900951 -6.0897187916 11.9658471262 1
-5.8761923313 -13.3734900951 -5.4823849409 8.3049407761 1
-2.6341283321 -13.3734900951 -4.2368130019 4.946449505 1
0.607935667 -13.3734900951 -3.7474123694 2.9623386923 1
3.8499996662 -13.3734900951 -3.9209588429 2.5237199615 1
7.0920636654 -13.3734900951 -4.1469318892 2.7524110783 1
10.3341276646 -13.3734900951 -4.0068356176 2.7807618032 1
13.5761916637 -13.3734900951 -4.1962237134 1.5664180842 1
16.8182556629 -13.3734900951 -4.5373367243 -0.5592446942 1
20.0603196621 -13.3734900951 -3.8944632418 -2.9203665153 1
23.3023836613 -13.3734900951 -2.781852715 -5.4447329319 1
26.5444476604 -13.3734900951 -2.145579506 -7.6268283949 1
29.7865116596 -13.3734900951 -2.1180275653 -8.9574974977 1
33.0285756588 -13.3734900951 -2.0123389496 -8.8493695028 1
36.270639658 -13.3734900951 0 -0 0
39.5127036572 -13.3734900951 0 -0 0
42.7547676563 -13.3734900951 0 -0 0
-35.0547683239 -16.6155540943 0 -0 0
-31.8127043247 -16.6155540943 0 -0 0
-28.5706403255 -16.6155540943 0 -0 0
-25.3285763264 -16.6155540943 -5.1729041468 9.9350118914 1
-22.0865123272 -16.6155540943 -3.3339410742 9.212671836 1
-18.844448328 -16.6155540943 -3.5828839597 10.0700844732 1
-15.6023843288 -16.6155540943 -5.9887371299 11.1637101746 1
-12.3603203297 -16.6155540943 -7.2373236452 11.6265913528 1
-9.1182563305 -16.6155540943 -6.3252035749 10.0028471036 1
-5.8761923313 -16.6155540943 -4.9799748901 7.9634433947 1
-2.6341283321 -16.6155540943 -4.2292294585 5.0883299444 1
0.607935667 -16.6155540943 -4.3463447193 2.600881519 1
3.8499996662 -16.6155540943 -4.7200492125 2.032953802 1
7.0920636654 -16.6155540943 -4.4966462856 2.6466198027 1
10.3341276646 -16.6155540943 -4.2462797496 3.3095795903 1
13.5761916637 -16.6155540943 -4.6231833049 2.5997413908 1
16.8182556629 -16.6155540943 -5.7850297969 0.3129812874 1
20.0603196621 -16.6155540943 -5.9433270558 -2.701627063 1
23.3023836613 -16.6155540943 -4.7204827994 -5.7677708648 1
26.5444476604 -16.6155540943 -3.5116679171 -7.7336139613 1
29.7865116596 -16.6155540943 -2.701107423 -8.5145758095 1
33.0285756588 -16.6155540943 0 -0 0
36.270639658 -16.6155540943 0 -0 0
39.5127036572 -16.6155540943 0 -0 0
42.7547676563 -16.6155540943 0 -0 0
-35.0547683239 -19.8576180935 0 -0 0
-31.8127043247 -19.8576180935 0 -0 0
-28.5706403255 -19.8576180935 0 -0 0
-25.3285763264 -19.8576180935 0 -0 0
-22.0865123272 -19.8576180935 -5.5755994793 7.1007268666 1
-18.844448328 -19.8576180935 -6.8360347527 7.9888547266 1
-15.6023843288 -19.8576180935 -8.8259322595 8.3311703673 1
-12.3603203297 -19.8576180935 -9.146526888 8.3904999091 1
-9.1182563305 -19.8576180935 -7.8400281406 7.8787774023 1
-5.8761923313 -19.8576180935 -6.4715005013 7.3346934919 1
-2.6341283321 -19.8576180935 -6.0898154127 5.0607521878 1
0.607935667 -19.8576180935 -6.3464777148 2.3869131831 1
3.8499996662 -19.8576180935 -6.3397480598 1.7029028427 1
7.0920636654 -19.8576180935 -5.5143918661 2.2415779379 1
10.3341276646 -19.8576180935 -5.015529015 3.1579446536 1
13.5761916637 -19.8576180935 -5.7820816476 3.1840903053 1
16.8182556629 -19.8576180935 -7.4512081925 1.5273680895 1
20.0603196621 -19.8576180935 -8.2028123435 -1.5796593929 1
23.3023836613 -19.8576180935 -7.4580507733 -4.8370917055 1
26.5444476604 -19.8576180935 -6.1361916972 -6.5965244956 1
29.7865116596 -19.8576180935 -4.7324644114 -7.1445885887 1
33.0285756588 -19.8576180935 0 -0 0
36.270639658 -19.8576180935 0 -0 0
39.5127036572 -19.8576180935 0 -0 0
42.7547676563 -19.8576180935 0 -0 0
-35.0547683239 -23.0996820927 0 -0 0
-31.8127043247 -23.0996820927 0 -0 0
-28.5706403255 -23.0996820927 0 -0 0
-25.3285763264 -23.0996820927 0 -0 0
-22.0865123272 -23.0996820927 -9.1141364981 6.9537825792 1
-18.844448328 -23.0996820927 -10.8470806318 8.0220096304 1
-15.6023843288 -23.0996820927 -12.18467082 7.7294163813 1
-12.3603203297 -23.0996820927 -12.1219347828 7.2107957365 1
-9.1182563305 -23.0996820927 -10.6405978596 7.0515938633 1
-5.8761923313 -23.0996820927 -8.8123878022 6.7573465829 1
-2.6341283321 -23.0996820927 -8.1544782753 4.7917978785 1
0.607935667 -23.0996820927 -8.6317753117 2.4676990862 1
3.8499996662 -23.0996820927 -8.7552932256 1.8672659399 1
7.0920636654 -23.0996820927 -7.8276201883 2.0485719882 1
10.3341276646 -23.0996820927 -7.1616971544 2.4570836049 1
13.5761916637 -23.0996820927 -7.9763688735 2.5532431222 1
16.8182556629 -23.0996820927 -9.3233886707 1.864055857 1
20.0603196621 -23.0996820927 -9.5553908695 -0.0869975787 1
23.3023836613 -23.0996820927 -9.1155054973 -2.497771779 1
26.5444476604 -23.0996820927 -8.2253993218 -4.0947891406 1
29.7865116596 -23.0996820927 0 -0 0
33.0285756588 -23.0996820927 0 -0 0
36.270639658 -23.0996820927 0 -0 0
39.5127036572 -23.0996820927 0 -0 0
42.7547676563 -23.0996820927 0 -0 0
-35.0547683239 -26.3417460918 0 -0 0
-31.8127043247 -26.3417460918 0 -0 0
-28.5706403255 -26.3417460918 0 -0 0
-25.3285763264 -26.3417460918 0 -0 0
-22.0865123272 -26.3417460918 0 -0 0
-18.844448328 -26.3417460918 -13.4805557468 8.9794805945 1
-15.6023843288 -26.3417460918 -14.8721884946 8.1496544702 1
-12.3603203297 -26.3417460918 -14.8959077506 7.1255693422 1
-9.1182563305 -26.3417460918 -13.4797694931 6.5679524482 1
-5.8761923313 -26.3417460918 -10.8365755099 6.1167104813 1
-2.6341283321 -26.3417460918 -9.4337751822 4.7304326523 1
0.607935667 -26.3417460918 -9.9577123994 2.8414183745 1
3.8499996662 -26.3417460918 -10.879352057 1.7998137395 1
7.0920636654 -26.3417460918 -10.8646402969 1.5362229543 1
10.3341276646 -26.3417460918 -10.6957600155 1.6900757966 1
13.5761916637 -26.3417460918 -11.1641268528 1.7506034393 1
16.8182556629 -26.3417460918 -11.418695498 1.5961473194 1
20.0603196621 -26.3417460918 -10.3528133186 0.8428987992 1
23.3023836613 -26.3417460918 -9.4817245779 -0.2409304542 1
26.5444476604 -26.3417460918 0 -0 0
29.7865116596 -26.3417460918 0 -0 0
33.0285756588 -26.3417460918 0 -0 0
36.270639658 -26.3417460918 0 -0 0
39.5127036572 -26.3417460918 0 -0 0
42.7547676563 -26.3417460918 0 -0 0
-35.0547683239 -29.583810091 0 -0 0
-31.8127043247 -29.583810091 0 -0 0
-28.5706403255 -29.583810091 0 -0 0
-25.3285763264 -29.583810091 0 -0 0
-22.0865123272 -29.583810091 0 -0 0
-18.844448328 -29.583810091 0 -0 0
-15.6023843288 -29.583810091 -15.7539025295 7.0646733318 1
-12.3603203297 -29.583810091 -16.2161399701 5.613044357 1
-9.1182563305 -29.583810091 -15.1260759615 4.8273737431 1
-5.8761923313 -29.583810091 -12.4887082266 4.7136743379 1
-2.6341283321 -29.583810091 -10.5944576927 3.9373844186 1
0.607935667 -29.583810091 -10.3450401564 2.3411169268 1
3.8499996662 -29.583810091 -11.6299791278 0.8352952523 1
7.0920636654 -29.583810091 -12.7725385518 0.2160167206 1
10.3341276646 -29.583810091 -13.8661207738 0.4090397866 1
13.5761916637 -29.583810091 -14.2634928912 0.7883417326 1
16.8182556629 -29.583810091 -13.8731161367 1.0289789079 1
20.0603196621 -29.583810091 -12.1162341419 1.1929731845 1
23.3023836613 -29.583810091 0 -0 0
26.5444476604 -29.583810091 0 -0 0
29.7865116596 -29.583810091 0 -0 0
33.0285756588 -29.583810091 0 -0 0
36.270639658 -29.583810091 0 -0 0
39.5127036572 -29.583810091 0 -0 0
42.7547676563 -29.583810091 0 -0 0
-35.0547683239 -32.8258740902 0 -0 0
-31.8127043247 -32.8258740902 0 -0 0
-28.5706403255 -32.8258740902 0 -0 0
-25.3285763264 -32.8258740902 0 -0 0
-22.0865123272 -32.8258740902 0 -0 0
-18.844448328 -32.8258740902 0 -0 0
-15.6023843288 -32.8258740902 0 -0 0
-12.3603203297 -32.8258740902 0 -0 0
-9.1182563305 -32.8258740902 -15.578751543 2.585741003 1
-5.8761923313 -32.8258740902 -13.0279333068 2.8525071478 1
-2.6341283321 -32.8258740902 -11.1800198051 2.4290521824 1
0.607935667 -32.8258740902 -10.2782412048 0.9524171557 1
3.8499996662 -32.8258740902 -11.3633159448 -0.6201975449 1
7.0920636654 -32.8258740902 -12.8320643551 -1.212698142 1
10.3341276646 -32.8258740902 -14.8272271044 -0.6856604465 1
13.5761916637 -32.8258740902 -15.8730302252 0.0184793093 1
16.8182556629 -32.8258740902 0 -0 0
20.0603196621 -32.8258740902 0 -0 0
23.3023836613 -32.8258740902 0 -0 0
26.5444476604 -32.8258740902 0 -0 0
29.7865116596 -32.8258740902 0 -0 0
33.0285756588 -32.8258740902 0 -0 0
36.270639658 -32.8258740902 0 -0 0
39.5127036572 -32.8258740902 0 -0 0
42.7547676563 -32.8258740902 0 -0 0
-35.0547683239 -36.0679380894 0 -0 0
-31.8127043247 -36.0679380894 0 -0 0
-28.5706403255 -36.0679380894 0 -0 0
-25.3285763264 -36.0679380894 0 -0 0
-22.0865123272 -36.0679380894 0 -0 0
-18.844448328 -36.0679380894 0 -0 0
-15.6023843288 -36.0679380894 0 -0 0
-12.3603203297 -36.0679380894 0 -0 0
-9.1182563305 -36.0679380894 0 -0 0
-5.8761923313 -36.0679380894 0 -0 0
-2.6341283321 -36.0679380894 0 -0 0
0.607935667 -36.0679380894 0 -0 0
3.8499996662 -36.0679380894 0 -0 0
7.0920636654 -36.0679380894 0 -0 0
10.3341276646 -36.0679380894 0 -0 0
13.5761916637 -36.0679380894 0 -0 0
16.8182556629 -36.0679380894 0 -0 0
20.0603196621 -36.0679380894 0 -0 0
23.3023836613 -36.0679380894 0 -0 0
26.5444476604 -36.0679380894 0 -0 0
29.7865116596 -36.0679380894 0 -0 0
33.0285756588 -36.0679380894 0 -0 0
36.270639658 -36.0679380894 0 -0 0
39.5127036572 -36.0679380894 0 -0 0
42.7547676563 -36.0679380894 0 -0 0
-35.0547683239 -39.3100020885 0 -0 0
-31.8127043247 -39.3100020885 0 -0 0
-28.5706403255 -39.3100020885 0 -0 0
-25.3285763264 -39.3100020885 0 -0 0
-22.0865123272 -39.3100020885 0 -0 0
-18.844448328 -39.3100020885 0 -0 0
-15.6023843288 -39.3100020885 0 -0 0
-12.3603203297 -39.3100020885 0 -0 0
-9.1182563305 -39.3100020885 0 -0 0
-5.8761923313 -39.3100020885 0 -0 0
-2.6341283321 -39.3100020885 0 -0 0
0.607935667 -39.3100020885 0 -0 0
3.8499996662 -39.3100020885 0 -0 0
7.0920636654 -39.3100020885 0 -0 0
10.3341276646 -39.3100020885 0 -0 0
13.5761916637 -39.3100020885 0 -0 0
16.8182556629 -39.3100020885 0 -0 0
20.0603196621 -39.3100020885 0 -0 0
23.3023836613 -39.3100020885 0 -0 0
26.5444476604 -39.3100020885 0 -0 0
29.7865116596 -39.3100020885 0 -0 0
33.0285756588 -39.3100020885 0 -0 0
36.270639658 -39.3100020885 0 -0 0
39.5127036572 -39.3100020885 0 -0 0
42.7547676563 -39.3100020885 0 -0 0
-35.0547683239 -42.5520660877 0 -0 0
-31.8127043247 -42.5520660877 0 -0 0
-28.5706403255 -42.5520660877 0 -0 0
-25.3285763264 -42.5520660877 0 -0 0
-22.0865123272 -42.5520660877 0 -0 0
-18.844448328 -42.5520660877 0 -0 0
-15.6023843288 -42.5520660877 0 -0 0
-12.3603203297 -42.5520660877 0 -0 0
-9.1182563305 -42.5520660877 0 -0 0
-5.8761923313 -42.5520660877 0 -0 0
-2.6341283321 -42.5520660877 0 -0 0
0.607935667 -42.5520660877 0 -0 0
3.8499996662 -42.5520660877 0 -0 0
7.0920636654 -42.5520660877 0 -0 0
10.3341276646 -42.5520660877 0 -0 0
13.5761916637 -42.5520660877 0 -0 0
16.8182556629 -42.5520660877 0 -0 0
20.0603196621 -42.5520660877 0 -0 0
23.3023836613 -42.5520660877 0 -0 0
26.5444476604 -42.5520660877 0 -0 0
29.7865116596 -42.5520660877 0 -0 0
33.0285756588 -42.5520660877 0 -0 0
36.270639658 -42.5520660877 0 -0 0
39.5127036572 -42.5520660877 0 -0 0
42.7547676563 -42.5520660877 0 -0 0
