TITLE = "B00070"
VARIABLES = "x", "y", "Vx", "Vy", "isValid"
ZONE T="Frame 0", I=25, J=25, F=POINT
-35.0547683239 35.2574698925 0 -0 0
-31.8127043247 35.2574698925 0 -0 0
-28.5706403255 35.2574698925 0 -0 0
-25.3285763264 35.2574698925 0 -0 0
-22.0865123272 35.2574698925 0 -0 0
-18.844448328 35.2574698925 0 -0 0
-15.6023843288 35.2574698925 0 -0 0
-12.3603203297 35.2574698925 0 -0 0
-9.1182563305 35.2574698925 0 -0 0
-5.8761923313 35.2574698925 0 -0 0
-2.6341283321 35.2574698925 0 -0 0
0.607935667 35.2574698925 0 -0 0
3.8499996662 35.2574698925 0 -0 0
7.0920636654 35.2574698925 0 -0 0
10.3341276646 35.2574698925 0 -0 0
13.5761916637 35.2574698925 0 -0 0
16.8182556629 35.2574698925 0 -0 0
20.0603196621 35.2574698925 0 -0 0
23.3023836613 35.2574698925 0 -0 0
26.5444476604 35.2574698925 0 -0 0
29.7865116596 35.2574698925 0 -0 0
33.0285756588 35.2574698925 0 -0 0
36.270639658 35.2574698925 0 -0 0
39.5127036572 35.2574698925 0 -0 0
42.7547676563 35.2574698925 0 -0 0
-35.0547683239 32.0154058933 0 -0 0
-31.8127043247 32.0154058933 0 -0 0
-28.5706403255 32.0154058933 0 -0 0
-25.3285763264 32.0154058933 0 -0 0
-22.0865123272 32.0154058933 0 -0 0
-18.844448328 32.0154058933 0 -0 0
-15.6023843288 32.0154058933 0 -0 0
-12.3603203297 32.0154058933 0 -0 0
-9.1182563305 32.0154058933 0 -0 0
-5.8761923313 32.0154058933 0 -0 0
-2.6341283321 32.0154058933 0 -0 0
0.607935667 32.0154058933 0 -0 0
3.8499996662 32.0154058933 0 -0 0
7.0920636654 32.0154058933 0 -0 0
10.3341276646 32.0154058933 0 -0 0
13.5761916637 32.0154058933 0 -0 0
16.8182556629 32.0154058933 0 -0 0
20.0603196621 32.0154058933 0 -0 0
23.3023836613 32.0154058933 0 -0 0
26.5444476604 32.0154058933 0 -0 0
29.7865116596 32.0154058933 0 -0 0
33.0285756588 32.0154058933 0 -0 0
36.270639658 32.0154058933 0 -0 0
39.5127036572 32.0154058933 0 -0 0
42.7547676563 32.0154058933 0 -0 0
-35.0547683239 28.7733418941 0 -0 0
-31.8127043247 28.7733418941 0 -0 0
-28.5706403255 28.7733418941 0 -0 0
-25.3285763264 28.7733418941 0 -0 0
-22.0865123272 28.7733418941 0 -0 0
-18.844448328 28.7733418941 0 -0 0
-15.6023843288 28.7733418941 0 -0 0
-12.3603203297 28.7733418941 0 -0 0
-9.1182563305 28.7733418941 0 -0 0
-5.8761923313 28.7733418941 0 -0 0
-2.6341283321 28.7733418941 0 -0 0
0.607935667 28.7733418941 0 -0 0
3.8499996662 28.7733418941 0 -0 0
7.0920636654 28.7733418941 0 -0 0
10.3341276646 28.7733418941 0 -0 0
13.5761916637 28.7733418941 0 -0 0
16.8182556629 28.7733418941 0 -0 0
20.0603196621 28.7733418941 0 -0 0
23.3023836613 28.7733418941 0 -0 0
26.5444476604 28.7733418941 0 -0 0
29.7865116596 28.7733418941 0 -0 0
33.0285756588 28.7733418941 0 -0 0
36.270639658 28.7733418941 0 -0 0
39.5127036572 28.7733418941 0 -0 0
42.7547676563 28.7733418941 0 -0 0
-35.0547683239 25.531277895 0 -0 0
-31.8127043247 25.531277895 0 -0 0
-28.5706403255 25.531277895 0 -0 0
-25.3285763264 25.531277895 0 -0 0
-22.0865123272 25.531277895 0 -0 0
-18.844448328 25.531277895 0 -0 0
-15.6023843288 25.531277895 0 -0 0
-12.3603203297 25.531277895 0 -0 0
-9.1182563305 25.531277895 5.0033807316 10.3563943356 1
-5.8761923313 25.531277895 6.5295256592 8.3789156511 1
-2.6341283321 25.531277895 5.3819485842 5.5956646486 1
0.607935667 25.531277895 2.8949871892 3.1328705896 1
3.8499996662 25.531277895 1.641840463 1.3886826359 1
7.0920636654 25.531277895 1.8611342785 -0.7065896192 1
10.3341276646 25.531277895 2.6069046326 -3.7569533945 1
13.5761916637 25.531277895 2.9313496093 -6.4837417824 1
16.8182556629 25.531277895 4.0252117304 -8.0833821032 1
20.0603196621 25.531277895 0 -0 0
23.3023836613 25.531277895 0 -0 0
26.5444476604 25.531277895 0 -0 0
29.7865116596 25.531277895 0 -0 0
33.0285756588 25.531277895 0 -0 0
36.270639658 25.531277895 0 -0 0
39.5127036572 25.531277895 0 -0 0
42.7547676563 25.531277895 0 -0 0
-35.0547683239 22.2892138958 0 -0 0
-31.8127043247 22.2892138958 0 -0 0
-28.5706403255 22.2892138958 0 -0 0
-25.3285763264 22.2892138958 0 -0 0
-22.0865123272 22.2892138958 0 -0 0
-18.844448328 22.2892138958 0 -0 0
-15.6023843288 22.2892138958 2.4119138756 7.5448925506 1
-12.3603203297 22.2892138958 2.3655830332 11.2589748905 1
-9.1182563305 22.2892138958 4.0245746355 11.1595059519 1
-5.8761923313 22.2892138958 5.4827605552 7.1136076582 1
-2.6341283321 22.2892138958 4.6371269278 2.4678213722 1
0.607935667 22.2892138958 3.5264808274 -0.4274643231 1
3.8499996662 22.2892138958 4.183688644 -0.9975671079 1
7.0920636654 22.2892138958 5.6684770518 -1.7965242462 1
10.3341276646 22.2892138958 6.4178353676 -3.8729511726 1
13.5761916637 22.2892138958 6.2055849236 -6.1673205787 1
16.8182556629 22.2892138958 6.5536851448 -7.7897272305 1
20.0603196621 22.2892138958 7.4811848682 -8.3435233665 1
23.3023836613 22.2892138958 0 -0 0
26.5444476604 22.2892138958 0 -0 0
29.7865116596 22.2892138958 0 -0 0
33.0285756588 22.2892138958 0 -0 0
36.270639658 22.2892138958 0 -0 0
39.5127036572 22.2892138958 0 -0 0
42.7547676563 22.2892138958 0 -0 0
-35.0547683239 19.0471498966 0 -0 0
-31.8127043247 19.0471498966 0 -0 0
-28.5706403255 19.0471498966 0 -0 0
-25.3285763264 19.0471498966 0 -0 0
-22.0865123272 19.0471498966 0 -0 0
-18.844448328 19.0471498966 4.9454902393 -1.1102008888 1
-15.6023843288 19.0471498966 4.3077992676 4.3984871659 1
-12.3603203297 19.0471498966 4.1181173834 9.4292249354 1
-9.1182563305 19.0471498966 5.0184321751 9.908854162 1
-5.8761923313 19.0471498966 5.8121869501 6.4880208865 1
-2.6341283321 19.0471498966 5.1906473919 1.8921876748 1
0.607935667 19.0471498966 4.782391217 -0.6043581116 1
3.8499996662 19.0471498966 5.7595949137 -0.8729044612 1
7.0920636654 19.0471498966 7.2264676682 -1.2365237566 1
10.3341276646 19.0471498966 7.8384713342 -2.7180719629 1
13.5761916637 19.0471498966 7.6395286259 -4.5204793733 1
16.8182556629 19.0471498966 7.8673314331 -6.0518197951 1
20.0603196621 19.0471498966 8.6105247231 -6.9599192226 1
23.3023836613 19.0471498966 9.5561553835 -6.7543869598 1
26.5444476604 19.0471498966 0 -0 0
29.7865116596 19.0471498966 0 -0 0
33.0285756588 19.0471498966 0 -0 0
36.270639658 19.0471498966 0 -0 0
39.5127036572 19.0471498966 0 -0 0
42.7547676563 19.0471498966 0 -0 0
-35.0547683239 15.8050858974 0 -0 0
-31.8127043247 15.8050858974 0 -0 0
-28.5706403255 15.8050858974 0 -0 0
-25.3285763264 15.8050858974 0 -0 0
-22.0865123272 15.8050858974 6.6798577216 -3.8062817535 1
-18.844448328 15.8050858974 6.5700394625 -1.6618010099 1
-15.6023843288 15.8050858974 6.673462617 2.0549039873 1
-12.3603203297 15.8050858974 6.2726526024 6.2975590894 1
-9.1182563305 15.8050858974 6.5223364504 7.8981982301 1
-5.8761923313 15.8050858974 6.9844555303 6.9051640829 1
-2.6341283321 15.8050858974 6.6383632148 4.509466689 1
0.607935667 15.8050858974 6.0761749382 3.6099979353 1
3.8499996662 15.8050858974 5.8538324272 3.2517337852 1
7.0920636654 15.8050858974 6.2044447954 2.063153159 1
10.3341276646 15.8050858974 6.3739223156 -0.5866227925 1
13.5761916637 15.8050858974 6.5382614084 -2.2688702095 1
16.8182556629 15.8050858974 7.1234460949 -3.2314303846 1
20.0603196621 15.8050858974 8.181184329 -4.2527319211 1
23.3023836613 15.8050858974 9.1969546132 -4.9459340922 1
26.5444476604 15.8050858974 9.5402557885 -5.0288720778 1
29.7865116596 15.8050858974 0 -0 0
33.0285756588 15.8050858974 0 -0 0
36.270639658 15.8050858974 0 -0 0
39.5127036572 15.8050858974 0 -0 0
42.7547676563 15.8050858974 0 -0 0
-35.0547683239 12.5630218983 0 -0 0
-31.8127043247 12.5630218983 0 -0 0
-28.5706403255 12.5630218983 0 -0 0
-25.3285763264 12.5630218983 0 -0 0
-22.0865123272 12.5630218983 6.8729137935 -2.4252293108 1
-18.844448328 12.5630218983 6.8849141258 -1.1027852245 1
-15.6023843288 12.5630218983 7.5278027053 1.250014242 1
-12.3603203297 12.5630218983 7.3759404073 4.3500099778 1
-9.1182563305 12.5630218983 7.2968911163 6.6613161453 1
-5.8761923313 12.5630218983 7.4737679961 7.6744178773 1
-2.6341283321 12.5630218983 7.0750558658 7.3799725238 1
0.607935667 12.5630218983 6.0932098304 7.3064119115 1
3.8499996662 12.5630218983 5.280786362 6.541437221 1
7.0920636654 12.5630218983 5.365713835 4.2951313442 1
10.3341276646 12.5630218983 5.1320648514 1.1166363781 1
13.5761916637 12.5630218983 5.3846642391 -0.1806147739 1
16.8182556629 12.5630218983 6.0332601023 -0.3064132084 1
20.0603196621 12.5630218983 7.3020144467 -1.1531656205 1
23.3023836613 12.5630218983 8.1618214738 -2.7067437506 1
26.5444476604 12.5630218983 7.8834315167 -3.6196253155 1
29.7865116596 12.5630218983 6.6209623706 -3.329789993 1
33.0285756588 12.5630218983 0 -0 0
36.270639658 12.5630218983 0 -0 0
39.5127036572 12.5630218983 0 -0 0
42.7547676563 12.5630218983 0 -0 0
-35.0547683239 9.3209578991 0 -0 0
-31.8127043247 9.3209578991 0 -0 0
-28.5706403255 9.3209578991 0 -0 0
-25.3285763264 9.3209578991 6.3823863181 0.6173525838 1
-22.0865123272 9.3209578991 7.0161514565 0.8085634581 1
-18.844448328 9.3209578991 7.0811580879 2.1262189154 1
-15.6023843288 9.3209578991 7.0494295521 4.1562268327 1
-12.3603203297 9.3209578991 6.4120254241 6.4431971812 1
-9.1182563305 9.3209578991 6.209969103 7.8639641901 1
-5.8761923313 9.3209578991 6.3589200885 8.2969170031 1
-2.6341283321 9.3209578991 5.878230446 7.9220787224 1
0.607935667 9.3209578991 5.1100183471 8.0049668878 1
3.8499996662 9.3209578991 4.8350732317 7.2480546188 1
7.0920636654 9.3209578991 5.6046987152 5.1682590906 1
10.3341276646 9.3209578991 5.7117499895 2.1286901493 1
13.5761916637 9.3209578991 5.7689907053 1.2398260824 1
16.8182556629 9.3209578991 5.8153216987 1.5041576036 1
20.0603196621 9.3209578991 6.4729244538 0.5926755718 1
23.3023836613 9.3209578991 6.8635288717 -1.6711552846 1
26.5444476604 9.3209578991 6.1222305617 -3.2713261153 1
29.7865116596 9.3209578991 5.0368556926 -3.5173211534 1
33.0285756588 9.3209578991 0 -0 0
36.270639658 9.3209578991 0 -0 0
39.5127036572 9.3209578991 0 -0 0
42.7547676563 9.3209578991 0 -0 0
-35.0547683239 6.0788938999 0 -0 0
-31.8127043247 6.0788938999 0 -0 0
-28.5706403255 6.0788938999 0 -0 0
-25.3285763264 6.0788938999 4.4895081048 5.3033709247 1
-22.0865123272 6.0788938999 6.5459095671 5.3138156584 1
-18.844448328 6.0788938999 6.6454207775 6.1565183471 1
-15.6023843288 6.0788938999 5.803654105 7.5803494506 1
-12.3603203297 6.0788938999 5.074536688 9.3756389102 1
-9.1182563305 6.0788938999 4.9531785561 9.3791456498 1
-5.8761923313 6.0788938999 5.0434075045 8.2594558206 1
-2.6341283321 6.0788938999 4.4700712742 6.9663378787 1
0.607935667 6.0788938999 3.8163698953 6.1946878826 1
3.8499996662 6.0788938999 3.7203307014 5.5545475677 1
7.0920636654 6.0788938999 4.6948290091 4.1736485109 1
10.3341276646 6.0788938999 5.2428547558 2.2763850614 1
13.5761916637 6.0788938999 5.5647253858 1.7080687467 1
16.8182556629 6.0788938999 5.6567321612 1.80346375 1
20.0603196621 6.0788938999 6.2391679793 0.6259926556 1
23.3023836613 6.0788938999 6.3444420304 -1.9341061064 1
26.5444476604 6.0788938999 5.4117761012 -4.0771992815 1
29.7865116596 6.0788938999 4.4007553447 -4.7962832081 1
33.0285756588 6.0788938999 3.9376649215 -4.7486381686 1
36.270639658 6.0788938999 0 -0 0
39.5127036572 6.0788938999 0 -0 0
42.7547676563 6.0788938999 0 -0 0
-35.0547683239 2.8368299007 0 -0 0
-31.8127043247 2.8368299007 0 -0 0
-28.5706403255 2.8368299007 -1.8359086402 9.8596426541 1
-25.3285763264 2.8368299007 2.0246078583 9.6065655961 1
-22.0865123272 2.8368299007 5.5813526579 9.1554033415 1
-18.844448328 2.8368299007 5.4530441524 9.2975932702 1
-15.6023843288 2.8368299007 3.9283255928 10.5040034965 1
-12.3603203297 2.8368299007 3.2143091375 11.3344262557 1
-9.1182563305 2.8368299007 3.3237572172 10.2137068086 1
-5.8761923313 2.8368299007 3.2516779261 8.2907157444 1
-2.6341283321 2.8368299007 2.6377844131 6.4129614403 1
0.607935667 2.8368299007 1.9780064769 5.653457916 1
3.8499996662 2.8368299007 1.683415437 5.4368782457 1
7.0920636654 2.8368299007 2.0416110466 4.6179443313 1
10.3341276646 2.8368299007 2.8950152696 2.7764419371 1
13.5761916637 2.8368299007 3.5421914075 1.6937860443 1
16.8182556629 2.8368299007 4.2843140156 1.1648224198 1
20.0603196621 2.8368299007 5.2819307173 -0.1980065599 1
23.3023836613 2.8368299007 5.6539301513 -2.5957455071 1
26.5444476604 2.8368299007 5.0339709509 -4.8384742921 1
29.7865116596 2.8368299007 4.4709900798 -6.0080915307 1
33.0285756588 2.8368299007 4.3801798955 -6.3965050667 1
36.270639658 2.8368299007 0 -0 0
39.5127036572 2.8368299007 0 -0 0
42.7547676563 2.8368299007 0 -0 0
-35.0547683239 -0.4052340984 0 -0 0
-31.8127043247 -0.4052340984 0 -0 0
-28.5706403255 -0.4052340984 -3.9848081355 13.3701927866 1
-25.3285763264 -0.4052340984 -0.1350525876 11.351210537 1
-22.0865123272 -0.4052340984 3.4837743305 9.0951613348 1
-18.844448328 -0.4052340984 2.7574719069 8.0781198801 1
-15.6023843288 -0.4052340984 0.451857926 8.9615857752 1
-12.3603203297 -0.4052340984 -0.3434126292 9.9680399801 1
-9.1182563305 -0.4052340984 -0.0681113889 9.7758305501 1
-5.8761923313 -0.4052340984 -0.1763999455 8.5058907864 1
-2.6341283321 -0.4052340984 -0.8938712255 6.9462473464 1
0.607935667 -0.4052340984 -0.7109590035 6.4218421211 1
3.8499996662 -0.4052340984 -0.3617276745 6.3988910023 1
7.0920636654 -0.4052340984 0.0565082737 5.3214783103 1
10.3341276646 -0.4052340984 0.7839465323 2.8776298243 1
13.5761916637 -0.4052340984 1.56483984 0.9600931684 1
16.8182556629 -0.4052340984 2.6701243789 -0.0288467474 1
20.0603196621 -0.4052340984 3.9568031328 -1.0269377131 1
23.3023836613 -0.4052340984 4.6075370382 -2.8717253734 1
26.5444476604 -0.4052340984 4.5619470074 -5.2052456223 1
29.7865116596 -0.4052340984 4.4280432381 -7.0031589468 1
33.0285756588 -0.4052340984 4.4935091214 -7.870480071 1
36.270639658 -0.4052340984 0 -0 0
39.5127036572 -0.4052340984 0 -0 0
42.7547676563 -0.4052340984 0 -0 0
-35.0547683239 -3.6472980976 0 -0 0
-31.8127043247 -3.6472980976 0 -0 0
-28.5706403255 -3.6472980976 -4.1990057953 15.940077976 1
-25.3285763264 -3.6472980976 -1.3377869026 11.6628049163 1
-22.0865123272 -3.6472980976 1.0392365139 7.5024324374 1
-18.844448328 -3.6472980976 -0.1933902259 6.1752887946 1
-15.6023843288 -3.6472980976 -2.9163513075 6.857424234 1
-12.3603203297 -3.6472980976 -4.0316974173 7.7656836902 1
-9.1182563305 -3.6472980976 -3.917381751 8.4084092216 1
-5.8761923313 -3.6472980976 -4.0844672968 8.2611303839 1
-2.6341283321 -3.6472980976 -4.6109553092 7.3958461519 1
0.607935667 -3.6472980976 -3.2898667858 7.1423620778 1
3.8499996662 -3.6472980976 -1.852379809 6.8742707151 1
7.0920636654 -3.6472980976 -1.1747013167 5.1630137763 1
10.3341276646 -3.6472980976 -0.9797780433 2.395508077 1
13.5761916637 -3.6472980976 -0.2708996191 0.3005708628 1
16.8182556629 -3.6472980976 1.1890098349 -0.5372687685 1
20.0603196621 -3.6472980976 2.8225902564 -0.9524171557 1
23.3023836613 -3.6472980976 3.3574242125 -2.3278863369 1
26.5444476604 -3.6472980976 3.1666061254 -4.7873466683 1
29.7865116596 -3.6472980976 2.9044518233 -7.0887265343 1
33.0285756588 -3.6472980976 3.079551178 -8.3418796011 1
36.270639658 -3.6472980976 0 -0 0
39.5127036572 -3.6472980976 0 -0 0
42.7547676563 -3.6472980976 0 -0 0
-35.0547683239 -6.8893620968 0 -0 0
-31.8127043247 -6.8893620968 0 -0 0
-28.5706403255 -6.8893620968 -4.2404003597 18.3990023626 1
-25.3285763264 -6.8893620968 -1.6001409385 13.5308337094 1
-22.0865123272 -6.8893620968 0.5393085668 8.9948083137 1
-18.844448328 -6.8893620968 -0.4560663004 7.0157583296 1
-15.6023843288 -6.8893620968 -3.255035809 6.4294449887 1
-12.3603203297 -6.8893620968 -5.1601857994 6.1735816217 1
-9.1182563305 -6.8893620968 -5.5095481329 6.7351472965 1
-5.8761923313 -6.8893620968 -5.7036966263 7.3239299087 1
-2.6341283321 -6.8893620968 -5.7524618659 7.4683765424 1
0.607935667 -6.8893620968 -3.9613742135 7.5616091972 1
3.8499996662 -6.8893620968 -2.5095809829 6.7692285545 1
7.0920636654 -6.8893620968 -2.1579255605 4.5268521343 1
10.3341276646 -6.8893620968 -2.629221374 1.9896052281 1
13.5761916637 -6.8893620968 -2.1698057205 0.4793476669 1
16.8182556629 -6.8893620968 -0.4408946468 -0.1689923392 1
20.0603196621 -6.8893620968 1.5008102887 -0.3508996647 1
23.3023836613 -6.8893620968 1.9812014628 -1.5461491049 1
26.5444476604 -6.8893620968 1.0418796275 -4.019477876 1
29.7865116596 -6.8893620968 0.2614071309 -6.614566662 1
33.0285756588 -6.8893620968 0.423266026 -8.0878333134 1
36.270639658 -6.8893620968 0 -0 0
39.5127036572 -6.8893620968 0 -0 0
42.7547676563 -6.8893620968 0 -0 0
-35.0547683239 -10.131426096 0 -0 0
-31.8127043247 -10.131426096 0 -0 0
-28.5706403255 -10.131426096 -5.9644707573 20.7612561973 1
-25.3285763264 -10.131426096 -3.3729134701 17.47383181 1
-22.0865123272 -10.131426096 -0.2997184464 13.5188043907 1
-18.844448328 -10.131426096 0.097542151 10.9040363156 1
-15.6023843288 -10.131426096 -1.3996673907 8.209564946 1
-12.3603203297 -10.131426096 -3.6368241614 6.3003568722 1
-9.1182563305 -10.131426096 -4.6423079288 5.7891694043 1
-5.8761923313 -10.131426096 -4.862000608 6.1659570144 1
-2.6341283321 -10.131426096 -4.0024598925 6.8923026155 1
0.607935667 -10.131426096 -2.6424391314 7.2829003907 1
3.8499996662 -10.131426096 -2.4523922008 6.3228248858 1
7.0920636654 -10.131426096 -3.3410608366 3.9521438854 1
10.3341276646 -10.131426096 -4.5460347309 1.8006833288 1
13.5761916637 -10.131426096 -4.3264622241 0.855439681 1
16.8182556629 -10.131426096 -2.7802593738 0.5383294485 1
20.0603196621 -10.131426096 -1.060171046 0.5546584032 1
23.3023836613 -10.131426096 -0.6601170156 -0.3585220075 1
26.5444476604 -10.131426096 -1.7609634786 -2.6790886972 1
29.7865116596 -10.131426096 -2.3007528861 -5.3755927318 1
33.0285756588 -10.131426096 -1.8349350323 -7.0768361083 1
36.270639658 -10.131426096 0 -0 0
39.5127036572 -10.131426096 0 -0 0
42.7547676563 -10.131426096 0 -0 0
-35.0547683239 -13.3734900951 0 -0 0
-31.8127043247 -13.3734900951 0 -0 0
-28.5706403255 -13.3734900951 0 -0 0
-25.3285763264 -13.3734900951 -5.7136159832 18.0444333632 1
-22.0865123272 -13.3734900951 -2.303814716 15.8191966086 1
-18.844448328 -13.3734900951 -0.5040977108 13.6438923964 1
-15.6023843288 -13.3734900951 -0.8067749122 10.3805169845 1
-12.3603203297 -13.3734900951 -2.6949496438 7.6666211638 1
-9.1182563305 -13.3734900951 -3.9950176574 6.0442211546 1
-5.8761923313 -13.3734900951 -4.0318239305 5.5377016905 1
-2.6341283321 -13.3734900951 -2.4871950972 6.0932551215 1
0.607935667 -13.3734900951 -1.7833516289 6.3077622705 1
3.8499996662 -13.3734900951 -3.0882464671 5.3121942367 1
7.0920636654 -13.3734900951 -4.9782849278 3.4941837372 1
10.3341276646 -13.3734900951 -6.1619399949 1.7738290222 1
13.5761916637 -13.3734900951 -5.8227723882 0.9202917188 1
16.8182556629 -13.3734900951 -5.1504337177 0.7336134655 1
20.0603196621 -13.3734900951 -4.6140731492 0.9451255135 1
23.3023836613 -13.3734900951 -4.3757670318 0.3400802603 1
26.5444476604 -13.3734900951 -4.2331263056 -1.7684590063 1
29.7865116596 -13.3734900951 -3.4211853385 -4.1794007837 1
33.0285756588 -13.3734900951 -2.3595270079 -5.8077731805 1
36.270639658 -13.3734900951 0 -0 0
39.5127036572 -13.3734900951 0 -0 0
42.7547676563 -13.3734900951 0 -0 0
-35.0547683239 -16.6155540943 0 -0 0
-31.8127043247 -16.6155540943 0 -0 0
-28.5706403255 -16.6155540943 0 -0 0
-25.3285763264 -16.6155540943 -7.6973798659 13.1416453936 1
-22.0865123272 -16.6155540943 -5.0943029359 12.060394431 1
-18.844448328 -16.6155540943 -3.2521652585 11.771774118 1
-15.6023843288 -16.6155540943 -3.3378916667 10.0964837551 1
-12.3603203297 -16.6155540943 -4.592698463 8.5794218085 1
-9.1182563305 -16.6155540943 -5.0609475435 7.1237401852 1
-5.8761923313 -16.6155540943 -4.3631546655 5.8996181157 1
-2.6341283321 -16.6155540943 -2.7060136579 5.5016554022 1
0.607935667 -16.6155540943 -3.0993128968 5.132749653 1
3.8499996662 -16.6155540943 -5.4545556677 4.4065782716 1
7.0920636654 -16.6155540943 -7.4817700293 3.5425993294 1
10.3341276646 -16.6155540943 -7.4748610215 2.1515700101 1
13.5761916637 -16.6155540943 -6.3123529774 0.7224720035 1
16.8182556629 -16.6155540943 -6.1556723092 0.0208937607 1
20.0603196621 -16.6155540943 -6.4808902542 0.0101215899 1
23.3023836613 -16.6155540943 -6.4267456386 -0.3394296913 1
26.5444476604 -16.6155540943 -5.1171338823 -1.988795876 1
29.7865116596 -16.6155540943 -3.4418794503 -3.8975285441 1
33.0285756588 -16.6155540943 0 -0 0
36.270639658 -16.6155540943 0 -0 0
39.5127036572 -16.6155540943 0 -0 0
42.7547676563 -16.6155540943 0 -0 0
-35.0547683239 -19.8576180935 0 -0 0
-31.8127043247 -19.8576180935 0 -0 0
-28.5706403255 -19.8576180935 0 -0 0
-25.3285763264 -19.8576180935 0 -0 0
-22.0865123272 -19.8576180935 -6.6628801983 7.6123581874 1
-18.844448328 -19.8576180935 -5.9455686637 8.5771542336 1
-15.6023843288 -19.8576180935 -6.4677195995 8.4473795039 1
-12.3603203297 -19.8576180935 -7.2519110058 8.318553472 1
-9.1182563305 -19.8576180935 -6.6891599116 7.6842943586 1
-5.8761923313 -19.8576180935 -5.3483178218 6.4273881684 1
-2.6341283321 -19.8576180935 -4.2507134473 5.3200809286 1
0.607935667 -19.8576180935 -5.6242632668 4.4117680289 1
3.8499996662 -19.8576180935 -8.3378819059 3.8746815949 1
7.0920636654 -19.8576180935 -9.8399416253 4.1142030238 1
10.3341276646 -19.8576180935 -8.7269234785 3.3812509594 1
13.5761916637 -19.8576180935 -6.8179623922 1.3248655 1
16.8182556629 -19.8576180935 -6.270209298 -0.3155793175 1
20.0603196621 -19.8576180935 -6.4599748198 -0.8508147793 1
23.3023836613 -19.8576180935 -6.6722083552 -0.7949528003 1
26.5444476604 -19.8576180935 -5.6666732578 -1.5970335155 1
29.7865116596 -19.8576180935 -4.0196883286 -3.0897933095 1
33.0285756588 -19.8576180935 0 -0 0
36.270639658 -19.8576180935 0 -0 0
39.5127036572 -19.8576180935 0 -0 0
42.7547676563 -19.8576180935 0 -0 0
-35.0547683239 -23.0996820927 0 -0 0
-31.8127043247 -23.0996820927 0 -0 0
-28.5706403255 -23.0996820927 0 -0 0
-25.3285763264 -23.0996820927 0 -0 0
-22.0865123272 -23.0996820927 -7.7231951945 5.4576777349 1
-18.844448328 -23.0996820927 -7.910705219 6.4485083186 1
-15.6023843288 -23.0996820927 -8.7837559705 7.1788310831 1
-12.3603203297 -23.0996820927 -9.6534008306 7.4477811652 1
-9.1182563305 -23.0996820927 -8.657785694 7.5056444829 1
-5.8761923313 -23.0996820927 -7.1723019167 6.7901464044 1
-2.6341283321 -23.0996820927 -6.4923881572 5.5789564563 1
0.607935667 -23.0996820927 -7.8947887153 4.13309153 1
3.8499996662 -23.0996820927 -10.0945857557 3.3476633746 1
7.0920636654 -23.0996820927 -10.6409541496 4.0352358607 1
10.3341276646 -23.0996820927 -9.2177818809 4.0861786968 1
13.5761916637 -23.0996820927 -7.444929637 2.3830933309 1
16.8182556629 -23.0996820927 -6.4987778269 0.3013287907 1
20.0603196621 -23.0996820927 -6.3011751316 -0.4682942206 1
23.3023836613 -23.0996820927 -6.7077630839 0.032307927 1
26.5444476604 -23.0996820927 -6.9131027085 0.0911334968 1
29.7865116596 -23.0996820927 0 -0 0
33.0285756588 -23.0996820927 0 -0 0
36.270639658 -23.0996820927 0 -0 0
39.5127036572 -23.0996820927 0 -0 0
42.7547676563 -23.0996820927 0 -0 0
-35.0547683239 -26.3417460918 0 -0 0
-31.8127043247 -26.3417460918 0 -0 0
-28.5706403255 -26.3417460918 0 -0 0
-25.3285763264 -26.3417460918 0 -0 0
-22.0865123272 -26.3417460918 0 -0 0
-18.844448328 -26.3417460918 -9.2065309654 7.6300513103 1
-15.6023843288 -26.3417460918 -10.2572116368 7.4493065698 1
-12.3603203297 -26.3417460918 -11.2406615814 7.2772534951 1
-9.1182563305 -26.3417460918 -10.7330484879 7.1032692076 1
-5.8761923313 -26.3417460918 -9.4811816885 6.2118628752 1
-2.6341283321 -26.3417460918 -8.9095245506 4.5202713361 1
0.607935667 -26.3417460918 -9.2076753208 2.5217854272 1
3.8499996662 -26.3417460918 -10.59864863 1.5575417815 1
7.0920636654 -26.3417460918 -10.7009099166 2.4355843682 1
10.3341276646 -26.3417460918 -10.1447495847 3.2825257008 1
13.5761916637 -26.3417460918 -8.8972790424 2.6075181762 1
16.8182556629 -26.3417460918 -7.7687520119 1.3398245496 1
20.0603196621 -26.3417460918 -7.2771822371 0.9936088159 1
23.3023836613 -26.3417460918 -7.8000952713 1.7725966511 1
26.5444476604 -26.3417460918 0 -0 0
29.7865116596 -26.3417460918 0 -0 0
33.0285756588 -26.3417460918 0 -0 0
36.270639658 -26.3417460918 0 -0 0
39.5127036572 -26.3417460918 0 -0 0
42.7547676563 -26.3417460918 0 -0 0
-35.0547683239 -29.583810091 0 -0 0
-31.8127043247 -29.583810091 0 -0 0
-28.5706403255 -29.583810091 0 -0 0
-25.3285763264 -29.583810091 0 -0 0
-22.0865123272 -29.583810091 0 -0 0
-18.844448328 -29.583810091 0 -0 0
-15.6023843288 -29.583810091 -11.1616763019 7.9791636369 1
-12.3603203297 -29.583810091 -11.8929670883 6.9265022343 1
-9.1182563305 -29.583810091 -12.0930064454 5.6277458511 1
-5.8761923313 -29.583810091 -11.5394645435 4.2380068756 1
-2.6341283321 -29.583810091 -10.9379345975 2.5857678757 1
0.607935667 -29.583810091 -10.5428946703 0.8125120125 1
3.8499996662 -29.583810091 -11.4317514152 -0.3476789762 1
7.0920636654 -29.583810091 -11.689770639 -0.0694640834 1
10.3341276646 -29.583810091 -11.5189941698 0.8871485906 1
13.5761916637 -29.583810091 -10.305668293 1.5060448842 1
16.8182556629 -29.583810091 -9.1722860555 1.6152518643 1
20.0603196621 -29.583810091 -8.4512890325 1.981577379 1
23.3023836613 -29.583810091 0 -0 0
26.5444476604 -29.583810091 0 -0 0
29.7865116596 -29.583810091 0 -0 0
33.0285756588 -29.583810091 0 -0 0
36.270639658 -29.583810091 0 -0 0
39.5127036572 -29.583810091 0 -0 0
42.7547676563 -29.583810091 0 -0 0
-35.0547683239 -32.8258740902 0 -0 0
-31.8127043247 -32.8258740902 0 -0 0
-28.5706403255 -32.8258740902 0 -0 0
-25.3285763264 -32.8258740902 0 -0 0
-22.0865123272 -32.8258740902 0 -0 0
-18.844448328 -32.8258740902 0 -0 0
-15.6023843288 -32.8258740902 0 -0 0
-12.3603203297 -32.8258740902 0 -0 0
-9.1182563305 -32.8258740902 -12.225124839 4.4720441549 1
-5.8761923313 -32.8258740902 -12.2429743672 3.2062482258 1
-2.6341283321 -32.8258740902 -12.0006778011 2.0631607075 1
0.607935667 -32.8258740902 -12.0618799794 0.6963971569 1
3.8499996662 -32.8258740902 -13.1904378078 -0.9161713601 1
7.0920636654 -32.8258740902 -13.8981264912 -1.615890167 1
10.3341276646 -32.8258740902 -13.4629670954 -1.0047135166 1
13.5761916637 -32.8258740902 -11.7509776483 0.0258915686 1
16.8182556629 -32.8258740902 0 -0 0
20.0603196621 -32.8258740902 0 -0 0
23.3023836613 -32.8258740902 0 -0 0
26.5444476604 -32.8258740902 0 -0 0
29.7865116596 -32.8258740902 0 -0 0
33.0285756588 -32.8258740902 0 -0 0
36.270639658 -32.8258740902 0 -0 0
39.5127036572 -32.8258740902 0 -0 0
42.7547676563 -32.8258740902 0 -0 0
-35.0547683239 -36.0679380894 0 -0 0
-31.8127043247 -36.0679380894 0 -0 0
-28.5706403255 -36.0679380894 0 -0 0
-25.3285763264 -36.0679380894 0 -0 0
-22.0865123272 -36.0679380894 0 -0 0
-18.844448328 -36.0679380894 0 -0 0
-15.6023843288 -36.0679380894 0 -0 0
-12.3603203297 -36.0679380894 0 -0 0
-9.1182563305 -36.0679380894 0 -0 0
-5.8761923313 -36.0679380894 0 -0 0
-2.6341283321 -36.0679380894 0 -0 0
0.607935667 -36.0679380894 0 -0 0
3.8499996662 -36.0679380894 0 -0 0
7.0920636654 -36.0679380894 0 -0 0
10.3341276646 -36.0679380894 0 -0 0
13.5761916637 -36.0679380894 0 -0 0
16.8182556629 -36.0679380894 0 -0 0
20.0603196621 -36.0679380894 0 -0 0
23.3023836613 -36.0679380894 0 -0 0
26.5444476604 -36.0679380894 0 -0 0
29.7865116596 -36.0679380894 0 -0 0
33.0285756588 -36.0679380894 0 -0 0
36.270639658 -36.0679380894 0 -0 0
39.5127036572 -36.0679380894 0 -0 0
42.7547676563 -36.0679380894 0 -0 0
-35.0547683239 -39.3100020885 0 -0 0
-31.8127043247 -39.3100020885 0 -0 0
-28.5706403255 -39.3100020885 0 -0 0
-25.3285763264 -39.3100020885 0 -0 0
-22.0865123272 -39.3100020885 0 -0 0
-18.844448328 -39.3100020885 0 -0 0
-15.6023843288 -39.3100020885 0 -0 0
-12.3603203297 -39.3100020885 0 -0 0
-9.1182563305 -39.3100020885 0 -0 0
-5.8761923313 -39.3100020885 0 -0 0
-2.6341283321 -39.3100020885 0 -0 0
0.607935667 -39.3100020885 0 -0 0
3.8499996662 -39.3100020885 0 -0 0
7.0920636654 -39.3100020885 0 -0 0
10.3341276646 -39.3100020885 0 -0 0
13.5761916637 -39.3100020885 0 -0 0
16.8182556629 -39.3100020885 0 -0 0
20.0603196621 -39.3100020885 0 -0 0
23.3023836613 -39.3100020885 0 -0 0
26.5444476604 -39.3100020885 0 -0 0
29.7865116596 -39.3100020885 0 -0 0
33.0285756588 -39.3100020885 0 -0 0
36.270639658 -39.3100020885 0 -0 0
39.5127036572 -39.3100020885 0 -0 0
42.7547676563 -39.3100020885 0 -0 0
-35.0547683239 -42.5520660877 0 -0 0
-31.8127043247 -42.5520660877 0 -0 0
-28.5706403255 -42.5520660877 0 -0 0
-25.3285763264 -42.5520660877 0 -0 0
-22.0865123272 -42.5520660877 0 -0 0
-18.844448328 -42.5520660877 0 -0 0
-15.6023843288 -42.5520660877 0 -0 0
-12.3603203297 -42.5520660877 0 -0 0
-9.1182563305 -42.5520660877 0 -0 0
-5.8761923313 -42.5520660877 0 -0 0
-2.6341283321 -42.5520660877 0 -0 0
0.607935667 -42.5520660877 0 -0 0
3.8499996662 -42.5520660877 0 -0 0
7.0920636654 -42.5520660877 0 -0 0
10.3341276646 -42.5520660877 0 -0 0
13.5761916637 -42.5520660877 0 -0 0
16.8182556629 -42.5520660877 0 -0 0
20.0603196621 -42.5520660877 0 -0 0
23.3023836613 -42.5520660877 0 -0 0
26.5444476604 -42.5520660877 0 -0 0
29.7865116596 -42.5520660877 0 -0 0
33.0285756588 -42.5520660877 0 -0 0
36.270639658 -42.5520660877 0 -0 0
39.5127036572 -42.5520660877 0 -0 0
42.7547676563 -42.5520660877 0 -0 0
