,0,1,2,3,4,5,6,7,8,9,10,11,12,13,14,15,16,17,18,19,20,21,22,23,24
0,-0.0,-0.0,-0.0,-0.0,-0.0,-0.0,-0.0,-0.0,-0.0,-0.0,-0.0,-0.0,-0.0,-0.0,-0.0,-0.0,-0.0,-0.0,-0.0,-0.0,-0.0,-0.0,-0.0,-0.0,-0.0
1,-0.0,-0.0,-0.0,-0.0,-0.0,-0.0,-0.0,-0.0,-0.0,-0.0,-0.0,-0.0,-0.0,-0.0,-0.0,-0.0,-0.0,-0.0,-0.0,-0.0,-0.0,-0.0,-0.0,-0.0,-0.0
2,-0.0,-0.0,-0.0,-0.0,-0.0,-0.0,-0.0,-0.0,-0.0,-0.0,-0.0,-0.0,-0.0,-0.0,-0.0,-0.0,-0.0,-0.0,-0.0,-0.0,-0.0,-0.0,-0.0,-0.0,-0.0
3,-0.0,-0.0,-0.0,-0.0,-0.0,-0.0,-0.0,-0.0,-0.3892453449,1.1956987279,1.06732372,0.0752269902,0.0332854083,1.9626028196,2.5914449653,0.2501361552,-5.1025314247,-0.0,-0.0,-0.0,-0.0,-0.0,-0.0,-0.0,-0.0
4,-0.0,-0.0,-0.0,-0.0,-0.0,-0.0,0.0769659659,-1.5182035845,-1.0946717751,0.1732651402,0.2008193077,-1.1249673002,-1.065777255,0.3655581701,0.9100735161,-1.8465739416,-7.340337368,-14.0322835887,-0.0,-0.0,-0.0,-0.0,-0.0,-0.0,-0.0
5,-0.0,-0.0,-0.0,-0.0,-0.0,1.2828623741,-0.0561590321,-1.7249301738,-1.8208491953,-0.3413256148,0.1103648379,-0.6093308867,-0.5104575262,0.1563027705,-0.3429638698,-3.5626687258,-8.8311987097,-13.5894102111,-14.9913065282,-0.0,-0.0,-0.0,-0.0,-0.0,-0.0
6,-0.0,-0.0,-0.0,-0.0,-0.914251168,0.9803513533,0.1613893395,-1.8656899602,-2.1445059557,-0.5808384007,0.3867288954,0.5230268281,2.1835708964,3.296763414,1.5119324265,-3.6622442495,-8.6611523331,-11.304006331,-10.3832223734,-9.4645302611,-0.0,-0.0,-0.0,-0.0,-0.0
7,-0.0,-0.0,-0.0,-0.0,-0.4373877185,2.1557312063,1.7588571401,0.3421544044,0.0377294403,0.5852056714,0.6323653411,0.5144983989,2.4762618233,3.8322157448,1.7735134941,-3.8481775396,-8.7165186009,-9.5772785531,-8.0425500544,-8.0313432222,-10.048403921,-0.0,-0.0,-0.0,-0.0
8,-0.0,-0.0,-0.0,-1.1019354878,1.6665389128,4.1553207085,4.0255006877,3.0086458324,2.4572532956,1.6163110724,0.5483415389,-0.1903004852,0.9701095237,1.5614023957,-0.501205496,-5.0323733825,-8.711092726,-9.3539317872,-9.1782662936,-10.7254154262,-14.0425278338,-0.0,-0.0,-0.0,-0.0
9,-0.0,-0.0,-0.0,2.1493664466,4.2777887745,5.7261036479,5.1510369953,4.3935902911,3.5543484471,2.0029111522,0.8009883691,-0.02917311,-0.7285698475,-2.3844138687,-4.8338473524,-7.322532527,-9.3836675142,-10.6983120185,-11.9794561988,-13.448847139,-16.1679321131,-18.2796560618,-0.0,-0.0,-0.0
10,-0.0,-0.0,1.830906992,3.9366778773,5.4358480239,5.5892200256,4.5427967185,3.6968152554,2.6518029173,0.9955616931,0.1595943207,-0.0122987843,-0.8795928258,-3.5670103316,-6.5431226542,-8.310433078,-9.7488648273,-11.2529771399,-12.7855570283,-13.8861478986,-16.2390005067,-18.3111013772,-0.0,-0.0,-0.0
11,-0.0,-0.0,2.3081382054,4.3317033113,5.5087818073,4.8846032872,3.3009694484,2.2297042696,0.9217453369,-0.694402461,-0.9856204455,-0.1937187374,-0.4033520158,-3.4210244041,-6.8095950107,-8.4912369988,-9.6150187288,-11.0674418078,-12.8236317544,-13.8764084984,-15.6334487102,-17.7021122875,-0.0,-0.0,-0.0
12,-0.0,-0.0,3.5859990822,4.8098488012,5.514881614,4.8624707297,3.5782697014,2.1744864057,0.3017131424,-1.7365612327,-2.2630385262,-1.5836445577,-1.4033303846,-3.3759733374,-6.2015588459,-7.8934166967,-8.9725552819,-10.1888099838,-12.5636281761,-15.0365493272,-17.3119251517,-18.6242779259,-0.0,-0.0,-0.0
13,-0.0,-0.0,6.0078699063,6.0510492423,5.7054955892,4.995940912,4.2895874105,2.9506967636,0.7506981778,-1.6865630182,-3.0435175712,-3.2620483825,-2.9396369766,-3.1505821308,-4.9935767161,-6.9578714606,-8.3921980238,-9.4734193962,-12.1603778766,-15.7449216045,-18.3592114054,-19.0829548814,-0.0,-0.0,-0.0
14,-0.0,-0.0,8.2581441901,7.1129633167,5.392291262,4.6223224719,4.684421716,4.1467386472,2.382532929,-0.3782563252,-2.8249671338,-4.4174106973,-4.3037004222,-3.1748554481,-4.0889118643,-6.0922049716,-7.8915144701,-9.0163185714,-11.8703553509,-15.7013261941,-18.0474370695,-18.1616044829,-0.0,-0.0,-0.0
15,-0.0,-0.0,-0.0,6.0755040259,3.9600924751,3.4790936453,4.3038595449,4.678884425,3.0928737088,-0.0239985182,-3.1462042922,-5.1517882238,-5.0954968096,-3.8992556451,-4.4677780344,-6.4084287061,-8.3418198169,-9.8329444508,-12.6051003393,-15.8172907587,-17.2277513227,-16.8353455264,-0.0,-0.0,-0.0
16,-0.0,-0.0,-0.0,4.4769437472,3.0898331656,2.7950381648,3.2294892077,3.1056621065,1.4039744242,-1.4084920614,-4.31471522,-6.1885965303,-5.9963098035,-4.8550372509,-5.4259347059,-8.2863575319,-11.2209182809,-12.9166137984,-14.8915211557,-16.6102052326,-17.2807841925,-0.0,-0.0,-0.0,-0.0
17,-0.0,-0.0,-0.0,-0.0,3.0818154315,2.3292024965,0.7742350616,-0.7657775508,-2.0691652518,-3.2739179745,-5.2726031643,-6.4839585759,-5.5142656549,-3.8240349626,-5.1004915131,-10.0068194358,-14.1033145416,-15.0970316788,-15.2080456232,-15.7150850293,-16.8493845626,-0.0,-0.0,-0.0,-0.0
18,-0.0,-0.0,-0.0,-0.0,3.6601080189,1.6543608883,-1.2616345065,-3.885756479,-4.0237270879,-3.1983086943,-3.572051836,-3.7316311352,-2.3078578534,-0.60603075,-3.2942576079,-9.8707854748,-14.5762298142,-14.9091496633,-14.2763652284,-14.2861444848,-0.0,-0.0,-0.0,-0.0,-0.0
19,-0.0,-0.0,-0.0,-0.0,-0.0,1.0125311395,-1.9161755071,-4.3903329545,-4.2626902283,-2.4274917527,-1.0557114569,-0.0175485263,1.4012411058,2.0068467987,-1.8142596408,-7.9651976703,-11.9026207373,-12.2375032012,-12.1062978763,-0.0,-0.0,-0.0,-0.0,-0.0,-0.0
20,-0.0,-0.0,-0.0,-0.0,-0.0,-0.0,-1.0306764187,-3.4822117872,-4.1367099877,-3.0241824946,-0.9153919756,0.8574150527,1.8467285353,1.2882847767,-2.3363997067,-6.6497173941,-9.3099263413,-10.1512545958,-0.0,-0.0,-0.0,-0.0,-0.0,-0.0,-0.0
21,-0.0,-0.0,-0.0,-0.0,-0.0,-0.0,-0.0,-0.0,-5.2993569246,-4.8176874845,-3.073972823,-1.4364821181,-0.0745742604,-0.4325208491,-2.7990089873,-5.7083736882,-7.6879436142,-0.0,-0.0,-0.0,-0.0,-0.0,-0.0,-0.0,-0.0
22,-0.0,-0.0,-0.0,-0.0,-0.0,-0.0,-0.0,-0.0,-0.0,-0.0,-0.0,-0.0,-0.0,-0.0,-0.0,-0.0,-0.0,-0.0,-0.0,-0.0,-0.0,-0.0,-0.0,-0.0,-0.0
23,-0.0,-0.0,-0.0,-0.0,-0.0,-0.0,-0.0,-0.0,-0.0,-0.0,-0.0,-0.0,-0.0,-0.0,-0.0,-0.0,-0.0,-0.0,-0.0,-0.0,-0.0,-0.0,-0.0,-0.0,-0.0
24,-0.0,-0.0,-0.0,-0.0,-0.0,-0.0,-0.0,-0.0,-0.0,-0.0,-0.0,-0.0,-0.0,-0.0,-0.0,-0.0,-0.0,-0.0,-0.0,-0.0,-0.0,-0.0,-0.0,-0.0,-0.0
