TITLE = "B00090"
VARIABLES = "x", "y", "Vx", "Vy", "isValid"
ZONE T="Frame 0", I=25, J=25, F=POINT
-35.0547683239 35.2574698925 0 -0 0
-31.8127043247 35.2574698925 0 -0 0
-28.5706403255 35.2574698925 0 -0 0
-25.3285763264 35.2574698925 0 -0 0
-22.0865123272 35.2574698925 0 -0 0
-18.844448328 35.2574698925 0 -0 0
-15.6023843288 35.2574698925 0 -0 0
-12.3603203297 35.2574698925 0 -0 0
-9.1182563305 35.2574698925 0 -0 0
-5.8761923313 35.2574698925 0 -0 0
-2.6341283321 35.2574698925 0 -0 0
0.607935667 35.2574698925 0 -0 0
3.8499996662 35.2574698925 0 -0 0
7.0920636654 35.2574698925 0 -0 0
10.3341276646 35.2574698925 0 -0 0
13.5761916637 35.2574698925 0 -0 0
16.8182556629 35.2574698925 0 -0 0
20.0603196621 35.2574698925 0 -0 0
23.3023836613 35.2574698925 0 -0 0
26.5444476604 35.2574698925 0 -0 0
29.7865116596 35.2574698925 0 -0 0
33.0285756588 35.2574698925 0 -0 0
36.270639658 35.2574698925 0 -0 0
39.5127036572 35.2574698925 0 -0 0
42.7547676563 35.2574698925 0 -0 0
-35.0547683239 32.0154058933 0 -0 0
-31.8127043247 32.0154058933 0 -0 0
-28.5706403255 32.0154058933 0 -0 0
-25.3285763264 32.0154058933 0 -0 0
-22.0865123272 32.0154058933 0 -0 0
-18.844448328 32.0154058933 0 -0 0
-15.6023843288 32.0154058933 0 -0 0
-12.3603203297 32.0154058933 0 -0 0
-9.1182563305 32.0154058933 0 -0 0
-5.8761923313 32.0154058933 0 -0 0
-2.6341283321 32.0154058933 0 -0 0
0.607935667 32.0154058933 0 -0 0
3.8499996662 32.0154058933 0 -0 0
7.0920636654 32.0154058933 0 -0 0
10.3341276646 32.0154058933 0 -0 0
13.5761916637 32.0154058933 0 -0 0
16.8182556629 32.0154058933 0 -0 0
20.0603196621 32.0154058933 0 -0 0
23.3023836613 32.0154058933 0 -0 0
26.5444476604 32.0154058933 0 -0 0
29.7865116596 32.0154058933 0 -0 0
33.0285756588 32.0154058933 0 -0 0
36.270639658 32.0154058933 0 -0 0
39.5127036572 32.0154058933 0 -0 0
42.7547676563 32.0154058933 0 -0 0
-35.0547683239 28.7733418941 0 -0 0
-31.8127043247 28.7733418941 0 -0 0
-28.5706403255 28.7733418941 0 -0 0
-25.3285763264 28.7733418941 0 -0 0
-22.0865123272 28.7733418941 0 -0 0
-18.844448328 28.7733418941 0 -0 0
-15.6023843288 28.7733418941 0 -0 0
-12.3603203297 28.7733418941 0 -0 0
-9.1182563305 28.7733418941 0 -0 0
-5.8761923313 28.7733418941 0 -0 0
-2.6341283321 28.7733418941 0 -0 0
0.607935667 28.7733418941 0 -0 0
3.8499996662 28.7733418941 0 -0 0
7.0920636654 28.7733418941 0 -0 0
10.3341276646 28.7733418941 0 -0 0
13.5761916637 28.7733418941 0 -0 0
16.8182556629 28.7733418941 0 -0 0
20.0603196621 28.7733418941 0 -0 0
23.3023836613 28.7733418941 0 -0 0
26.5444476604 28.7733418941 0 -0 0
29.7865116596 28.7733418941 0 -0 0
33.0285756588 28.7733418941 0 -0 0
36.270639658 28.7733418941 0 -0 0
39.5127036572 28.7733418941 0 -0 0
42.7547676563 28.7733418941 0 -0 0
-35.0547683239 25.531277895 0 -0 0
-31.8127043247 25.531277895 0 -0 0
-28.5706403255 25.531277895 0 -0 0
-25.3285763264 25.531277895 0 -0 0
-22.0865123272 25.531277895 0 -0 0
-18.844448328 25.531277895 0 -0 0
-15.6023843288 25.531277895 0 -0 0
-12.3603203297 25.531277895 0 -0 0
-9.1182563305 25.531277895 7.8838379289 0.1895838855 1
-5.8761923313 25.531277895 7.4538821796 -2.3268073517 1
-2.6341283321 25.531277895 7.3509602468 -2.5790892487 1
0.607935667 25.531277895 8.2564629841 -0.6901146761 1
3.8499996662 25.531277895 10.5670088648 0.5002371344 1
7.0920636654 25.531277895 11.7426658239 -1.0330495219 1
10.3341276646 25.531277895 10.5643976814 -3.9795652367 1
13.5761916637 25.531277895 9.1005032702 -5.4336945827 1
16.8182556629 25.531277895 8.6535989838 -5.4913719048 1
20.0603196621 25.531277895 0 -0 0
23.3023836613 25.531277895 0 -0 0
26.5444476604 25.531277895 0 -0 0
29.7865116596 25.531277895 0 -0 0
33.0285756588 25.531277895 0 -0 0
36.270639658 25.531277895 0 -0 0
39.5127036572 25.531277895 0 -0 0
42.7547676563 25.531277895 0 -0 0
-35.0547683239 22.2892138958 0 -0 0
-31.8127043247 22.2892138958 0 -0 0
-28.5706403255 22.2892138958 0 -0 0
-25.3285763264 22.2892138958 0 -0 0
-22.0865123272 22.2892138958 0 -0 0
-18.844448328 22.2892138958 0 -0 0
-15.6023843288 22.2892138958 7.6814627584 4.9363091275 1
-12.3603203297 22.2892138958 7.8848983448 4.5431022825 1
-9.1182563305 22.2892138958 8.6971110586 2.2140339986 1
-5.8761923313 22.2892138958 8.5093993376 -2.3086178382 1
-2.6341283321 22.2892138958 8.1703627732 -4.692950032 1
0.607935667 22.2892138958 8.8175540081 -2.5256717064 1
3.8499996662 22.2892138958 9.6872936775 1.0292502016 1
7.0920636654 22.2892138958 10.6363779359 0.9764307284 1
10.3341276646 22.2892138958 9.8746334075 -3.5746862688 1
13.5761916637 22.2892138958 9.6227121786 -7.6919835812 1
16.8182556629 22.2892138958 9.6795875462 -9.0144592203 1
20.0603196621 22.2892138958 9.7665917676 -8.267120888 1
23.3023836613 22.2892138958 0 -0 0
26.5444476604 22.2892138958 0 -0 0
29.7865116596 22.2892138958 0 -0 0
33.0285756588 22.2892138958 0 -0 0
36.270639658 22.2892138958 0 -0 0
39.5127036572 22.2892138958 0 -0 0
42.7547676563 22.2892138958 0 -0 0
-35.0547683239 19.0471498966 0 -0 0
-31.8127043247 19.0471498966 0 -0 0
-28.5706403255 19.0471498966 0 -0 0
-25.3285763264 19.0471498966 0 -0 0
-22.0865123272 19.0471498966 0 -0 0
-18.844448328 19.0471498966 6.9606831327 6.5726790284 1
-15.6023843288 19.0471498966 8.3256617606 6.1014359036 1
-12.3603203297 19.0471498966 9.5515622611 5.8630222953 1
-9.1182563305 19.0471498966 10.9136597706 4.3184879694 1
-5.8761923313 19.0471498966 9.5239479697 0.3838453236 1
-2.6341283321 19.0471498966 8.1850727217 -3.3138200459 1
0.607935667 19.0471498966 7.6117923504 -2.5575931823 1
3.8499996662 19.0471498966 7.5341990177 2.0180140766 1
7.0920636654 19.0471498966 8.062048179 3.6649710763 1
10.3341276646 19.0471498966 8.7928081536 -1.7559091418 1
13.5761916637 19.0471498966 10.5986727853 -9.3535235633 1
16.8182556629 19.0471498966 11.3362475622 -12.8686185077 1
20.0603196621 19.0471498966 10.5990568539 -11.4878435485 1
23.3023836613 19.0471498966 9.6405278895 -8.8412605826 1
26.5444476604 19.0471498966 0 -0 0
29.7865116596 19.0471498966 0 -0 0
33.0285756588 19.0471498966 0 -0 0
36.270639658 19.0471498966 0 -0 0
39.5127036572 19.0471498966 0 -0 0
42.7547676563 19.0471498966 0 -0 0
-35.0547683239 15.8050858974 0 -0 0
-31.8127043247 15.8050858974 0 -0 0
-28.5706403255 15.8050858974 0 -0 0
-25.3285763264 15.8050858974 0 -0 0
-22.0865123272 15.8050858974 5.0416420571 6.3115425685 1
-18.844448328 15.8050858974 6.5764937476 7.8936262435 1
-15.6023843288 15.8050858974 9.0143970205 7.3699776817 1
-12.3603203297 15.8050858974 11.9308835975 6.1831108711 1
-9.1182563305 15.8050858974 13.5416419798 4.8190105888 1
-5.8761923313 15.8050858974 11.4125866332 2.518633317 1
-2.6341283321 15.8050858974 9.144366804 -0.8850465548 1
0.607935667 15.8050858974 7.6640921082 -1.5566657005 1
3.8499996662 15.8050858974 6.7236258421 1.6617229582 1
7.0920636654 15.8050858974 6.2938790358 3.8962410689 1
10.3341276646 15.8050858974 8.2202922962 -0.3756883571 1
13.5761916637 15.8050858974 12.1881032822 -8.3062373096 1
16.8182556629 15.8050858974 14.7531489656 -12.8859825152 1
20.0603196621 15.8050858974 15.2348132728 -11.6675163994 1
23.3023836613 15.8050858974 13.8260496157 -9.0240929413 1
26.5444476604 15.8050858974 11.9227118735 -8.5176990844 1
29.7865116596 15.8050858974 0 -0 0
33.0285756588 15.8050858974 0 -0 0
36.270639658 15.8050858974 0 -0 0
39.5127036572 15.8050858974 0 -0 0
42.7547676563 15.8050858974 0 -0 0
-35.0547683239 12.5630218983 0 -0 0
-31.8127043247 12.5630218983 0 -0 0
-28.5706403255 12.5630218983 0 -0 0
-25.3285763264 12.5630218983 0 -0 0
-22.0865123272 12.5630218983 5.1600843473 5.964742504 1
-18.844448328 12.5630218983 7.3236617854 7.9947250582 1
-15.6023843288 12.5630218983 9.9476698507 7.1734354022 1
-12.3603203297 12.5630218983 13.2349668189 3.9288108116 1
-9.1182563305 12.5630218983 15.1686967072 1.0347898327 1
-5.8761923313 12.5630218983 13.7028191493 -0.2497846962 1
-2.6341283321 12.5630218983 11.9691600199 -1.3255740039 1
0.607935667 12.5630218983 10.3486791461 -2.021277603 1
3.8499996662 12.5630218983 9.2092556785 -1.2999738081 1
7.0920636654 12.5630218983 7.6013337274 -0.2623132173 1
10.3341276646 12.5630218983 8.5682566442 -2.0343323124 1
13.5761916637 12.5630218983 13.0700021049 -6.4096998766 1
16.8182556629 12.5630218983 17.5918435328 -9.8125725098 1
20.0603196621 12.5630218983 20.3808350325 -10.0739450873 1
23.3023836613 12.5630218983 19.4930012628 -9.9086693743 1
26.5444476604 12.5630218983 15.7151019379 -10.342683811 1
29.7865116596 12.5630218983 9.8278501068 -11.4968317202 1
33.0285756588 12.5630218983 0 -0 0
36.270639658 12.5630218983 0 -0 0
39.5127036572 12.5630218983 0 -0 0
42.7547676563 12.5630218983 0 -0 0
-35.0547683239 9.3209578991 0 -0 0
-31.8127043247 9.3209578991 0 -0 0
-28.5706403255 9.3209578991 0 -0 0
-25.3285763264 9.3209578991 3.5959540681 3.4073476968 1
-22.0865123272 9.3209578991 4.1361254305 6.1752670548 1
-18.844448328 9.3209578991 6.0389800674 8.0183199146 1
-15.6023843288 9.3209578991 8.1344928184 6.8829346024 1
-12.3603203297 9.3209578991 10.6528638998 2.2157414735 1
-9.1182563305 9.3209578991 12.6753607395 -3.1596388431 1
-5.8761923313 9.3209578991 13.1128909739 -5.3758807833 1
-2.6341283321 9.3209578991 13.2637321084 -4.4928566275 1
0.607935667 9.3209578991 13.4996541018 -3.123463928 1
3.8499996662 9.3209578991 13.3446159912 -4.0483847756 1
7.0920636654 9.3209578991 11.9334041987 -5.3983952958 1
10.3341276646 9.3209578991 11.1530299271 -5.3208623512 1
13.5761916637 9.3209578991 14.1397563722 -4.5499596584 1
16.8182556629 9.3209578991 18.8477623768 -5.1098873048 1
20.0603196621 9.3209578991 22.4907582067 -7.3253623156 1
23.3023836613 9.3209578991 21.8756880306 -10.846045579 1
26.5444476604 9.3209578991 16.9250291699 -12.9147284805 1
29.7865116596 9.3209578991 9.9707037012 -13.3096488391 1
33.0285756588 9.3209578991 0 -0 0
36.270639658 9.3209578991 0 -0 0
39.5127036572 9.3209578991 0 -0 0
42.7547676563 9.3209578991 0 -0 0
-35.0547683239 6.0788938999 0 -0 0
-31.8127043247 6.0788938999 0 -0 0
-28.5706403255 6.0788938999 0 -0 0
-25.3285763264 6.0788938999 1.4862531222 4.6976035425 1
-22.0865123272 6.0788938999 1.5870970989 7.5795553464 1
-18.844448328 6.0788938999 2.0772427702 9.4820428235 1
-15.6023843288 6.0788938999 2.8911075527 8.471240672 1
-12.3603203297 6.0788938999 3.792560359 2.806570489 1
-9.1182563305 6.0788938999 5.4004134676 -5.2461422865 1
-5.8761923313 6.0788938999 7.535710533 -8.4217211845 1
-2.6341283321 6.0788938999 10.5128769307 -5.8813350006 1
0.607935667 6.0788938999 13.8387903067 -2.3323286399 1
3.8499996662 6.0788938999 15.7147987895 -4.4270640444 1
7.0920636654 6.0788938999 16.0942791069 -8.6247823644 1
10.3341276646 6.0788938999 14.3842631445 -8.4948759885 1
13.5761916637 6.0788938999 14.2016747539 -4.9267989003 1
16.8182556629 6.0788938999 15.5473811089 -3.5533287932 1
20.0603196621 6.0788938999 17.0210257901 -6.3799943437 1
23.3023836613 6.0788938999 16.8547107971 -11.4776850546 1
26.5444476604 6.0788938999 13.3447585072 -14.065563496 1
29.7865116596 6.0788938999 8.4763676256 -13.8151845804 1
33.0285756588 6.0788938999 4.7068335687 -12.3124159041 1
36.270639658 6.0788938999 0 -0 0
39.5127036572 6.0788938999 0 -0 0
42.7547676563 6.0788938999 0 -0 0
-35.0547683239 2.8368299007 0 -0 0
-31.8127043247 2.8368299007 0 -0 0
-28.5706403255 2.8368299007 -0.4544638255 6.7178388461 1
-25.3285763264 2.8368299007 -0.627195059 7.1788377258 1
-22.0865123272 2.8368299007 -1.5815638841 9.715442404 1
-18.844448328 2.8368299007 -3.0525999484 11.8922049899 1
-15.6023843288 2.8368299007 -4.01883595 11.6042936338 1
-12.3603203297 2.8368299007 -4.3270398367 5.2247310654 1
-9.1182563305 2.8368299007 -2.6672278614 -4.5561778258 1
-5.8761923313 2.8368299007 1.249097399 -8.6029973407 1
-2.6341283321 2.8368299007 6.6408192007 -4.7371423792 1
0.607935667 2.8368299007 12.1569876861 0.4833606857 1
3.8499996662 2.8368299007 16.0413911686 -1.6982070605 1
7.0920636654 2.8368299007 18.7849901067 -8.1121280685 1
10.3341276646 2.8368299007 17.2951179229 -9.669685098 1
13.5761916637 2.8368299007 13.6308956596 -6.7588840651 1
16.8182556629 2.8368299007 10.2644835774 -5.0162657503 1
20.0603196621 2.8368299007 9.0004256191 -7.0616901574 1
23.3023836613 2.8368299007 9.0563861062 -10.9427741035 1
26.5444476604 2.8368299007 8.0690308603 -12.7485463414 1
29.7865116596 2.8368299007 6.0114062361 -12.3674367517 1
33.0285756588 2.8368299007 4.1652862623 -11.0529196664 1
36.270639658 2.8368299007 0 -0 0
39.5127036572 2.8368299007 0 -0 0
42.7547676563 2.8368299007 0 -0 0
-35.0547683239 -0.4052340984 0 -0 0
-31.8127043247 -0.4052340984 0 -0 0
-28.5706403255 -0.4052340984 -1.368814483 11.7533798887 1
-25.3285763264 -0.4052340984 -2.6522709254 11.4072555676 1
-22.0865123272 -0.4052340984 -4.6976352463 11.0391330527 1
-18.844448328 -0.4052340984 -7.1908356426 11.264693648 1
-15.6023843288 -0.4052340984 -9.2348173769 11.0097131557 1
-12.3603203297 -0.4052340984 -9.8487516519 5.7687394906 1
-9.1182563305 -0.4052340984 -7.9465606807 -3.2897550677 1
-5.8761923313 -0.4052340984 -2.7998885407 -7.206595741 1
-2.6341283321 -0.4052340984 4.1147142094 -2.0456926814 1
0.607935667 -0.4052340984 10.9801434961 4.8594347157 1
3.8499996662 -0.4052340984 16.6969986994 3.6179229736 1
7.0920636654 -0.4052340984 20.8265188745 -3.8876330406 1
10.3341276646 -0.4052340984 19.9289879763 -8.4180797793 1
13.5761916637 -0.4052340984 13.9907619073 -8.8521527925 1
16.8182556629 -0.4052340984 7.1501521486 -8.3056406747 1
20.0603196621 -0.4052340984 3.7579507047 -9.1248644522 1
23.3023836613 -0.4052340984 4.1232854009 -10.7957108515 1
26.5444476604 -0.4052340984 5.2242926475 -10.8725934157 1
29.7865116596 -0.4052340984 4.854318028 -9.6611456103 1
33.0285756588 -0.4052340984 3.8963715073 -8.2162317973 1
36.270639658 -0.4052340984 0 -0 0
39.5127036572 -0.4052340984 0 -0 0
42.7547676563 -0.4052340984 0 -0 0
-35.0547683239 -3.6472980976 0 -0 0
-31.8127043247 -3.6472980976 0 -0 0
-28.5706403255 -3.6472980976 -1.0310022882 17.2566470506 1
-25.3285763264 -3.6472980976 -3.3027989073 15.6894031585 1
-22.0865123272 -3.6472980976 -6.9626813764 10.6814528559 1
-18.844448328 -3.6472980976 -10.3071514258 5.7010232431 1
-15.6023843288 -3.6472980976 -11.9420674821 3.5751219693 1
-12.3603203297 -3.6472980976 -11.5195376631 1.7609334355 1
-9.1182563305 -3.6472980976 -8.7804297914 -1.1107467977 1
-5.8761923313 -3.6472980976 -3.9819396986 -2.3651604671 1
-2.6341283321 -3.6472980976 3.2678649687 2.9872581627 1
0.607935667 -3.6472980976 10.8487787465 9.1739479373 1
3.8499996662 -3.6472980976 17.5076044846 8.490925396 1
7.0920636654 -3.6472980976 21.6096251057 0.8961150226 1
10.3341276646 -3.6472980976 20.853118645 -6.4949625038 1
13.5761916637 -3.6472980976 14.761063436 -10.3360652702 1
16.8182556629 -3.6472980976 6.9770585862 -11.5030951787 1
20.0603196621 -3.6472980976 2.7772943158 -11.8709894264 1
23.3023836613 -3.6472980976 3.3349371767 -11.5286333256 1
26.5444476604 -3.6472980976 5.4194864597 -9.45007817 1
29.7865116596 -3.6472980976 5.2295681559 -6.8485350989 1
33.0285756588 -3.6472980976 3.9098803355 -4.8538032191 1
36.270639658 -3.6472980976 0 -0 0
39.5127036572 -3.6472980976 0 -0 0
42.7547676563 -3.6472980976 0 -0 0
-35.0547683239 -6.8893620968 0 -0 0
-31.8127043247 -6.8893620968 0 -0 0
-28.5706403255 -6.8893620968 -0.8028033348 21.3728431851 1
-25.3285763264 -6.8893620968 -3.0632753648 18.3546895411 1
-22.0865123272 -6.8893620968 -7.9782819699 9.8647478679 1
-18.844448328 -6.8893620968 -12.171023099 0.7974241097 1
-15.6023843288 -6.8893620968 -13.0380120884 -3.0774357812 1
-12.3603203297 -6.8893620968 -11.2902945986 -1.82260332 1
-9.1182563305 -6.8893620968 -9.0408772226 0.4767689798 1
-5.8761923313 -6.8893620968 -6.2849621221 2.5601566591 1
-2.6341283321 -6.8893620968 -0.0974047397 7.6826022827 1
0.607935667 -6.8893620968 8.1058627983 12.6620982948 1
3.8499996662 -6.8893620968 14.1964656724 11.7305386764 1
7.0920636654 -6.8893620968 15.6812676675 4.4931184101 1
10.3341276646 -6.8893620968 13.7292365477 -3.9711694727 1
13.5761916637 -6.8893620968 9.2921154615 -9.7098190599 1
16.8182556629 -6.8893620968 4.8806439384 -12.1652282525 1
20.0603196621 -6.8893620968 2.4292846768 -12.5379958237 1
23.3023836613 -6.8893620968 3.1523536171 -11.2283387763 1
26.5444476604 -6.8893620968 5.0045314277 -8.1989988321 1
29.7865116596 -6.8893620968 4.6499216663 -4.8535514005 1
33.0285756588 -6.8893620968 3.3144070187 -2.5473495411 1
36.270639658 -6.8893620968 0 -0 0
39.5127036572 -6.8893620968 0 -0 0
42.7547676563 -6.8893620968 0 -0 0
-35.0547683239 -10.131426096 0 -0 0
-31.8127043247 -10.131426096 0 -0 0
-28.5706403255 -10.131426096 -2.2781517166 22.608568233 1
-25.3285763264 -10.131426096 -4.112021502 17.8655298572 1
-22.0865123272 -10.131426096 -9.4347027441 8.7778149847 1
-18.844448328 -10.131426096 -14.6872232266 -0.6072674992 1
-15.6023843288 -10.131426096 -15.3887656045 -4.9634309536 1
-12.3603203297 -10.131426096 -12.8953668331 -3.7317811997 1
-9.1182563305 -10.131426096 -11.0400883931 0.8027339639 1
-5.8761923313 -10.131426096 -9.8872412446 6.2158158833 1
-2.6341283321 -10.131426096 -5.3393489743 12.3645695226 1
0.607935667 -10.131426096 1.725235134 15.6116618748 1
3.8499996662 -10.131426096 5.1743419886 12.6816930404 1
7.0920636654 -10.131426096 3.8557589693 4.9332103098 1
10.3341276646 -10.131426096 -0.1227044195 -3.8176000018 1
13.5761916637 -10.131426096 -2.4616592148 -8.7523221288 1
16.8182556629 -10.131426096 -2.5795240434 -10.5690596463 1
20.0603196621 -10.131426096 -1.1915756518 -9.7974567529 1
23.3023836613 -10.131426096 0.1700208059 -8.5836151614 1
26.5444476604 -10.131426096 1.6700408214 -6.039430563 1
29.7865116596 -10.131426096 1.9158812659 -3.4023937552 1
33.0285756588 -10.131426096 1.8639498758 -1.4175902905 1
36.270639658 -10.131426096 0 -0 0
39.5127036572 -10.131426096 0 -0 0
42.7547676563 -10.131426096 0 -0 0
-35.0547683239 -13.3734900951 0 -0 0
-31.8127043247 -13.3734900951 0 -0 0
-28.5706403255 -13.3734900951 0 -0 0
-25.3285763264 -13.3734900951 -6.4526400756 12.9367918935 1
-22.0865123272 -13.3734900951 -11.3495510708 5.995929962 1
-18.844448328 -13.3734900951 -16.2655266037 -0.0864028215 1
-15.6023843288 -13.3734900951 -17.3423716472 -3.5347087123 1
-12.3603203297 -13.3734900951 -15.0506559981 -4.2807625888 1
-9.1182563305 -13.3734900951 -13.531610301 -1.6106747447 1
-5.8761923313 -13.3734900951 -12.6947344645 5.4226882392 1
-2.6341283321 -13.3734900951 -10.0893253443 13.4815267882 1
0.607935667 -13.3734900951 -6.2008118445 16.508607008 1
3.8499996662 -13.3734900951 -6.4792561509 12.0739624396 1
7.0920636654 -13.3734900951 -10.3012454651 4.0422997641 1
10.3341276646 -13.3734900951 -14.3341035426 -2.8283703078 1
13.5761916637 -13.3734900951 -14.2102981811 -5.0247080131 1
16.8182556629 -13.3734900951 -10.5088574957 -5.2278078414 1
20.0603196621 -13.3734900951 -6.8820523316 -4.3592360787 1
23.3023836613 -13.3734900951 -4.9551559659 -4.4315430332 1
26.5444476604 -13.3734900951 -3.3080659614 -3.2556780369 1
29.7865116596 -13.3734900951 -1.6850170816 -1.548981158 1
33.0285756588 -13.3734900951 0.0818093783 -0.5695512523 1
36.270639658 -13.3734900951 0 -0 0
39.5127036572 -13.3734900951 0 -0 0
42.7547676563 -13.3734900951 0 -0 0
-35.0547683239 -16.6155540943 0 -0 0
-31.8127043247 -16.6155540943 0 -0 0
-28.5706403255 -16.6155540943 0 -0 0
-25.3285763264 -16.6155540943 -9.6830338977 5.765349904 1
-22.0865123272 -16.6155540943 -13.5767069607 1.5533891907 1
-18.844448328 -16.6155540943 -17.1904857978 -1.6789492807 1
-15.6023843288 -16.6155540943 -17.303350035 -4.7313064687 1
-12.3603203297 -16.6155540943 -14.8333444236 -6.611734458 1
-9.1182563305 -16.6155540943 -12.8847107409 -4.4889745756 1
-5.8761923313 -16.6155540943 -12.0963459098 3.5751026451 1
-2.6341283321 -16.6155540943 -11.4709566073 12.7753466006 1
0.607935667 -16.6155540943 -11.7392261151 15.6773979951 1
3.8499996662 -16.6155540943 -14.687705124 11.3692376064 1
7.0920636654 -16.6155540943 -17.8003831253 4.2417427882 1
10.3341276646 -16.6155540943 -19.3733288661 -0.2904621514 1
13.5761916637 -16.6155540943 -17.8999547238 0.2747966548 1
16.8182556629 -16.6155540943 -14.9077039711 1.4345646435 1
20.0603196621 -16.6155540943 -11.9656502609 1.916884011 1
23.3023836613 -16.6155540943 -9.8084002928 -0.0746794726 1
26.5444476604 -16.6155540943 -7.221715725 -0.6102584486 1
29.7865116596 -16.6155540943 -4.3459754457 0.1302244044 1
33.0285756588 -16.6155540943 0 -0 0
36.270639658 -16.6155540943 0 -0 0
39.5127036572 -16.6155540943 0 -0 0
42.7547676563 -16.6155540943 0 -0 0
-35.0547683239 -19.8576180935 0 -0 0
-31.8127043247 -19.8576180935 0 -0 0
-28.5706403255 -19.8576180935 0 -0 0
-25.3285763264 -19.8576180935 0 -0 0
-22.0865123272 -19.8576180935 -14.1340726399 -3.623469021 1
-18.844448328 -19.8576180935 -15.203171092 -5.7071641136 1
-15.6023843288 -19.8576180935 -13.1577472888 -8.5644195814 1
-12.3603203297 -19.8576180935 -10.4118415236 -10.037924766 1
-9.1182563305 -19.8576180935 -8.5714427228 -7.3558861079 1
-5.8761923313 -19.8576180935 -8.2655495884 1.0492271288 1
-2.6341283321 -19.8576180935 -8.8521376954 10.3817452793 1
0.607935667 -19.8576180935 -11.563950729 13.7410617544 1
3.8499996662 -19.8576180935 -15.2391793357 10.9401339338 1
7.0920636654 -19.8576180935 -16.9799268257 6.5212796579 1
10.3341276646 -19.8576180935 -16.2861044683 5.0694459673 1
13.5761916637 -19.8576180935 -15.512407918 6.5348838994 1
16.8182556629 -19.8576180935 -15.1448917 6.5864819469 1
20.0603196621 -19.8576180935 -14.5723021691 4.7732937428 1
23.3023836613 -19.8576180935 -12.058809846 1.6251057 1
26.5444476604 -19.8576180935 -8.6700022159 0.00989131 1
29.7865116596 -19.8576180935 -5.3929343957 0.2980503182 1
33.0285756588 -19.8576180935 0 -0 0
36.270639658 -19.8576180935 0 -0 0
39.5127036572 -19.8576180935 0 -0 0
42.7547676563 -19.8576180935 0 -0 0
-35.0547683239 -23.0996820927 0 -0 0
-31.8127043247 -23.0996820927 0 -0 0
-28.5706403255 -23.0996820927 0 -0 0
-25.3285763264 -23.0996820927 0 -0 0
-22.0865123272 -23.0996820927 -13.7047419079 -6.9560930297 1
-18.844448328 -23.0996820927 -12.4732863019 -8.2224082969 1
-15.6023843288 -23.0996820927 -8.9704018406 -10.3094232279 1
-12.3603203297 -23.0996820927 -5.5524351903 -11.2179858325 1
-9.1182563305 -23.0996820927 -3.2226442113 -8.5125365018 1
-5.8761923313 -23.0996820927 -2.5894908049 -1.0891208968 1
-2.6341283321 -23.0996820927 -3.56253557 7.5780136371 1
0.607935667 -23.0996820927 -7.3365939068 11.6802099877 1
3.8499996662 -23.0996820927 -10.8364015921 11.3149655718 1
7.0920636654 -23.0996820927 -12.4259480342 10.3234634718 1
10.3341276646 -23.0996820927 -11.7767186994 10.6104798756 1
13.5761916637 -23.0996820927 -13.1075562851 10.9327327626 1
16.8182556629 -23.0996820927 -14.832705517 8.17256996 1
20.0603196621 -23.0996820927 -15.4220418885 3.9127031794 1
23.3023836613 -23.0996820927 -11.7671556326 -0.656655869 1
26.5444476604 -23.0996820927 -7.5532744253 -3.0792474256 1
29.7865116596 -23.0996820927 0 -0 0
33.0285756588 -23.0996820927 0 -0 0
36.270639658 -23.0996820927 0 -0 0
39.5127036572 -23.0996820927 0 -0 0
42.7547676563 -23.0996820927 0 -0 0
-35.0547683239 -26.3417460918 0 -0 0
-31.8127043247 -26.3417460918 0 -0 0
-28.5706403255 -26.3417460918 0 -0 0
-25.3285763264 -26.3417460918 0 -0 0
-22.0865123272 -26.3417460918 0 -0 0
-18.844448328 -26.3417460918 -11.6414009418 -8.9694501234 1
-15.6023843288 -26.3417460918 -7.7392916548 -9.5959940473 1
-12.3603203297 -26.3417460918 -3.731529985 -9.5727935255 1
-9.1182563305 -26.3417460918 0.2505963129 -7.1889762916 1
-5.8761923313 -26.3417460918 2.4097371849 -1.553372131 1
-2.6341283321 -26.3417460918 1.9211739849 5.0732395506 1
0.607935667 -26.3417460918 -1.5289741123 8.7865151049 1
3.8499996662 -26.3417460918 -4.9794893694 9.4637083785 1
7.0920636654 -26.3417460918 -7.2624535683 10.2028586821 1
10.3341276646 -26.3417460918 -8.5989368418 11.3953216622 1
13.5761916637 -26.3417460918 -11.998120967 11.0367585907 1
16.8182556629 -26.3417460918 -15.2409716559 6.8953431587 1
20.0603196621 -26.3417460918 -16.1823153618 1.2819550422 1
23.3023836613 -26.3417460918 -11.8779799582 -3.8794718846 1
26.5444476604 -26.3417460918 0 -0 0
29.7865116596 -26.3417460918 0 -0 0
33.0285756588 -26.3417460918 0 -0 0
36.270639658 -26.3417460918 0 -0 0
39.5127036572 -26.3417460918 0 -0 0
42.7547676563 -26.3417460918 0 -0 0
-35.0547683239 -29.583810091 0 -0 0
-31.8127043247 -29.583810091 0 -0 0
-28.5706403255 -29.583810091 0 -0 0
-25.3285763264 -29.583810091 0 -0 0
-22.0865123272 -29.583810091 0 -0 0
-18.844448328 -29.583810091 0 -0 0
-15.6023843288 -29.583810091 -7.9641686563 -7.4756303665 1
-12.3603203297 -29.583810091 -3.9962619552 -6.3633537861 1
-9.1182563305 -29.583810091 0.8448929668 -4.1745482942 1
-5.8761923313 -29.583810091 4.1282151872 -0.7755126484 1
-2.6341283321 -29.583810091 4.3901055932 2.8746581237 1
0.607935667 -29.583810091 1.7679759011 5.2230069838 1
3.8499996662 -29.583810091 -1.8591497731 6.1021424449 1
7.0920636654 -29.583810091 -5.1820589898 6.8902518341 1
10.3341276646 -29.583810091 -7.6414525923 7.6178299573 1
13.5761916637 -29.583810091 -11.0625068885 6.82442332 1
16.8182556629 -29.583810091 -14.3160643956 3.6798857406 1
20.0603196621 -29.583810091 -16.3616101829 -0.7808776067 1
23.3023836613 -29.583810091 0 -0 0
26.5444476604 -29.583810091 0 -0 0
29.7865116596 -29.583810091 0 -0 0
33.0285756588 -29.583810091 0 -0 0
36.270639658 -29.583810091 0 -0 0
39.5127036572 -29.583810091 0 -0 0
42.7547676563 -29.583810091 0 -0 0
-35.0547683239 -32.8258740902 0 -0 0
-31.8127043247 -32.8258740902 0 -0 0
-28.5706403255 -32.8258740902 0 -0 0
-25.3285763264 -32.8258740902 0 -0 0
-22.0865123272 -32.8258740902 0 -0 0
-18.844448328 -32.8258740902 0 -0 0
-15.6023843288 -32.8258740902 0 -0 0
-12.3603203297 -32.8258740902 0 -0 0
-9.1182563305 -32.8258740902 0.8566184576 -0.926948908 1
-5.8761923313 -32.8258740902 3.9162781577 0.603906144 1
-2.6341283321 -32.8258740902 4.443392999 1.4452145459 1
0.607935667 -32.8258740902 2.4250978156 1.9049030029 1
3.8499996662 -32.8258740902 -0.8476370041 1.9638825954 1
7.0920636654 -32.8258740902 -3.8873196261 2.0081480123 1
10.3341276646 -32.8258740902 -6.7383738351 2.1447764946 1
13.5761916637 -32.8258740902 -9.9404643371 1.6739035492 1
16.8182556629 -32.8258740902 0 -0 0
20.0603196621 -32.8258740902 0 -0 0
23.3023836613 -32.8258740902 0 -0 0
26.5444476604 -32.8258740902 0 -0 0
29.7865116596 -32.8258740902 0 -0 0
33.0285756588 -32.8258740902 0 -0 0
36.270639658 -32.8258740902 0 -0 0
39.5127036572 -32.8258740902 0 -0 0
42.7547676563 -32.8258740902 0 -0 0
-35.0547683239 -36.0679380894 0 -0 0
-31.8127043247 -36.0679380894 0 -0 0
-28.5706403255 -36.0679380894 0 -0 0
-25.3285763264 -36.0679380894 0 -0 0
-22.0865123272 -36.0679380894 0 -0 0
-18.844448328 -36.0679380894 0 -0 0
-15.6023843288 -36.0679380894 0 -0 0
-12.3603203297 -36.0679380894 0 -0 0
-9.1182563305 -36.0679380894 0 -0 0
-5.8761923313 -36.0679380894 0 -0 0
-2.6341283321 -36.0679380894 0 -0 0
0.607935667 -36.0679380894 0 -0 0
3.8499996662 -36.0679380894 0 -0 0
7.0920636654 -36.0679380894 0 -0 0
10.3341276646 -36.0679380894 0 -0 0
13.5761916637 -36.0679380894 0 -0 0
16.8182556629 -36.0679380894 0 -0 0
20.0603196621 -36.0679380894 0 -0 0
23.3023836613 -36.0679380894 0 -0 0
26.5444476604 -36.0679380894 0 -0 0
29.7865116596 -36.0679380894 0 -0 0
33.0285756588 -36.0679380894 0 -0 0
36.270639658 -36.0679380894 0 -0 0
39.5127036572 -36.0679380894 0 -0 0
42.7547676563 -36.0679380894 0 -0 0
-35.0547683239 -39.3100020885 0 -0 0
-31.8127043247 -39.3100020885 0 -0 0
-28.5706403255 -39.3100020885 0 -0 0
-25.3285763264 -39.3100020885 0 -0 0
-22.0865123272 -39.3100020885 0 -0 0
-18.844448328 -39.3100020885 0 -0 0
-15.6023843288 -39.3100020885 0 -0 0
-12.3603203297 -39.3100020885 0 -0 0
-9.1182563305 -39.3100020885 0 -0 0
-5.8761923313 -39.3100020885 0 -0 0
-2.6341283321 -39.3100020885 0 -0 0
0.607935667 -39.3100020885 0 -0 0
3.8499996662 -39.3100020885 0 -0 0
7.0920636654 -39.3100020885 0 -0 0
10.3341276646 -39.3100020885 0 -0 0
13.5761916637 -39.3100020885 0 -0 0
16.8182556629 -39.3100020885 0 -0 0
20.0603196621 -39.3100020885 0 -0 0
23.3023836613 -39.3100020885 0 -0 0
26.5444476604 -39.3100020885 0 -0 0
29.7865116596 -39.3100020885 0 -0 0
33.0285756588 -39.3100020885 0 -0 0
36.270639658 -39.3100020885 0 -0 0
39.5127036572 -39.3100020885 0 -0 0
42.7547676563 -39.3100020885 0 -0 0
-35.0547683239 -42.5520660877 0 -0 0
-31.8127043247 -42.5520660877 0 -0 0
-28.5706403255 -42.5520660877 0 -0 0
-25.3285763264 -42.5520660877 0 -0 0
-22.0865123272 -42.5520660877 0 -0 0
-18.844448328 -42.5520660877 0 -0 0
-15.6023843288 -42.5520660877 0 -0 0
-12.3603203297 -42.5520660877 0 -0 0
-9.1182563305 -42.5520660877 0 -0 0
-5.8761923313 -42.5520660877 0 -0 0
-2.6341283321 -42.5520660877 0 -0 0
0.607935667 -42.5520660877 0 -0 0
3.8499996662 -42.5520660877 0 -0 0
7.0920636654 -42.5520660877 0 -0 0
10.3341276646 -42.5520660877 0 -0 0
13.5761916637 -42.5520660877 0 -0 0
16.8182556629 -42.5520660877 0 -0 0
20.0603196621 -42.5520660877 0 -0 0
23.3023836613 -42.5520660877 0 -0 0
26.5444476604 -42.5520660877 0 -0 0
29.7865116596 -42.5520660877 0 -0 0
33.0285756588 -42.5520660877 0 -0 0
36.270639658 -42.5520660877 0 -0 0
39.5127036572 -42.5520660877 0 -0 0
42.7547676563 -42.5520660877 0 -0 0
