TITLE = "B00090"
VARIABLES = "x", "y", "Vx", "Vy", "isValid"
ZONE T="Frame 0", I=25, J=25, F=POINT
-35.0547683239 35.2574698925 0 -0 0
-31.8127043247 35.2574698925 0 -0 0
-28.5706403255 35.2574698925 0 -0 0
-25.3285763264 35.2574698925 0 -0 0
-22.0865123272 35.2574698925 0 -0 0
-18.844448328 35.2574698925 0 -0 0
-15.6023843288 35.2574698925 0 -0 0
-12.3603203297 35.2574698925 0 -0 0
-9.1182563305 35.2574698925 0 -0 0
-5.8761923313 35.2574698925 0 -0 0
-2.6341283321 35.2574698925 0 -0 0
0.607935667 35.2574698925 0 -0 0
3.8499996662 35.2574698925 0 -0 0
7.0920636654 35.2574698925 0 -0 0
10.3341276646 35.2574698925 0 -0 0
13.5761916637 35.2574698925 0 -0 0
16.8182556629 35.2574698925 0 -0 0
20.0603196621 35.2574698925 0 -0 0
23.3023836613 35.2574698925 0 -0 0
26.5444476604 35.2574698925 0 -0 0
29.7865116596 35.2574698925 0 -0 0
33.0285756588 35.2574698925 0 -0 0
36.270639658 35.2574698925 0 -0 0
39.5127036572 35.2574698925 0 -0 0
42.7547676563 35.2574698925 0 -0 0
-35.0547683239 32.0154058933 0 -0 0
-31.8127043247 32.0154058933 0 -0 0
-28.5706403255 32.0154058933 0 -0 0
-25.3285763264 32.0154058933 0 -0 0
-22.0865123272 32.0154058933 0 -0 0
-18.844448328 32.0154058933 0 -0 0
-15.6023843288 32.0154058933 0 -0 0
-12.3603203297 32.0154058933 0 -0 0
-9.1182563305 32.0154058933 0 -0 0
-5.8761923313 32.0154058933 0 -0 0
-2.6341283321 32.0154058933 0 -0 0
0.607935667 32.0154058933 0 -0 0
3.8499996662 32.0154058933 0 -0 0
7.0920636654 32.0154058933 0 -0 0
10.3341276646 32.0154058933 0 -0 0
13.5761916637 32.0154058933 0 -0 0
16.8182556629 32.0154058933 0 -0 0
20.0603196621 32.0154058933 0 -0 0
23.3023836613 32.0154058933 0 -0 0
26.5444476604 32.0154058933 0 -0 0
29.7865116596 32.0154058933 0 -0 0
33.0285756588 32.0154058933 0 -0 0
36.270639658 32.0154058933 0 -0 0
39.5127036572 32.0154058933 0 -0 0
42.7547676563 32.0154058933 0 -0 0
-35.0547683239 28.7733418941 0 -0 0
-31.8127043247 28.7733418941 0 -0 0
-28.5706403255 28.7733418941 0 -0 0
-25.3285763264 28.7733418941 0 -0 0
-22.0865123272 28.7733418941 0 -0 0
-18.844448328 28.7733418941 0 -0 0
-15.6023843288 28.7733418941 0 -0 0
-12.3603203297 28.7733418941 0 -0 0
-9.1182563305 28.7733418941 0 -0 0
-5.8761923313 28.7733418941 0 -0 0
-2.6341283321 28.7733418941 0 -0 0
0.607935667 28.7733418941 0 -0 0
3.8499996662 28.7733418941 0 -0 0
7.0920636654 28.7733418941 0 -0 0
10.3341276646 28.7733418941 0 -0 0
13.5761916637 28.7733418941 0 -0 0
16.8182556629 28.7733418941 0 -0 0
20.0603196621 28.7733418941 0 -0 0
23.3023836613 28.7733418941 0 -0 0
26.5444476604 28.7733418941 0 -0 0
29.7865116596 28.7733418941 0 -0 0
33.0285756588 28.7733418941 0 -0 0
36.270639658 28.7733418941 0 -0 0
39.5127036572 28.7733418941 0 -0 0
42.7547676563 28.7733418941 0 -0 0
-35.0547683239 25.531277895 0 -0 0
-31.8127043247 25.531277895 0 -0 0
-28.5706403255 25.531277895 0 -0 0
-25.3285763264 25.531277895 0 -0 0
-22.0865123272 25.531277895 0 -0 0
-18.844448328 25.531277895 0 -0 0
-15.6023843288 25.531277895 0 -0 0
-12.3603203297 25.531277895 0 -0 0
-9.1182563305 25.531277895 8.9827349117 1.4911679625 1
-5.8761923313 25.531277895 9.1989631229 1.300000077 1
-2.6341283321 25.531277895 8.878559321 0.9508717475 1
0.607935667 25.531277895 8.2559363994 0.4761484539 1
3.8499996662 25.531277895 6.9189869295 -0.0345237686 1
7.0920636654 25.531277895 5.1006479184 -0.0859272366 1
10.3341276646 25.531277895 3.8452743794 0.3078628636 1
13.5761916637 25.531277895 3.0426971982 1.4599172479 1
16.8182556629 25.531277895 0 -0 0
20.0603196621 25.531277895 0 -0 0
23.3023836613 25.531277895 0 -0 0
26.5444476604 25.531277895 0 -0 0
29.7865116596 25.531277895 0 -0 0
33.0285756588 25.531277895 0 -0 0
36.270639658 25.531277895 0 -0 0
39.5127036572 25.531277895 0 -0 0
42.7547676563 25.531277895 0 -0 0
-35.0547683239 22.2892138958 0 -0 0
-31.8127043247 22.2892138958 0 -0 0
-28.5706403255 22.2892138958 0 -0 0
-25.3285763264 22.2892138958 0 -0 0
-22.0865123272 22.2892138958 0 -0 0
-18.844448328 22.2892138958 0 -0 0
-15.6023843288 22.2892138958 7.176355773 3.8706926559 1
-12.3603203297 22.2892138958 8.9636504459 1.6938215224 1
-9.1182563305 22.2892138958 10.7872287325 0.561009651 1
-5.8761923313 22.2892138958 12.5635315551 0.2720977199 1
-2.6341283321 22.2892138958 13.1129429078 0.0829824369 1
0.607935667 22.2892138958 12.161929852 -1.3096143227 1
3.8499996662 22.2892138958 8.5974579361 -2.4673598558 1
7.0920636654 22.2892138958 5.0238215152 -2.0339178987 1
10.3341276646 22.2892138958 3.202579344 -0.8173087184 1
13.5761916637 22.2892138958 3.1062116386 0.3625070968 1
16.8182556629 22.2892138958 4.0043213571 0.8291702336 1
20.0603196621 22.2892138958 5.5540608392 1.1268548827 1
23.3023836613 22.2892138958 0 -0 0
26.5444476604 22.2892138958 0 -0 0
29.7865116596 22.2892138958 0 -0 0
33.0285756588 22.2892138958 0 -0 0
36.270639658 22.2892138958 0 -0 0
39.5127036572 22.2892138958 0 -0 0
42.7547676563 22.2892138958 0 -0 0
-35.0547683239 19.0471498966 0 -0 0
-31.8127043247 19.0471498966 0 -0 0
-28.5706403255 19.0471498966 0 -0 0
-25.3285763264 19.0471498966 0 -0 0
-22.0865123272 19.0471498966 0 -0 0
-18.844448328 19.0471498966 9.9252519592 7.3746674252 1
-15.6023843288 19.0471498966 9.7045465708 5.3742025967 1
-12.3603203297 19.0471498966 10.5325707129 2.3368183475 1
-9.1182563305 19.0471498966 12.5436155445 0.4746411658 1
-5.8761923313 19.0471498966 14.2479175806 0.0139928723 1
-2.6341283321 19.0471498966 14.9474804351 -0.6485804642 1
0.607935667 19.0471498966 13.6327169661 -2.8199944719 1
3.8499996662 19.0471498966 9.3578588283 -3.9322807144 1
7.0920636654 19.0471498966 5.1196327438 -2.585022686 1
10.3341276646 19.0471498966 3.0389525293 -0.8558454893 1
13.5761916637 19.0471498966 3.7782625596 -0.5378613649 1
16.8182556629 19.0471498966 5.2391402809 -0.644597564 1
20.0603196621 19.0471498966 6.8602503992 -0.4152713148 1
23.3023836613 19.0471498966 9.2261383925 -1.1047654273 1
26.5444476604 19.0471498966 0 -0 0
29.7865116596 19.0471498966 0 -0 0
33.0285756588 19.0471498966 0 -0 0
36.270639658 19.0471498966 0 -0 0
39.5127036572 19.0471498966 0 -0 0
42.7547676563 19.0471498966 0 -0 0
-35.0547683239 15.8050858974 0 -0 0
-31.8127043247 15.8050858974 0 -0 0
-28.5706403255 15.8050858974 0 -0 0
-25.3285763264 15.8050858974 0 -0 0
-22.0865123272 15.8050858974 10.672134965 8.8665227557 1
-18.844448328 15.8050858974 11.157432223 7.6362253943 1
-15.6023843288 15.8050858974 11.1461166922 5.6148566052 1
-12.3603203297 15.8050858974 11.6689029113 3.1270431335 1
-9.1182563305 15.8050858974 12.8959489748 1.5661624913 1
-5.8761923313 15.8050858974 14.040606283 0.7122537253 1
-2.6341283321 15.8050858974 14.7780820234 -1.2642153449 1
0.607935667 15.8050858974 13.565518245 -4.4257155771 1
3.8499996662 15.8050858974 9.5016695748 -4.3342393115 1
7.0920636654 15.8050858974 4.9875777577 -1.2233425341 1
10.3341276646 15.8050858974 3.2980194875 0.8793673516 1
13.5761916637 15.8050858974 5.1571990017 -0.4483967417 1
16.8182556629 15.8050858974 7.3985153079 -2.3353625403 1
20.0603196621 15.8050858974 8.8730144814 -2.7878860947 1
23.3023836613 15.8050858974 10.2599025326 -4.2760927734 1
26.5444476604 15.8050858974 10.8995120357 -6.0846492068 1
29.7865116596 15.8050858974 0 -0 0
33.0285756588 15.8050858974 0 -0 0
36.270639658 15.8050858974 0 -0 0
39.5127036572 15.8050858974 0 -0 0
42.7547676563 15.8050858974 0 -0 0
-35.0547683239 12.5630218983 0 -0 0
-31.8127043247 12.5630218983 0 -0 0
-28.5706403255 12.5630218983 0 -0 0
-25.3285763264 12.5630218983 0 -0 0
-22.0865123272 12.5630218983 8.4240014409 9.3587906174 1
-18.844448328 12.5630218983 9.8373050789 7.134561741 1
-15.6023843288 12.5630218983 10.5251417632 4.791550891 1
-12.3603203297 12.5630218983 11.2545122066 3.1638536337 1
-9.1182563305 12.5630218983 12.1774000872 2.6293826103 1
-5.8761923313 12.5630218983 12.9517536606 2.0415358634 1
-2.6341283321 12.5630218983 13.9271055548 -0.6055841419 1
0.607935667 12.5630218983 13.6318896485 -4.4660409693 1
3.8499996662 12.5630218983 10.4836285361 -4.7201757257 1
7.0920636654 12.5630218983 6.3515062358 -1.9607113119 1
10.3341276646 12.5630218983 4.9444440147 -0.3504208622 1
13.5761916637 12.5630218983 7.2432235671 -2.4177523525 1
16.8182556629 12.5630218983 9.7919384841 -4.9419188843 1
20.0603196621 12.5630218983 10.5369730087 -6.2141153531 1
23.3023836613 12.5630218983 9.8808944504 -7.7212597544 1
26.5444476604 12.5630218983 8.8561118393 -8.7416509396 1
29.7865116596 12.5630218983 6.8926522629 -8.5833609273 1
33.0285756588 12.5630218983 0 -0 0
36.270639658 12.5630218983 0 -0 0
39.5127036572 12.5630218983 0 -0 0
42.7547676563 12.5630218983 0 -0 0
-35.0547683239 9.3209578991 0 -0 0
-31.8127043247 9.3209578991 0 -0 0
-28.5706403255 9.3209578991 0 -0 0
-25.3285763264 9.3209578991 3.9655246908 9.9480973988 1
-22.0865123272 9.3209578991 5.4603034114 8.8962270808 1
-18.844448328 9.3209578991 7.3027505782 7.0147667563 1
-15.6023843288 9.3209578991 8.8527131945 5.0905993309 1
-12.3603203297 9.3209578991 10.4063027228 3.8557009967 1
-9.1182563305 9.3209578991 11.2492439447 3.4724741987 1
-5.8761923313 9.3209578991 11.6128240633 2.7678233409 1
-2.6341283321 9.3209578991 12.1824883924 0.2390619128 1
0.607935667 9.3209578991 12.8033304675 -3.8709176018 1
3.8499996662 9.3209578991 11.7532035554 -5.1978915539 1
7.0920636654 9.3209578991 9.7738721625 -3.8252717119 1
10.3341276646 9.3209578991 9.0204473089 -3.3911192883 1
13.5761916637 9.3209578991 9.8466042495 -5.6740273263 1
16.8182556629 9.3209578991 10.464739124 -7.9356376729 1
20.0603196621 9.3209578991 9.3019086071 -8.8863246327 1
23.3023836613 9.3209578991 7.1006048826 -9.5323648694 1
26.5444476604 9.3209578991 5.3811901091 -9.8794771406 1
29.7865116596 9.3209578991 4.052652104 -9.0710036609 1
33.0285756588 9.3209578991 0 -0 0
36.270639658 9.3209578991 0 -0 0
39.5127036572 9.3209578991 0 -0 0
42.7547676563 9.3209578991 0 -0 0
-35.0547683239 6.0788938999 0 -0 0
-31.8127043247 6.0788938999 0 -0 0
-28.5706403255 6.0788938999 0 -0 0
-25.3285763264 6.0788938999 1.6755708659 7.1895596411 1
-22.0865123272 6.0788938999 3.1694727507 7.2270576604 1
-18.844448328 6.0788938999 5.3438859357 6.7110004924 1
-15.6023843288 6.0788938999 7.3916999017 5.7867454241 1
-12.3603203297 6.0788938999 8.860672956 4.7660580351 1
-9.1182563305 6.0788938999 9.0684401841 4.167692428 1
-5.8761923313 6.0788938999 8.4171926775 3.3667514636 1
-2.6341283321 6.0788938999 8.1831855922 1.2233832961 1
0.607935667 6.0788938999 9.6539654597 -2.3852727391 1
3.8499996662 6.0788938999 11.3477780748 -5.1743546701 1
7.0920636654 6.0788938999 12.329324585 -6.1607141155 1
10.3341276646 6.0788938999 12.5318688424 -7.7640242239 1
13.5761916637 6.0788938999 11.4740545192 -10.0520743125 1
16.8182556629 6.0788938999 9.7774495563 -11.2119868741 1
20.0603196621 6.0788938999 6.9134819461 -10.6467127632 1
23.3023836613 6.0788938999 4.2710253022 -9.5055899733 1
26.5444476604 6.0788938999 2.8504621033 -9.4865085269 1
29.7865116596 6.0788938999 2.242621445 -9.66920622 1
33.0285756588 6.0788938999 2.6831760689 -9.9048763949 1
36.270639658 6.0788938999 0 -0 0
39.5127036572 6.0788938999 0 -0 0
42.7547676563 6.0788938999 0 -0 0
-35.0547683239 2.8368299007 0 -0 0
-31.8127043247 2.8368299007 0 -0 0
-28.5706403255 2.8368299007 -0.1175888736 3.9738534239 1
-25.3285763264 2.8368299007 0.6145559333 4.7906329912 1
-22.0865123272 2.8368299007 2.258821622 5.7262220086 1
-18.844448328 2.8368299007 4.0916281231 6.1916624365 1
-15.6023843288 2.8368299007 5.5647404829 6.1320176685 1
-12.3603203297 2.8368299007 6.06771939 5.4439792878 1
-9.1182563305 2.8368299007 5.209378587 5.0734267538 1
-5.8761923313 2.8368299007 3.6434094887 4.3095514296 1
-2.6341283321 2.8368299007 2.9536062645 1.7190535014 1
0.607935667 2.8368299007 4.6061309002 -1.9305226738 1
3.8499996662 2.8368299007 7.8618904611 -4.8369733447 1
7.0920636654 2.8368299007 10.7408131957 -6.0551628828 1
10.3341276646 2.8368299007 12.3015689853 -8.584177375 1
13.5761916637 2.8368299007 11.0810907365 -11.7751558542 1
16.8182556629 2.8368299007 8.5373077193 -13.2618552448 1
20.0603196621 2.8368299007 5.5826733467 -11.6027259575 1
23.3023836613 2.8368299007 3.5703425495 -9.3153347036 1
26.5444476604 2.8368299007 2.3861959229 -9.3944522332 1
29.7865116596 2.8368299007 1.6686645756 -11.10745137 1
33.0285756588 2.8368299007 1.8099323772 -12.5746924922 1
36.270639658 2.8368299007 0 -0 0
39.5127036572 2.8368299007 0 -0 0
42.7547676563 2.8368299007 0 -0 0
-35.0547683239 -0.4052340984 0 -0 0
-31.8127043247 -0.4052340984 0 -0 0
-28.5706403255 -0.4052340984 -0.0763034231 3.877600154 1
-25.3285763264 -0.4052340984 0.6200257783 4.1779384847 1
-22.0865123272 -0.4052340984 2.4711560056 5.4199526561 1
-18.844448328 -0.4052340984 4.1450982032 5.8630198798 1
-15.6023843288 -0.4052340984 4.8701101321 5.9534680371 1
-12.3603203297 -0.4052340984 4.1427385364 5.4504999998 1
-9.1182563305 -0.4052340984 1.9681446398 5.4380056924 1
-5.8761923313 -0.4052340984 -0.3967216616 4.5423996664 1
-2.6341283321 -0.4052340984 -1.4598944513 1.2033977636 1
0.607935667 -0.4052340984 -0.8134202502 -2.8388742219 1
3.8499996662 -0.4052340984 1.6346840148 -5.0088343851 1
7.0920636654 -0.4052340984 4.3315595875 -5.5944822487 1
10.3341276646 -0.4052340984 7.0880308628 -7.671332043 1
13.5761916637 -0.4052340984 7.8823161477 -11.5761551733 1
16.8182556629 -0.4052340984 6.8288352779 -14.0381496932 1
20.0603196621 -0.4052340984 5.1047875258 -12.4428132356 1
23.3023836613 -0.4052340984 3.6738236765 -10.106092113 1
26.5444476604 -0.4052340984 2.611370336 -10.5329294185 1
29.7865116596 -0.4052340984 1.7019150436 -12.9771770701 1
33.0285756588 -0.4052340984 1.3768382559 -15.009331182 1
36.270639658 -0.4052340984 0 -0 0
39.5127036572 -0.4052340984 0 -0 0
42.7547676563 -0.4052340984 0 -0 0
-35.0547683239 -3.6472980976 0 -0 0
-31.8127043247 -3.6472980976 0 -0 0
-28.5706403255 -3.6472980976 -0.1594218182 4.0552980106 1
-25.3285763264 -3.6472980976 0.7030618947 4.3626093606 1
-22.0865123272 -3.6472980976 2.5347003381 5.5296519506 1
-18.844448328 -3.6472980976 4.3132897578 5.693815314 1
-15.6023843288 -3.6472980976 4.8853804826 5.6596199224 1
-12.3603203297 -3.6472980976 3.1784841718 5.0726302342 1
-9.1182563305 -3.6472980976 -0.664134337 4.5158889684 1
-5.8761923313 -3.6472980976 -3.8565983646 2.8687814512 1
-2.6341283321 -3.6472980976 -4.8663268148 -0.6014315888 1
0.607935667 -3.6472980976 -4.5737864053 -3.8341674897 1
3.8499996662 -3.6472980976 -3.2379103347 -5.0519723553 1
7.0920636654 -3.6472980976 -1.3309976143 -5.0931821319 1
10.3341276646 -3.6472980976 1.5382883799 -6.7559335002 1
13.5761916637 -3.6472980976 4.0137730078 -10.2759150534 1
16.8182556629 -3.6472980976 4.5631644324 -12.9853644949 1
20.0603196621 -3.6472980976 4.045947812 -12.1627438842 1
23.3023836613 -3.6472980976 3.0726950098 -10.8324594539 1
26.5444476604 -3.6472980976 2.1320934743 -12.0014000433 1
29.7865116596 -3.6472980976 1.4325206557 -14.8154332994 1
33.0285756588 -3.6472980976 0.9911585669 -16.8843372216 1
36.270639658 -3.6472980976 0 -0 0
39.5127036572 -3.6472980976 0 -0 0
42.7547676563 -3.6472980976 0 -0 0
-35.0547683239 -6.8893620968 0 -0 0
-31.8127043247 -6.8893620968 0 -0 0
-28.5706403255 -6.8893620968 -1.6068402484 3.3890316701 1
-25.3285763264 -6.8893620968 -0.425649999 3.9168343325 1
-22.0865123272 -6.8893620968 1.7322777505 5.0711766915 1
-18.844448328 -6.8893620968 3.5887542913 4.9975125135 1
-15.6023843288 -6.8893620968 3.7145654451 4.8280842096 1
-12.3603203297 -6.8893620968 0.9770705408 3.8642145176 1
-9.1182563305 -6.8893620968 -4.0696694835 1.8011169157 1
-5.8761923313 -6.8893620968 -7.0160481927 -1.0659361513 1
-2.6341283321 -6.8893620968 -6.6277475826 -3.6152520059 1
0.607935667 -6.8893620968 -5.275849631 -4.6600282264 1
3.8499996662 -6.8893620968 -4.0383084096 -4.562565382 1
7.0920636654 -6.8893620968 -2.8157730386 -4.8586315533 1
10.3341276646 -6.8893620968 -0.3738976221 -6.599456944 1
13.5761916637 -6.8893620968 1.8373799974 -9.4543874681 1
16.8182556629 -6.8893620968 2.7504551062 -11.6822366139 1
20.0603196621 -6.8893620968 2.653174936 -11.3769201863 1
23.3023836613 -6.8893620968 2.2085807981 -10.7785726956 1
26.5444476604 -6.8893620968 1.4468913738 -12.4203935325 1
29.7865116596 -6.8893620968 1.1436022518 -15.4467031996 1
33.0285756588 -6.8893620968 0.7967771262 -17.6342082328 1
36.270639658 -6.8893620968 0 -0 0
39.5127036572 -6.8893620968 0 -0 0
42.7547676563 -6.8893620968 0 -0 0
-35.0547683239 -10.131426096 0 -0 0
-31.8127043247 -10.131426096 0 -0 0
-28.5706403255 -10.131426096 -3.4788016686 1.4164960573 1
-25.3285763264 -10.131426096 -1.7272475689 1.961734891 1
-22.0865123272 -10.131426096 -0.2244978961 3.221678001 1
-18.844448328 -10.131426096 0.2974768384 3.4734573177 1
-15.6023843288 -10.131426096 -0.7287115332 2.7417721967 1
-12.3603203297 -10.131426096 -3.3648875835 1.4205804095 1
-9.1182563305 -10.131426096 -6.5598447357 -1.0612145532 1
-5.8761923313 -10.131426096 -7.3471340539 -3.8153562802 1
-2.6341283321 -10.131426096 -5.1065116074 -5.3457972206 1
0.607935667 -10.131426096 -2.6004778242 -4.9785533531 1
3.8499996662 -10.131426096 -1.685601186 -4.0750370839 1
7.0920636654 -10.131426096 -1.5538165878 -4.3678546749 1
10.3341276646 -10.131426096 -0.3283719424 -6.4213541849 1
13.5761916637 -10.131426096 0.8716419715 -9.2920943256 1
16.8182556629 -10.131426096 1.9281457964 -11.7744468974 1
20.0603196621 -10.131426096 2.3377610065 -12.0636384822 1
23.3023836613 -10.131426096 2.4253597492 -11.3067648616 1
26.5444476604 -10.131426096 1.6376750397 -11.8226354301 1
29.7865116596 -10.131426096 1.124632297 -14.2201680197 1
33.0285756588 -10.131426096 0.8171970759 -16.3225849474 1
36.270639658 -10.131426096 0 -0 0
39.5127036572 -10.131426096 0 -0 0
42.7547676563 -10.131426096 0 -0 0
-35.0547683239 -13.3734900951 0 -0 0
-31.8127043247 -13.3734900951 0 -0 0
-28.5706403255 -13.3734900951 0 -0 0
-25.3285763264 -13.3734900951 -3.5598573557 -1.1232780173 1
-22.0865123272 -13.3734900951 -3.2668302178 0.5895536179 1
-18.844448328 -13.3734900951 -5.358469673 1.3610854042 1
-15.6023843288 -13.3734900951 -7.4086647436 0.1312521635 1
-12.3603203297 -13.3734900951 -7.9397972084 -1.7349337722 1
-9.1182563305 -13.3734900951 -6.545033939 -3.6207165293 1
-5.8761923313 -13.3734900951 -4.8374156879 -4.9993957179 1
-2.6341283321 -13.3734900951 -2.1299291631 -5.7734545971 1
0.607935667 -13.3734900951 -0.4493329089 -5.4099016531 1
3.8499996662 -13.3734900951 -0.728022278 -4.1536887189 1
7.0920636654 -13.3734900951 -1.6174339899 -3.729191756 1
10.3341276646 -13.3734900951 -0.9765981545 -5.2208746784 1
13.5761916637 -13.3734900951 0.283191947 -8.3523774764 1
16.8182556629 -13.3734900951 2.1237731955 -11.3874096073 1
20.0603196621 -13.3734900951 3.4238759323 -11.8988670102 1
23.3023836613 -13.3734900951 3.7225143368 -10.8297939211 1
26.5444476604 -13.3734900951 2.6370392233 -10.5601185774 1
29.7865116596 -13.3734900951 1.3803881731 -12.3978747929 1
33.0285756588 -13.3734900951 0.9476566072 -14.4250529216 1
36.270639658 -13.3734900951 0 -0 0
39.5127036572 -13.3734900951 0 -0 0
42.7547676563 -13.3734900951 0 -0 0
-35.0547683239 -16.6155540943 0 -0 0
-31.8127043247 -16.6155540943 0 -0 0
-28.5706403255 -16.6155540943 0 -0 0
-25.3285763264 -16.6155540943 -6.9764873144 -5.2561667187 1
-22.0865123272 -16.6155540943 -7.969234014 -3.5336908701 1
-18.844448328 -16.6155540943 -10.5145267349 -2.5060639773 1
-15.6023843288 -16.6155540943 -11.2971075892 -2.998861443 1
-12.3603203297 -16.6155540943 -8.8557513221 -4.4303600294 1
-9.1182563305 -16.6155540943 -3.8769618513 -4.995446937 1
-5.8761923313 -16.6155540943 -1.4748663334 -4.8511274204 1
-2.6341283321 -16.6155540943 -0.7052992 -5.0177491851 1
0.607935667 -16.6155540943 -1.4864093766 -4.7633505326 1
3.8499996662 -16.6155540943 -2.7640315692 -3.5327077511 1
7.0920636654 -16.6155540943 -3.2904936148 -2.8448774075 1
10.3341276646 -16.6155540943 -2.0999615456 -3.8718065153 1
13.5761916637 -16.6155540943 -0.099156798 -6.7801660555 1
16.8182556629 -16.6155540943 2.0904733601 -9.7680000192 1
20.0603196621 -16.6155540943 3.922547655 -10.5576861428 1
23.3023836613 -16.6155540943 4.3359096476 -9.8345785541 1
26.5444476604 -16.6155540943 3.4332137513 -9.930770228 1
29.7865116596 -16.6155540943 1.9528921038 -11.4909402526 1
33.0285756588 -16.6155540943 0 -0 0
36.270639658 -16.6155540943 0 -0 0
39.5127036572 -16.6155540943 0 -0 0
42.7547676563 -16.6155540943 0 -0 0
-35.0547683239 -19.8576180935 0 -0 0
-31.8127043247 -19.8576180935 0 -0 0
-28.5706403255 -19.8576180935 0 -0 0
-25.3285763264 -19.8576180935 0 -0 0
-22.0865123272 -19.8576180935 -11.3604052362 -8.4328797062 1
-18.844448328 -19.8576180935 -11.5110374276 -7.7006619617 1
-15.6023843288 -19.8576180935 -9.1309515773 -7.3106348545 1
-12.3603203297 -19.8576180935 -5.3056862062 -7.9183533777 1
-9.1182563305 -19.8576180935 -0.8874964264 -6.9967626344 1
-5.8761923313 -19.8576180935 -0.1725243664 -5.1015066379 1
-2.6341283321 -19.8576180935 -1.6706614606 -4.2582972926 1
0.607935667 -19.8576180935 -4.195186547 -3.5237669841 1
3.8499996662 -19.8576180935 -5.1456087048 -2.5006361397 1
7.0920636654 -19.8576180935 -4.2610691085 -1.9748801826 1
10.3341276646 -19.8576180935 -2.3526963538 -2.8923355457 1
13.5761916637 -19.8576180935 -0.5197095185 -5.2391722866 1
16.8182556629 -19.8576180935 0.8600796797 -7.4240468122 1
20.0603196621 -19.8576180935 2.5093169357 -8.2158217618 1
23.3023836613 -19.8576180935 3.3698068019 -8.3569077952 1
26.5444476604 -19.8576180935 3.3275668034 -9.4900062083 1
29.7865116596 -19.8576180935 2.5306649002 -11.3993024488 1
33.0285756588 -19.8576180935 0 -0 0
36.270639658 -19.8576180935 0 -0 0
39.5127036572 -19.8576180935 0 -0 0
42.7547676563 -19.8576180935 0 -0 0
-35.0547683239 -23.0996820927 0 -0 0
-31.8127043247 -23.0996820927 0 -0 0
-28.5706403255 -23.0996820927 0 -0 0
-25.3285763264 -23.0996820927 0 -0 0
-22.0865123272 -23.0996820927 -12.1279506499 -11.6338512158 1
-18.844448328 -23.0996820927 -8.8061321941 -10.8938476276 1
-15.6023843288 -23.0996820927 -4.9865665582 -10.5651573643 1
-12.3603203297 -23.0996820927 -2.1691056709 -10.3021464563 1
-9.1182563305 -23.0996820927 -0.0707287433 -7.7202138317 1
-5.8761923313 -23.0996820927 -0.5902836728 -4.1489328504 1
-2.6341283321 -23.0996820927 -3.4244985341 -2.4071176981 1
0.607935667 -23.0996820927 -6.8946106505 -1.4664840058 1
3.8499996662 -23.0996820927 -7.531512953 -0.5426280277 1
7.0920636654 -23.0996820927 -5.6553492727 -0.1796013287 1
10.3341276646 -23.0996820927 -3.1946005602 -1.1164903897 1
13.5761916637 -23.0996820927 -2.2379664248 -3.198600671 1
16.8182556629 -23.0996820927 -2.0481125854 -5.0190354526 1
20.0603196621 -23.0996820927 -0.7872745985 -6.4239780498 1
23.3023836613 -23.0996820927 1.0869136345 -7.7570373154 1
26.5444476604 -23.0996820927 2.588629368 -9.7617516577 1
29.7865116596 -23.0996820927 0 -0 0
33.0285756588 -23.0996820927 0 -0 0
36.270639658 -23.0996820927 0 -0 0
39.5127036572 -23.0996820927 0 -0 0
42.7547676563 -23.0996820927 0 -0 0
-35.0547683239 -26.3417460918 0 -0 0
-31.8127043247 -26.3417460918 0 -0 0
-28.5706403255 -26.3417460918 0 -0 0
-25.3285763264 -26.3417460918 0 -0 0
-22.0865123272 -26.3417460918 0 -0 0
-18.844448328 -26.3417460918 -5.5955179054 -10.9636140527 1
-15.6023843288 -26.3417460918 -3.4781440417 -11.4038629616 1
-12.3603203297 -26.3417460918 -2.8217336505 -10.4522955426 1
-9.1182563305 -26.3417460918 -2.4024068188 -6.8746916205 1
-5.8761923313 -26.3417460918 -3.6308895164 -2.2306167345 1
-2.6341283321 -26.3417460918 -6.2892907444 -0.0642186322 1
0.607935667 -26.3417460918 -9.6743120378 0.4313828722 1
3.8499996662 -26.3417460918 -10.4472954041 0.9004006938 1
7.0920636654 -26.3417460918 -8.4387911018 1.382655597 1
10.3341276646 -26.3417460918 -5.598020994 0.410446151 1
13.5761916637 -26.3417460918 -4.3157179652 -1.7605812217 1
16.8182556629 -26.3417460918 -4.425618956 -3.8242046533 1
20.0603196621 -26.3417460918 -3.5962605379 -5.6379852652 1
23.3023836613 -26.3417460918 -1.273952556 -7.5668925561 1
26.5444476604 -26.3417460918 0 -0 0
29.7865116596 -26.3417460918 0 -0 0
33.0285756588 -26.3417460918 0 -0 0
36.270639658 -26.3417460918 0 -0 0
39.5127036572 -26.3417460918 0 -0 0
42.7547676563 -26.3417460918 0 -0 0
-35.0547683239 -29.583810091 0 -0 0
-31.8127043247 -29.583810091 0 -0 0
-28.5706403255 -29.583810091 0 -0 0
-25.3285763264 -29.583810091 0 -0 0
-22.0865123272 -29.583810091 0 -0 0
-18.844448328 -29.583810091 0 -0 0
-15.6023843288 -29.583810091 -6.2015395217 -9.8540917757 1
-12.3603203297 -29.583810091 -6.874913245 -8.6574934153 1
-9.1182563305 -29.583810091 -7.2491355666 -5.450590582 1
-5.8761923313 -29.583810091 -8.4048831578 -1.866939542 1
-2.6341283321 -29.583810091 -10.0735199548 -0.2928025317 1
0.607935667 -29.583810091 -12.003989487 -0.0717851348 1
3.8499996662 -29.583810091 -12.3411751548 0.4492083584 1
7.0920636654 -29.583810091 -10.3974027178 1.0367522965 1
10.3341276646 -29.583810091 -7.2558851497 0.1230221933 1
13.5761916637 -29.583810091 -5.143442582 -1.9381620762 1
16.8182556629 -29.583810091 -4.8542579418 -3.6260593705 1
20.0603196621 -29.583810091 -4.6930511821 -4.7861497752 1
23.3023836613 -29.583810091 0 -0 0
26.5444476604 -29.583810091 0 -0 0
29.7865116596 -29.583810091 0 -0 0
33.0285756588 -29.583810091 0 -0 0
36.270639658 -29.583810091 0 -0 0
39.5127036572 -29.583810091 0 -0 0
42.7547676563 -29.583810091 0 -0 0
-35.0547683239 -32.8258740902 0 -0 0
-31.8127043247 -32.8258740902 0 -0 0
-28.5706403255 -32.8258740902 0 -0 0
-25.3285763264 -32.8258740902 0 -0 0
-22.0865123272 -32.8258740902 0 -0 0
-18.844448328 -32.8258740902 0 -0 0
-15.6023843288 -32.8258740902 0 -0 0
-12.3603203297 -32.8258740902 0 -0 0
-9.1182563305 -32.8258740902 -11.176968996 -4.5047114245 1
-5.8761923313 -32.8258740902 -11.8137571649 -3.4772792835 1
-2.6341283321 -32.8258740902 -11.6560933777 -3.1950105957 1
0.607935667 -32.8258740902 -11.6013201215 -2.913343072 1
3.8499996662 -32.8258740902 -11.3820326468 -1.7724828194 1
7.0920636654 -32.8258740902 -9.9712840313 -0.9448967934 1
10.3341276646 -32.8258740902 -7.3014763883 -1.6622048556 1
13.5761916637 -32.8258740902 -4.7392155042 -3.2586485298 1
16.8182556629 -32.8258740902 -4.1279141523 -4.4959255531 1
20.0603196621 -32.8258740902 0 -0 0
23.3023836613 -32.8258740902 0 -0 0
26.5444476604 -32.8258740902 0 -0 0
29.7865116596 -32.8258740902 0 -0 0
33.0285756588 -32.8258740902 0 -0 0
36.270639658 -32.8258740902 0 -0 0
39.5127036572 -32.8258740902 0 -0 0
42.7547676563 -32.8258740902 0 -0 0
-35.0547683239 -36.0679380894 0 -0 0
-31.8127043247 -36.0679380894 0 -0 0
-28.5706403255 -36.0679380894 0 -0 0
-25.3285763264 -36.0679380894 0 -0 0
-22.0865123272 -36.0679380894 0 -0 0
-18.844448328 -36.0679380894 0 -0 0
-15.6023843288 -36.0679380894 0 -0 0
-12.3603203297 -36.0679380894 0 -0 0
-9.1182563305 -36.0679380894 0 -0 0
-5.8761923313 -36.0679380894 0 -0 0
-2.6341283321 -36.0679380894 0 -0 0
0.607935667 -36.0679380894 0 -0 0
3.8499996662 -36.0679380894 0 -0 0
7.0920636654 -36.0679380894 0 -0 0
10.3341276646 -36.0679380894 0 -0 0
13.5761916637 -36.0679380894 0 -0 0
16.8182556629 -36.0679380894 0 -0 0
20.0603196621 -36.0679380894 0 -0 0
23.3023836613 -36.0679380894 0 -0 0
26.5444476604 -36.0679380894 0 -0 0
29.7865116596 -36.0679380894 0 -0 0
33.0285756588 -36.0679380894 0 -0 0
36.270639658 -36.0679380894 0 -0 0
39.5127036572 -36.0679380894 0 -0 0
42.7547676563 -36.0679380894 0 -0 0
-35.0547683239 -39.3100020885 0 -0 0
-31.8127043247 -39.3100020885 0 -0 0
-28.5706403255 -39.3100020885 0 -0 0
-25.3285763264 -39.3100020885 0 -0 0
-22.0865123272 -39.3100020885 0 -0 0
-18.844448328 -39.3100020885 0 -0 0
-15.6023843288 -39.3100020885 0 -0 0
-12.3603203297 -39.3100020885 0 -0 0
-9.1182563305 -39.3100020885 0 -0 0
-5.8761923313 -39.3100020885 0 -0 0
-2.6341283321 -39.3100020885 0 -0 0
0.607935667 -39.3100020885 0 -0 0
3.8499996662 -39.3100020885 0 -0 0
7.0920636654 -39.3100020885 0 -0 0
10.3341276646 -39.3100020885 0 -0 0
13.5761916637 -39.3100020885 0 -0 0
16.8182556629 -39.3100020885 0 -0 0
20.0603196621 -39.3100020885 0 -0 0
23.3023836613 -39.3100020885 0 -0 0
26.5444476604 -39.3100020885 0 -0 0
29.7865116596 -39.3100020885 0 -0 0
33.0285756588 -39.3100020885 0 -0 0
36.270639658 -39.3100020885 0 -0 0
39.5127036572 -39.3100020885 0 -0 0
42.7547676563 -39.3100020885 0 -0 0
-35.0547683239 -42.5520660877 0 -0 0
-31.8127043247 -42.5520660877 0 -0 0
-28.5706403255 -42.5520660877 0 -0 0
-25.3285763264 -42.5520660877 0 -0 0
-22.0865123272 -42.5520660877 0 -0 0
-18.844448328 -42.5520660877 0 -0 0
-15.6023843288 -42.5520660877 0 -0 0
-12.3603203297 -42.5520660877 0 -0 0
-9.1182563305 -42.5520660877 0 -0 0
-5.8761923313 -42.5520660877 0 -0 0
-2.6341283321 -42.5520660877 0 -0 0
0.607935667 -42.5520660877 0 -0 0
3.8499996662 -42.5520660877 0 -0 0
7.0920636654 -42.5520660877 0 -0 0
10.3341276646 -42.5520660877 0 -0 0
13.5761916637 -42.5520660877 0 -0 0
16.8182556629 -42.5520660877 0 -0 0
20.0603196621 -42.5520660877 0 -0 0
23.3023836613 -42.5520660877 0 -0 0
26.5444476604 -42.5520660877 0 -0 0
29.7865116596 -42.5520660877 0 -0 0
33.0285756588 -42.5520660877 0 -0 0
36.270639658 -42.5520660877 0 -0 0
39.5127036572 -42.5520660877 0 -0 0
42.7547676563 -42.5520660877 0 -0 0
