TITLE = "B00090"
VARIABLES = "x", "y", "Vx", "Vy", "isValid"
ZONE T="Frame 0", I=25, J=25, F=POINT
-35.0547683239 35.2574698925 0 -0 0
-31.8127043247 35.2574698925 0 -0 0
-28.5706403255 35.2574698925 0 -0 0
-25.3285763264 35.2574698925 0 -0 0
-22.0865123272 35.2574698925 0 -0 0
-18.844448328 35.2574698925 0 -0 0
-15.6023843288 35.2574698925 0 -0 0
-12.3603203297 35.2574698925 0 -0 0
-9.1182563305 35.2574698925 0 -0 0
-5.8761923313 35.2574698925 0 -0 0
-2.6341283321 35.2574698925 0 -0 0
0.607935667 35.2574698925 0 -0 0
3.8499996662 35.2574698925 0 -0 0
7.0920636654 35.2574698925 0 -0 0
10.3341276646 35.2574698925 0 -0 0
13.5761916637 35.2574698925 0 -0 0
16.8182556629 35.2574698925 0 -0 0
20.0603196621 35.2574698925 0 -0 0
23.3023836613 35.2574698925 0 -0 0
26.5444476604 35.2574698925 0 -0 0
29.7865116596 35.2574698925 0 -0 0
33.0285756588 35.2574698925 0 -0 0
36.270639658 35.2574698925 0 -0 0
39.5127036572 35.2574698925 0 -0 0
42.7547676563 35.2574698925 0 -0 0
-35.0547683239 32.0154058933 0 -0 0
-31.8127043247 32.0154058933 0 -0 0
-28.5706403255 32.0154058933 0 -0 0
-25.3285763264 32.0154058933 0 -0 0
-22.0865123272 32.0154058933 0 -0 0
-18.844448328 32.0154058933 0 -0 0
-15.6023843288 32.0154058933 0 -0 0
-12.3603203297 32.0154058933 0 -0 0
-9.1182563305 32.0154058933 0 -0 0
-5.8761923313 32.0154058933 0 -0 0
-2.6341283321 32.0154058933 0 -0 0
0.607935667 32.0154058933 0 -0 0
3.8499996662 32.0154058933 0 -0 0
7.0920636654 32.0154058933 0 -0 0
10.3341276646 32.0154058933 0 -0 0
13.5761916637 32.0154058933 0 -0 0
16.8182556629 32.0154058933 0 -0 0
20.0603196621 32.0154058933 0 -0 0
23.3023836613 32.0154058933 0 -0 0
26.5444476604 32.0154058933 0 -0 0
29.7865116596 32.0154058933 0 -0 0
33.0285756588 32.0154058933 0 -0 0
36.270639658 32.0154058933 0 -0 0
39.5127036572 32.0154058933 0 -0 0
42.7547676563 32.0154058933 0 -0 0
-35.0547683239 28.7733418941 0 -0 0
-31.8127043247 28.7733418941 0 -0 0
-28.5706403255 28.7733418941 0 -0 0
-25.3285763264 28.7733418941 0 -0 0
-22.0865123272 28.7733418941 0 -0 0
-18.844448328 28.7733418941 0 -0 0
-15.6023843288 28.7733418941 0 -0 0
-12.3603203297 28.7733418941 0 -0 0
-9.1182563305 28.7733418941 0 -0 0
-5.8761923313 28.7733418941 0 -0 0
-2.6341283321 28.7733418941 0 -0 0
0.607935667 28.7733418941 0 -0 0
3.8499996662 28.7733418941 0 -0 0
7.0920636654 28.7733418941 0 -0 0
10.3341276646 28.7733418941 0 -0 0
13.5761916637 28.7733418941 0 -0 0
16.8182556629 28.7733418941 0 -0 0
20.0603196621 28.7733418941 0 -0 0
23.3023836613 28.7733418941 0 -0 0
26.5444476604 28.7733418941 0 -0 0
29.7865116596 28.7733418941 0 -0 0
33.0285756588 28.7733418941 0 -0 0
36.270639658 28.7733418941 0 -0 0
39.5127036572 28.7733418941 0 -0 0
42.7547676563 28.7733418941 0 -0 0
-35.0547683239 25.531277895 0 -0 0
-31.8127043247 25.531277895 0 -0 0
-28.5706403255 25.531277895 0 -0 0
-25.3285763264 25.531277895 0 -0 0
-22.0865123272 25.531277895 0 -0 0
-18.844448328 25.531277895 0 -0 0
-15.6023843288 25.531277895 0 -0 0
-12.3603203297 25.531277895 0 -0 0
-9.1182563305 25.531277895 1.4526391175 -2.0976406782 1
-5.8761923313 25.531277895 -0.302172281 -5.9610207826 1
-2.6341283321 25.531277895 -1.50630561 -8.3141336635 1
0.607935667 25.531277895 -0.5900581986 -10.1229343669 1
3.8499996662 25.531277895 3.0317663399 -10.1642561636 1
7.0920636654 25.531277895 4.8188478427 -8.558939961 1
10.3341276646 25.531277895 4.1375270394 -6.8730224921 1
13.5761916637 25.531277895 1.831844518 -5.7844059874 1
16.8182556629 25.531277895 1.1538634056 -5.5640309221 1
20.0603196621 25.531277895 0 -0 0
23.3023836613 25.531277895 0 -0 0
26.5444476604 25.531277895 0 -0 0
29.7865116596 25.531277895 0 -0 0
33.0285756588 25.531277895 0 -0 0
36.270639658 25.531277895 0 -0 0
39.5127036572 25.531277895 0 -0 0
42.7547676563 25.531277895 0 -0 0
-35.0547683239 22.2892138958 0 -0 0
-31.8127043247 22.2892138958 0 -0 0
-28.5706403255 22.2892138958 0 -0 0
-25.3285763264 22.2892138958 0 -0 0
-22.0865123272 22.2892138958 0 -0 0
-18.844448328 22.2892138958 0 -0 0
-15.6023843288 22.2892138958 4.2387188518 8.8626657648 1
-12.3603203297 22.2892138958 2.1500933689 5.9469726881 1
-9.1182563305 22.2892138958 1.2599120101 0.1519145715 1
-5.8761923313 22.2892138958 -0.1713520438 -6.2514086565 1
-2.6341283321 22.2892138958 -1.6904902103 -10.8528175057 1
0.607935667 22.2892138958 -1.4858855094 -12.9242335747 1
3.8499996662 22.2892138958 1.1817439332 -11.8266029313 1
7.0920636654 22.2892138958 3.4408745916 -9.1695335638 1
10.3341276646 22.2892138958 3.882394067 -8.5053026058 1
13.5761916637 22.2892138958 3.3650400636 -9.5459497868 1
16.8182556629 22.2892138958 3.4388053917 -10.4770051642 1
20.0603196621 22.2892138958 4.2517071342 -10.1106846315 1
23.3023836613 22.2892138958 0 -0 0
26.5444476604 22.2892138958 0 -0 0
29.7865116596 22.2892138958 0 -0 0
33.0285756588 22.2892138958 0 -0 0
36.270639658 22.2892138958 0 -0 0
39.5127036572 22.2892138958 0 -0 0
42.7547676563 22.2892138958 0 -0 0
-35.0547683239 19.0471498966 0 -0 0
-31.8127043247 19.0471498966 0 -0 0
-28.5706403255 19.0471498966 0 -0 0
-25.3285763264 19.0471498966 0 -0 0
-22.0865123272 19.0471498966 0 -0 0
-18.844448328 19.0471498966 8.495372983 1.2274521739 1
-15.6023843288 19.0471498966 5.1734089917 4.6049660129 1
-12.3603203297 19.0471498966 2.434938064 4.5438595499 1
-9.1182563305 19.0471498966 1.7857413388 0.0381331021 1
-5.8761923313 19.0471498966 1.2100882418 -5.9357821608 1
-2.6341283321 19.0471498966 0.179253493 -10.9772364107 1
0.607935667 19.0471498966 -0.3440052256 -12.4251255477 1
3.8499996662 19.0471498966 0.525792341 -10.6517901986 1
7.0920636654 19.0471498966 2.3700559831 -7.8653941814 1
10.3341276646 19.0471498966 4.5146093436 -8.3062034922 1
13.5761916637 19.0471498966 6.3578808085 -11.8456288206 1
16.8182556629 19.0471498966 7.2721820986 -13.9594059663 1
20.0603196621 19.0471498966 7.2302280381 -13.2979202534 1
23.3023836613 19.0471498966 6.7646831387 -11.3466451932 1
26.5444476604 19.0471498966 0 -0 0
29.7865116596 19.0471498966 0 -0 0
33.0285756588 19.0471498966 0 -0 0
36.270639658 19.0471498966 0 -0 0
39.5127036572 19.0471498966 0 -0 0
42.7547676563 19.0471498966 0 -0 0
-35.0547683239 15.8050858974 0 -0 0
-31.8127043247 15.8050858974 0 -0 0
-28.5706403255 15.8050858974 0 -0 0
-25.3285763264 15.8050858974 0 -0 0
-22.0865123272 15.8050858974 6.7262611808 -3.8597669306 1
-18.844448328 15.8050858974 6.5561218065 -2.1664158319 1
-15.6023843288 15.8050858974 5.1182202651 0.5931178772 1
-12.3603203297 15.8050858974 3.2187407216 1.0819172703 1
-9.1182563305 15.8050858974 2.5475660326 -1.7422747062 1
-5.8761923313 15.8050858974 2.4549472233 -5.7487304823 1
-2.6341283321 15.8050858974 2.0664791871 -9.2645615582 1
0.607935667 15.8050858974 1.404637939 -10.4419752084 1
3.8499996662 15.8050858974 0.7572963376 -8.1633758647 1
7.0920636654 15.8050858974 1.6928433854 -4.9950969877 1
10.3341276646 15.8050858974 5.0962226751 -5.3440000693 1
13.5761916637 15.8050858974 8.8064939191 -10.252391455 1
16.8182556629 15.8050858974 10.9876714824 -14.641203836 1
20.0603196621 15.8050858974 10.5663433874 -15.0492731096 1
23.3023836613 15.8050858974 8.8987543248 -13.4869605135 1
26.5444476604 15.8050858974 7.370134087 -12.2187538896 1
29.7865116596 15.8050858974 0 -0 0
33.0285756588 15.8050858974 0 -0 0
36.270639658 15.8050858974 0 -0 0
39.5127036572 15.8050858974 0 -0 0
42.7547676563 15.8050858974 0 -0 0
-35.0547683239 12.5630218983 0 -0 0
-31.8127043247 12.5630218983 0 -0 0
-28.5706403255 12.5630218983 0 -0 0
-25.3285763264 12.5630218983 0 -0 0
-22.0865123272 12.5630218983 3.4106451915 -1.3582562195 1
-18.844448328 12.5630218983 4.1143404068 -1.5112388686 1
-15.6023843288 12.5630218983 4.3884156309 -0.6526879904 1
-12.3603203297 12.5630218983 3.9826501651 -1.508338124 1
-9.1182563305 12.5630218983 3.2309364096 -4.2634245482 1
-5.8761923313 12.5630218983 2.8667137611 -7.0364032251 1
-2.6341283321 12.5630218983 2.506905788 -9.3544837348 1
0.607935667 12.5630218983 1.9137942516 -10.6733306503 1
3.8499996662 12.5630218983 0.9066981961 -9.0860016608 1
7.0920636654 12.5630218983 1.7432539 -5.8969211811 1
10.3341276646 12.5630218983 5.7364831624 -5.610420492 1
13.5761916637 12.5630218983 9.9892984192 -9.9704512788 1
16.8182556629 12.5630218983 12.5940541396 -15.2280353073 1
20.0603196621 12.5630218983 12.0816244876 -17.1931332141 1
23.3023836613 12.5630218983 10.109005841 -16.0286818794 1
26.5444476604 12.5630218983 8.1945941207 -13.9760006288 1
29.7865116596 12.5630218983 6.8656400413 -12.6331470098 1
33.0285756588 12.5630218983 0 -0 0
36.270639658 12.5630218983 0 -0 0
39.5127036572 12.5630218983 0 -0 0
42.7547676563 12.5630218983 0 -0 0
-35.0547683239 9.3209578991 0 -0 0
-31.8127043247 9.3209578991 0 -0 0
-28.5706403255 9.3209578991 0 -0 0
-25.3285763264 9.3209578991 1.4613085907 4.7761866369 1
-22.0865123272 9.3209578991 1.38596215 2.8486456278 1
-18.844448328 9.3209578991 2.5129456594 1.1284198415 1
-15.6023843288 9.3209578991 4.3725655542 0.2464909946 1
-12.3603203297 9.3209578991 4.874894081 -1.7170458975 1
-9.1182563305 9.3209578991 3.583085958 -4.8777797286 1
-5.8761923313 9.3209578991 2.356709448 -7.78778394 1
-2.6341283321 9.3209578991 1.8020616882 -10.3066816061 1
0.607935667 9.3209578991 1.8238121397 -12.7294479863 1
3.8499996662 9.3209578991 1.7568581415 -12.5308482827 1
7.0920636654 9.3209578991 3.1568347195 -10.360656531 1
10.3341276646 9.3209578991 6.5409390188 -9.6635224877 1
13.5761916637 9.3209578991 10.1323833001 -12.2958514357 1
16.8182556629 9.3209578991 12.2130423788 -16.5147182883 1
20.0603196621 9.3209578991 11.4423519503 -18.3912895886 1
23.3023836613 9.3209578991 9.4966235413 -17.2750243712 1
26.5444476604 9.3209578991 7.7852784358 -14.9138901327 1
29.7865116596 9.3209578991 7.0926722957 -13.0289949304 1
33.0285756588 9.3209578991 0 -0 0
36.270639658 9.3209578991 0 -0 0
39.5127036572 9.3209578991 0 -0 0
42.7547676563 9.3209578991 0 -0 0
-35.0547683239 6.0788938999 0 -0 0
-31.8127043247 6.0788938999 0 -0 0
-28.5706403255 6.0788938999 0 -0 0
-25.3285763264 6.0788938999 1.9733507018 7.4564516952 1
-22.0865123272 6.0788938999 1.1926492775 5.0186981849 1
-18.844448328 6.0788938999 2.2269215839 1.8992452375 1
-15.6023843288 6.0788938999 4.2270005321 0.0948582376 1
-12.3603203297 6.0788938999 5.0924139947 -1.4734535527 1
-9.1182563305 6.0788938999 3.9876596637 -4.0414688232 1
-5.8761923313 6.0788938999 2.4289089115 -6.6522464496 1
-2.6341283321 6.0788938999 1.8347840619 -9.0765243452 1
0.607935667 6.0788938999 2.5589908659 -11.9641236486 1
3.8499996662 6.0788938999 3.716053409 -14.2962800312 1
7.0920636654 6.0788938999 5.4463175168 -15.2630459388 1
10.3341276646 6.0788938999 7.8264969688 -14.9975893109 1
13.5761916637 6.0788938999 10.204815258 -15.1619211572 1
16.8182556629 6.0788938999 11.1792250971 -16.7294657822 1
20.0603196621 6.0788938999 9.9260955816 -17.5896997536 1
23.3023836613 6.0788938999 8.1375436275 -16.5864255885 1
26.5444476604 6.0788938999 7.1123213907 -14.8498823212 1
29.7865116596 6.0788938999 6.9994402448 -13.9352205138 1
33.0285756588 6.0788938999 7.0844293138 -14.6493658978 1
36.270639658 6.0788938999 0 -0 0
39.5127036572 6.0788938999 0 -0 0
42.7547676563 6.0788938999 0 -0 0
-35.0547683239 2.8368299007 0 -0 0
-31.8127043247 2.8368299007 0 -0 0
-28.5706403255 2.8368299007 3.1791122085 9.9998947271 1
-25.3285763264 2.8368299007 2.3098423588 7.4204253351 1
-22.0865123272 2.8368299007 1.6855925807 4.0513972383 1
-18.844448328 2.8368299007 1.9365453346 0.6303105212 1
-15.6023843288 2.8368299007 3.0159739339 -0.5947947806 1
-12.3603203297 2.8368299007 3.5821583961 -0.9828892406 1
-9.1182563305 2.8368299007 3.0279036122 -2.5261783629 1
-5.8761923313 2.8368299007 2.2904402514 -4.5223538213 1
-2.6341283321 2.8368299007 2.1602702813 -6.5839226973 1
0.607935667 2.8368299007 3.345007202 -9.3774602166 1
3.8499996662 2.8368299007 4.7025263842 -12.5762855315 1
7.0920636654 2.8368299007 6.2971623393 -14.853225409 1
10.3341276646 2.8368299007 7.9934707964 -14.7444579036 1
13.5761916637 2.8368299007 9.5692185472 -14.5013400587 1
16.8182556629 2.8368299007 9.882929531 -14.9765838982 1
20.0603196621 2.8368299007 8.689202627 -14.6389429038 1
23.3023836613 2.8368299007 7.2186582732 -13.4611457889 1
26.5444476604 2.8368299007 6.4684086283 -13.0447622754 1
29.7865116596 2.8368299007 6.4089051686 -14.4022757207 1
33.0285756588 2.8368299007 6.5335547563 -16.0788318192 1
36.270639658 2.8368299007 0 -0 0
39.5127036572 2.8368299007 0 -0 0
42.7547676563 2.8368299007 0 -0 0
-35.0547683239 -0.4052340984 0 -0 0
-31.8127043247 -0.4052340984 0 -0 0
-28.5706403255 -0.4052340984 0.673411013 9.5939384348 1
-25.3285763264 -0.4052340984 0.5306813653 6.2404409614 1
-22.0865123272 -0.4052340984 0.6624101799 1.9161368587 1
-18.844448328 -0.4052340984 0.4295964399 -0.3890628595 1
-15.6023843288 -0.4052340984 0.5090489726 -1.0157489974 1
-12.3603203297 -0.4052340984 0.3423390412 -0.9767592399 1
-9.1182563305 -0.4052340984 0.3286961512 -1.6798360806 1
-5.8761923313 -0.4052340984 0.9239655071 -2.8068494822 1
-2.6341283321 -0.4052340984 1.8654494644 -3.8309101531 1
0.607935667 -0.4052340984 3.4758728435 -5.3021867131 1
3.8499996662 -0.4052340984 4.7938097096 -7.7334919773 1
7.0920636654 -0.4052340984 6.1335503197 -10.3685685859 1
10.3341276646 -0.4052340984 7.1356734867 -11.4335678906 1
13.5761916637 -0.4052340984 7.4863498663 -12.419571046 1
16.8182556629 -0.4052340984 7.3078569998 -12.7538303042 1
20.0603196621 -0.4052340984 6.936024841 -11.7691460259 1
23.3023836613 -0.4052340984 6.4092379073 -10.6121453807 1
26.5444476604 -0.4052340984 5.9213620754 -11.8785403602 1
29.7865116596 -0.4052340984 5.6217468927 -14.9425805409 1
33.0285756588 -0.4052340984 5.7646318889 -16.9771501787 1
36.270639658 -0.4052340984 0 -0 0
39.5127036572 -0.4052340984 0 -0 0
42.7547676563 -0.4052340984 0 -0 0
-35.0547683239 -3.6472980976 0 -0 0
-31.8127043247 -3.6472980976 0 -0 0
-28.5706403255 -3.6472980976 -3.339189408 6.3690067205 1
-25.3285763264 -3.6472980976 -2.8155175967 3.485238743 1
-22.0865123272 -3.6472980976 -1.9404057978 0.5310957789 1
-18.844448328 -3.6472980976 -2.4190535661 -0.2181595562 1
-15.6023843288 -3.6472980976 -3.1271439817 -0.7176409518 1
-12.3603203297 -3.6472980976 -3.3336638926 -0.9889592306 1
-9.1182563305 -3.6472980976 -2.909924801 -1.117113067 1
-5.8761923313 -3.6472980976 -1.2648079791 -1.4490384743 1
-2.6341283321 -3.6472980976 1.0620068456 -1.5121620524 1
0.607935667 -3.6472980976 3.4295186007 -1.9090770315 1
3.8499996662 -3.6472980976 5.1681087241 -4.0837136527 1
7.0920636654 -3.6472980976 5.8819382781 -6.9515548605 1
10.3341276646 -3.6472980976 5.8987720777 -9.0234449765 1
13.5761916637 -3.6472980976 5.017296274 -10.7347067464 1
16.8182556629 -3.6472980976 4.2485944273 -11.2496255978 1
20.0603196621 -3.6472980976 4.1441790956 -10.6448057056 1
23.3023836613 -3.6472980976 4.2332144723 -10.0830981186 1
26.5444476604 -3.6472980976 4.3321435409 -11.8424705206 1
29.7865116596 -3.6472980976 4.5675383458 -14.6129131974 1
33.0285756588 -3.6472980976 4.9197126533 -15.9026542342 1
36.270639658 -3.6472980976 0 -0 0
39.5127036572 -3.6472980976 0 -0 0
42.7547676563 -3.6472980976 0 -0 0
-35.0547683239 -6.8893620968 0 -0 0
-31.8127043247 -6.8893620968 0 -0 0
-28.5706403255 -6.8893620968 -6.669320594 1.363179967 1
-25.3285763264 -6.8893620968 -5.4878192702 0.1811945001 1
-22.0865123272 -6.8893620968 -4.646209305 -0.0996227303 1
-18.844448328 -6.8893620968 -5.3179208446 0.4423675892 1
-15.6023843288 -6.8893620968 -6.0905992508 0.3333919334 1
-12.3603203297 -6.8893620968 -5.5117595468 -0.0472777474 1
-9.1182563305 -6.8893620968 -4.7880275446 0.11156509 1
-5.8761923313 -6.8893620968 -2.9041598466 -0.2467679686 1
-2.6341283321 -6.8893620968 0.47053798 -0.3010367951 1
0.607935667 -6.8893620968 3.3798873951 -0.8722152815 1
3.8499996662 -6.8893620968 5.107415618 -4.0986899129 1
7.0920636654 -6.8893620968 4.2887262755 -7.8751855154 1
10.3341276646 -6.8893620968 3.2727174582 -10.2955653561 1
13.5761916637 -6.8893620968 2.0250953416 -10.7324856704 1
16.8182556629 -6.8893620968 1.2929847861 -10.8093283784 1
20.0603196621 -6.8893620968 1.0633960749 -11.211951849 1
23.3023836613 -6.8893620968 1.2619114616 -11.9479106391 1
26.5444476604 -6.8893620968 1.9710003952 -13.1293382894 1
29.7865116596 -6.8893620968 3.1485144407 -13.9448004893 1
33.0285756588 -6.8893620968 3.7793232774 -13.8725146707 1
36.270639658 -6.8893620968 0 -0 0
39.5127036572 -6.8893620968 0 -0 0
42.7547676563 -6.8893620968 0 -0 0
-35.0547683239 -10.131426096 0 -0 0
-31.8127043247 -10.131426096 0 -0 0
-28.5706403255 -10.131426096 -7.7053504973 -4.2901843473 1
-25.3285763264 -10.131426096 -5.8521427669 -3.1737980517 1
-22.0865123272 -10.131426096 -6.1875723474 -0.6187331701 1
-18.844448328 -10.131426096 -7.3889045345 1.3189823358 1
-15.6023843288 -10.131426096 -8.1043253161 1.9786893159 1
-12.3603203297 -10.131426096 -6.0749871034 2.329612532 1
-9.1182563305 -10.131426096 -4.4329645701 2.3162380674 1
-5.8761923313 -10.131426096 -2.6195230377 0.7319279569 1
-2.6341283321 -10.131426096 0.3955214094 -0.2084480667 1
0.607935667 -10.131426096 2.5434049874 -1.2286073236 1
3.8499996662 -10.131426096 3.0593054481 -5.3684427753 1
7.0920636654 -10.131426096 1.1956036921 -10.2472077365 1
10.3341276646 -10.131426096 0.2519704829 -12.6302652875 1
13.5761916637 -10.131426096 0.0826431876 -11.3168158646 1
16.8182556629 -10.131426096 -0.4831051683 -10.4899934466 1
20.0603196621 -10.131426096 -1.503197885 -11.3921053895 1
23.3023836613 -10.131426096 -1.5634400427 -12.7105018094 1
26.5444476604 -10.131426096 -0.2626696395 -13.2809137437 1
29.7865116596 -10.131426096 1.7110232367 -13.0351134574 1
33.0285756588 -10.131426096 2.4274123423 -12.76690313 1
36.270639658 -10.131426096 0 -0 0
39.5127036572 -10.131426096 0 -0 0
42.7547676563 -10.131426096 0 -0 0
-35.0547683239 -13.3734900951 0 -0 0
-31.8127043247 -13.3734900951 0 -0 0
-28.5706403255 -13.3734900951 0 -0 0
-25.3285763264 -13.3734900951 -4.9098225847 -2.7617334983 1
-22.0865123272 -13.3734900951 -5.9765260429 0.3832548408 1
-18.844448328 -13.3734900951 -7.7250666231 2.9951424391 1
-15.6023843288 -13.3734900951 -8.0933944578 4.4724587196 1
-12.3603203297 -13.3734900951 -5.1846266937 4.8821340159 1
-9.1182563305 -13.3734900951 -2.7080514559 3.8122517257 1
-5.8761923313 -13.3734900951 -1.6755095719 0.8344836356 1
-2.6341283321 -13.3734900951 -0.5720587946 -0.7216990353 1
0.607935667 -13.3734900951 -0.1681334877 -1.5586646991 1
3.8499996662 -13.3734900951 -0.8058280261 -5.1406085663 1
7.0920636654 -13.3734900951 -2.1939072335 -9.7931299423 1
10.3341276646 -13.3734900951 -1.8116422676 -12.4890802176 1
13.5761916637 -13.3734900951 -0.5391883189 -11.4631822374 1
16.8182556629 -13.3734900951 -0.9874046888 -10.2842099691 1
20.0603196621 -13.3734900951 -2.9111703065 -10.2837353183 1
23.3023836613 -13.3734900951 -3.5731575429 -11.1074042673 1
26.5444476604 -13.3734900951 -1.8829851253 -12.2070820688 1
29.7865116596 -13.3734900951 0.5135042968 -13.1633537243 1
33.0285756588 -13.3734900951 1.4119675502 -13.7144076345 1
36.270639658 -13.3734900951 0 -0 0
39.5127036572 -13.3734900951 0 -0 0
42.7547676563 -13.3734900951 0 -0 0
-35.0547683239 -16.6155540943 0 -0 0
-31.8127043247 -16.6155540943 0 -0 0
-28.5706403255 -16.6155540943 0 -0 0
-25.3285763264 -16.6155540943 -5.2197774258 0.650738661 1
-22.0865123272 -16.6155540943 -6.1651713646 3.0798168858 1
-18.844448328 -16.6155540943 -7.3003887978 5.3079024512 1
-15.6023843288 -16.6155540943 -6.684017861 6.5827010451 1
-12.3603203297 -16.6155540943 -3.457867212 5.9718972915 1
-9.1182563305 -16.6155540943 -1.0852302395 3.1247498936 1
-5.8761923313 -16.6155540943 -1.4074979216 -0.9839972121 1
-2.6341283321 -16.6155540943 -2.830605575 -2.618176684 1
0.607935667 -16.6155540943 -3.0834283989 -2.475652054 1
3.8499996662 -16.6155540943 -3.133113048 -3.7382569225 1
7.0920636654 -16.6155540943 -3.0572012232 -7.3385196848 1
10.3341276646 -16.6155540943 -2.2526656544 -10.4919621002 1
13.5761916637 -16.6155540943 -1.2831037757 -11.0789324642 1
16.8182556629 -16.6155540943 -1.4364970642 -9.973068501 1
20.0603196621 -16.6155540943 -3.1174432299 -8.7385608781 1
23.3023836613 -16.6155540943 -3.9939614687 -8.7450646814 1
26.5444476604 -16.6155540943 -2.5557015236 -10.701585056 1
29.7865116596 -16.6155540943 -0.3751479586 -13.3725298078 1
33.0285756588 -16.6155540943 0 -0 0
36.270639658 -16.6155540943 0 -0 0
39.5127036572 -16.6155540943 0 -0 0
42.7547676563 -16.6155540943 0 -0 0
-35.0547683239 -19.8576180935 0 -0 0
-31.8127043247 -19.8576180935 0 -0 0
-28.5706403255 -19.8576180935 0 -0 0
-25.3285763264 -19.8576180935 0 -0 0
-22.0865123272 -19.8576180935 -6.5251124935 3.1955909258 1
-18.844448328 -19.8576180935 -6.607088194 4.086784088 1
-15.6023843288 -19.8576180935 -5.1569652996 5.6125739333 1
-12.3603203297 -19.8576180935 -3.3817382918 5.324643253 1
-9.1182563305 -19.8576180935 -2.5650028078 1.969095904 1
-5.8761923313 -19.8576180935 -3.6787105873 -2.5847264821 1
-2.6341283321 -19.8576180935 -5.3968282234 -5.2237992763 1
0.607935667 -19.8576180935 -5.1784858232 -4.8314574915 1
3.8499996662 -19.8576180935 -4.0871920099 -3.4375466008 1
7.0920636654 -19.8576180935 -3.1742050678 -4.4850022433 1
10.3341276646 -19.8576180935 -3.0990293745 -7.0247718643 1
13.5761916637 -19.8576180935 -3.3635949752 -9.4375089813 1
16.8182556629 -19.8576180935 -3.0414969838 -9.5286781731 1
20.0603196621 -19.8576180935 -3.1198222209 -7.9517782165 1
23.3023836613 -19.8576180935 -3.4906410666 -7.5677241009 1
26.5444476604 -19.8576180935 -2.7608418674 -9.2885942287 1
29.7865116596 -19.8576180935 -1.0491172978 -12.5909042939 1
33.0285756588 -19.8576180935 0 -0 0
36.270639658 -19.8576180935 0 -0 0
39.5127036572 -19.8576180935 0 -0 0
42.7547676563 -19.8576180935 0 -0 0
-35.0547683239 -23.0996820927 0 -0 0
-31.8127043247 -23.0996820927 0 -0 0
-28.5706403255 -23.0996820927 0 -0 0
-25.3285763264 -23.0996820927 0 -0 0
-22.0865123272 -23.0996820927 -6.7372210254 0.3508645264 1
-18.844448328 -23.0996820927 -5.4180920974 0.4297560155 1
-15.6023843288 -23.0996820927 -4.7429182034 2.5491225371 1
-12.3603203297 -23.0996820927 -6.2229163215 4.3603698662 1
-9.1182563305 -23.0996820927 -8.1597235897 2.6969379235 1
-5.8761923313 -23.0996820927 -9.1910456331 -1.1889175166 1
-2.6341283321 -23.0996820927 -9.1677774766 -5.033180772 1
0.607935667 -23.0996820927 -8.4105131446 -6.1123323407 1
3.8499996662 -23.0996820927 -7.4595453799 -4.5503011534 1
7.0920636654 -23.0996820927 -6.668088072 -4.2165633468 1
10.3341276646 -23.0996820927 -6.4918126582 -5.7984921263 1
13.5761916637 -23.0996820927 -6.5440628976 -8.3988002598 1
16.8182556629 -23.0996820927 -5.2819391717 -9.7412100259 1
20.0603196621 -23.0996820927 -3.5756675762 -9.1490674173 1
23.3023836613 -23.0996820927 -2.9887120073 -8.7429408304 1
26.5444476604 -23.0996820927 -2.8351081152 -8.9740891408 1
29.7865116596 -23.0996820927 0 -0 0
33.0285756588 -23.0996820927 0 -0 0
36.270639658 -23.0996820927 0 -0 0
39.5127036572 -23.0996820927 0 -0 0
42.7547676563 -23.0996820927 0 -0 0
-35.0547683239 -26.3417460918 0 -0 0
-31.8127043247 -26.3417460918 0 -0 0
-28.5706403255 -26.3417460918 0 -0 0
-25.3285763264 -26.3417460918 0 -0 0
-22.0865123272 -26.3417460918 0 -0 0
-18.844448328 -26.3417460918 -5.1775510147 -3.7043326737 1
-15.6023843288 -26.3417460918 -6.5304073262 -0.4142730233 1
-12.3603203297 -26.3417460918 -10.9623434861 3.3840487423 1
-9.1182563305 -26.3417460918 -15.2341200168 4.0947930659 1
-5.8761923313 -26.3417460918 -15.459569498 1.725316658 1
-2.6341283321 -26.3417460918 -13.29133553 -2.2231361529 1
0.607935667 -26.3417460918 -12.5644361695 -4.602474096 1
3.8499996662 -26.3417460918 -12.9768896225 -4.5008547355 1
7.0920636654 -26.3417460918 -12.4756716337 -4.4320454625 1
10.3341276646 -26.3417460918 -10.853503515 -5.2729878368 1
13.5761916637 -26.3417460918 -9.1587397866 -6.8682783994 1
16.8182556629 -26.3417460918 -7.3344211413 -8.1940023169 1
20.0603196621 -26.3417460918 -4.9546139823 -8.6722293307 1
23.3023836613 -26.3417460918 -3.5804192175 -9.1410454559 1
26.5444476604 -26.3417460918 0 -0 0
29.7865116596 -26.3417460918 0 -0 0
33.0285756588 -26.3417460918 0 -0 0
36.270639658 -26.3417460918 0 -0 0
39.5127036572 -26.3417460918 0 -0 0
42.7547676563 -26.3417460918 0 -0 0
-35.0547683239 -29.583810091 0 -0 0
-31.8127043247 -29.583810091 0 -0 0
-28.5706403255 -29.583810091 0 -0 0
-25.3285763264 -29.583810091 0 -0 0
-22.0865123272 -29.583810091 0 -0 0
-18.844448328 -29.583810091 0 -0 0
-15.6023843288 -29.583810091 -8.2190374306 -0.7977633401 1
-12.3603203297 -29.583810091 -13.6538769725 2.32600585 1
-9.1182563305 -29.583810091 -17.9437928945 3.4617039728 1
-5.8761923313 -29.583810091 -18.176265517 2.3744425781 1
-2.6341283321 -29.583810091 -15.5441575897 -0.0159081165 1
0.607935667 -29.583810091 -15.3213458628 -2.3317640107 1
3.8499996662 -29.583810091 -16.2448195084 -3.9650071643 1
7.0920636654 -29.583810091 -15.8972217165 -5.0481247245 1
10.3341276646 -29.583810091 -12.9731576351 -5.9406585036 1
13.5761916637 -29.583810091 -10.260032971 -6.4834108554 1
16.8182556629 -29.583810091 -8.2684947183 -7.200186747 1
20.0603196621 -29.583810091 -6.2111376136 -8.0648350919 1
23.3023836613 -29.583810091 0 -0 0
26.5444476604 -29.583810091 0 -0 0
29.7865116596 -29.583810091 0 -0 0
33.0285756588 -29.583810091 0 -0 0
36.270639658 -29.583810091 0 -0 0
39.5127036572 -29.583810091 0 -0 0
42.7547676563 -29.583810091 0 -0 0
-35.0547683239 -32.8258740902 0 -0 0
-31.8127043247 -32.8258740902 0 -0 0
-28.5706403255 -32.8258740902 0 -0 0
-25.3285763264 -32.8258740902 0 -0 0
-22.0865123272 -32.8258740902 0 -0 0
-18.844448328 -32.8258740902 0 -0 0
-15.6023843288 -32.8258740902 0 -0 0
-12.3603203297 -32.8258740902 0 -0 0
-9.1182563305 -32.8258740902 -17.2476902808 1.1483092813 1
-5.8761923313 -32.8258740902 -17.1076284304 0.2476144784 1
-2.6341283321 -32.8258740902 -15.1715723907 -0.7777494253 1
0.607935667 -32.8258740902 -14.5279386215 -1.8508017157 1
3.8499996662 -32.8258740902 -15.0998904536 -3.1442525473 1
7.0920636654 -32.8258740902 -14.9722238741 -4.6056637979 1
10.3341276646 -32.8258740902 -12.9206332334 -5.5550584514 1
13.5761916637 -32.8258740902 -11.0483084276 -5.7735832238 1
16.8182556629 -32.8258740902 -9.3709648676 -5.8865301928 1
20.0603196621 -32.8258740902 0 -0 0
23.3023836613 -32.8258740902 0 -0 0
26.5444476604 -32.8258740902 0 -0 0
29.7865116596 -32.8258740902 0 -0 0
33.0285756588 -32.8258740902 0 -0 0
36.270639658 -32.8258740902 0 -0 0
39.5127036572 -32.8258740902 0 -0 0
42.7547676563 -32.8258740902 0 -0 0
-35.0547683239 -36.0679380894 0 -0 0
-31.8127043247 -36.0679380894 0 -0 0
-28.5706403255 -36.0679380894 0 -0 0
-25.3285763264 -36.0679380894 0 -0 0
-22.0865123272 -36.0679380894 0 -0 0
-18.844448328 -36.0679380894 0 -0 0
-15.6023843288 -36.0679380894 0 -0 0
-12.3603203297 -36.0679380894 0 -0 0
-9.1182563305 -36.0679380894 0 -0 0
-5.8761923313 -36.0679380894 0 -0 0
-2.6341283321 -36.0679380894 0 -0 0
0.607935667 -36.0679380894 0 -0 0
3.8499996662 -36.0679380894 0 -0 0
7.0920636654 -36.0679380894 0 -0 0
10.3341276646 -36.0679380894 0 -0 0
13.5761916637 -36.0679380894 0 -0 0
16.8182556629 -36.0679380894 0 -0 0
20.0603196621 -36.0679380894 0 -0 0
23.3023836613 -36.0679380894 0 -0 0
26.5444476604 -36.0679380894 0 -0 0
29.7865116596 -36.0679380894 0 -0 0
33.0285756588 -36.0679380894 0 -0 0
36.270639658 -36.0679380894 0 -0 0
39.5127036572 -36.0679380894 0 -0 0
42.7547676563 -36.0679380894 0 -0 0
-35.0547683239 -39.3100020885 0 -0 0
-31.8127043247 -39.3100020885 0 -0 0
-28.5706403255 -39.3100020885 0 -0 0
-25.3285763264 -39.3100020885 0 -0 0
-22.0865123272 -39.3100020885 0 -0 0
-18.844448328 -39.3100020885 0 -0 0
-15.6023843288 -39.3100020885 0 -0 0
-12.3603203297 -39.3100020885 0 -0 0
-9.1182563305 -39.3100020885 0 -0 0
-5.8761923313 -39.3100020885 0 -0 0
-2.6341283321 -39.3100020885 0 -0 0
0.607935667 -39.3100020885 0 -0 0
3.8499996662 -39.3100020885 0 -0 0
7.0920636654 -39.3100020885 0 -0 0
10.3341276646 -39.3100020885 0 -0 0
13.5761916637 -39.3100020885 0 -0 0
16.8182556629 -39.3100020885 0 -0 0
20.0603196621 -39.3100020885 0 -0 0
23.3023836613 -39.3100020885 0 -0 0
26.5444476604 -39.3100020885 0 -0 0
29.7865116596 -39.3100020885 0 -0 0
33.0285756588 -39.3100020885 0 -0 0
36.270639658 -39.3100020885 0 -0 0
39.5127036572 -39.3100020885 0 -0 0
42.7547676563 -39.3100020885 0 -0 0
-35.0547683239 -42.5520660877 0 -0 0
-31.8127043247 -42.5520660877 0 -0 0
-28.5706403255 -42.5520660877 0 -0 0
-25.3285763264 -42.5520660877 0 -0 0
-22.0865123272 -42.5520660877 0 -0 0
-18.844448328 -42.5520660877 0 -0 0
-15.6023843288 -42.5520660877 0 -0 0
-12.3603203297 -42.5520660877 0 -0 0
-9.1182563305 -42.5520660877 0 -0 0
-5.8761923313 -42.5520660877 0 -0 0
-2.6341283321 -42.5520660877 0 -0 0
0.607935667 -42.5520660877 0 -0 0
3.8499996662 -42.5520660877 0 -0 0
7.0920636654 -42.5520660877 0 -0 0
10.3341276646 -42.5520660877 0 -0 0
13.5761916637 -42.5520660877 0 -0 0
16.8182556629 -42.5520660877 0 -0 0
20.0603196621 -42.5520660877 0 -0 0
23.3023836613 -42.5520660877 0 -0 0
26.5444476604 -42.5520660877 0 -0 0
29.7865116596 -42.5520660877 0 -0 0
33.0285756588 -42.5520660877 0 -0 0
36.270639658 -42.5520660877 0 -0 0
39.5127036572 -42.5520660877 0 -0 0
42.7547676563 -42.5520660877 0 -0 0
