TITLE = "B00090"
VARIABLES = "x", "y", "Vx", "Vy", "isValid"
ZONE T="Frame 0", I=25, J=25, F=POINT
-35.0547683239 35.2574698925 0 -0 0
-31.8127043247 35.2574698925 0 -0 0
-28.5706403255 35.2574698925 0 -0 0
-25.3285763264 35.2574698925 0 -0 0
-22.0865123272 35.2574698925 0 -0 0
-18.844448328 35.2574698925 0 -0 0
-15.6023843288 35.2574698925 0 -0 0
-12.3603203297 35.2574698925 0 -0 0
-9.1182563305 35.2574698925 0 -0 0
-5.8761923313 35.2574698925 0 -0 0
-2.6341283321 35.2574698925 0 -0 0
0.607935667 35.2574698925 0 -0 0
3.8499996662 35.2574698925 0 -0 0
7.0920636654 35.2574698925 0 -0 0
10.3341276646 35.2574698925 0 -0 0
13.5761916637 35.2574698925 0 -0 0
16.8182556629 35.2574698925 0 -0 0
20.0603196621 35.2574698925 0 -0 0
23.3023836613 35.2574698925 0 -0 0
26.5444476604 35.2574698925 0 -0 0
29.7865116596 35.2574698925 0 -0 0
33.0285756588 35.2574698925 0 -0 0
36.270639658 35.2574698925 0 -0 0
39.5127036572 35.2574698925 0 -0 0
42.7547676563 35.2574698925 0 -0 0
-35.0547683239 32.0154058933 0 -0 0
-31.8127043247 32.0154058933 0 -0 0
-28.5706403255 32.0154058933 0 -0 0
-25.3285763264 32.0154058933 0 -0 0
-22.0865123272 32.0154058933 0 -0 0
-18.844448328 32.0154058933 0 -0 0
-15.6023843288 32.0154058933 0 -0 0
-12.3603203297 32.0154058933 0 -0 0
-9.1182563305 32.0154058933 0 -0 0
-5.8761923313 32.0154058933 0 -0 0
-2.6341283321 32.0154058933 0 -0 0
0.607935667 32.0154058933 0 -0 0
3.8499996662 32.0154058933 0 -0 0
7.0920636654 32.0154058933 0 -0 0
10.3341276646 32.0154058933 0 -0 0
13.5761916637 32.0154058933 0 -0 0
16.8182556629 32.0154058933 0 -0 0
20.0603196621 32.0154058933 0 -0 0
23.3023836613 32.0154058933 0 -0 0
26.5444476604 32.0154058933 0 -0 0
29.7865116596 32.0154058933 0 -0 0
33.0285756588 32.0154058933 0 -0 0
36.270639658 32.0154058933 0 -0 0
39.5127036572 32.0154058933 0 -0 0
42.7547676563 32.0154058933 0 -0 0
-35.0547683239 28.7733418941 0 -0 0
-31.8127043247 28.7733418941 0 -0 0
-28.5706403255 28.7733418941 0 -0 0
-25.3285763264 28.7733418941 0 -0 0
-22.0865123272 28.7733418941 0 -0 0
-18.844448328 28.7733418941 0 -0 0
-15.6023843288 28.7733418941 0 -0 0
-12.3603203297 28.7733418941 0 -0 0
-9.1182563305 28.7733418941 0 -0 0
-5.8761923313 28.7733418941 0 -0 0
-2.6341283321 28.7733418941 0 -0 0
0.607935667 28.7733418941 0 -0 0
3.8499996662 28.7733418941 0 -0 0
7.0920636654 28.7733418941 0 -0 0
10.3341276646 28.7733418941 0 -0 0
13.5761916637 28.7733418941 0 -0 0
16.8182556629 28.7733418941 0 -0 0
20.0603196621 28.7733418941 0 -0 0
23.3023836613 28.7733418941 0 -0 0
26.5444476604 28.7733418941 0 -0 0
29.7865116596 28.7733418941 0 -0 0
33.0285756588 28.7733418941 0 -0 0
36.270639658 28.7733418941 0 -0 0
39.5127036572 28.7733418941 0 -0 0
42.7547676563 28.7733418941 0 -0 0
-35.0547683239 25.531277895 0 -0 0
-31.8127043247 25.531277895 0 -0 0
-28.5706403255 25.531277895 0 -0 0
-25.3285763264 25.531277895 0 -0 0
-22.0865123272 25.531277895 0 -0 0
-18.844448328 25.531277895 0 -0 0
-15.6023843288 25.531277895 0 -0 0
-12.3603203297 25.531277895 0 -0 0
-9.1182563305 25.531277895 4.0434649534 1.2210331404 1
-5.8761923313 25.531277895 1.0261997699 1.9435340547 1
-2.6341283321 25.531277895 -1.0367043634 2.4840140006 1
0.607935667 25.531277895 -1.4176473573 1.6277417935 1
3.8499996662 25.531277895 -0.9722953482 -0.7144609876 1
7.0920636654 25.531277895 0.1123777729 -3.7358178453 1
10.3341276646 25.531277895 1.8884190016 -5.9029859626 1
13.5761916637 25.531277895 2.6150531071 -6.1343438199 1
16.8182556629 25.531277895 3.0487867389 -4.951503087 1
20.0603196621 25.531277895 0 -0 0
23.3023836613 25.531277895 0 -0 0
26.5444476604 25.531277895 0 -0 0
29.7865116596 25.531277895 0 -0 0
33.0285756588 25.531277895 0 -0 0
36.270639658 25.531277895 0 -0 0
39.5127036572 25.531277895 0 -0 0
42.7547676563 25.531277895 0 -0 0
-35.0547683239 22.2892138958 0 -0 0
-31.8127043247 22.2892138958 0 -0 0
-28.5706403255 22.2892138958 0 -0 0
-25.3285763264 22.2892138958 0 -0 0
-22.0865123272 22.2892138958 0 -0 0
-18.844448328 22.2892138958 0 -0 0
-15.6023843288 22.2892138958 4.8054314083 0.1666131783 1
-12.3603203297 22.2892138958 6.0953113378 -1.2699412734 1
-9.1182563305 22.2892138958 4.275167929 -1.9807542886 1
-5.8761923313 22.2892138958 1.7606477996 -1.1985066258 1
-2.6341283321 22.2892138958 0.237116603 0.280853718 1
0.607935667 22.2892138958 0.4738789164 0.602565263 1
3.8499996662 22.2892138958 0.276587371 -0.6730277747 1
7.0920636654 22.2892138958 0.3694766814 -2.8652194564 1
10.3341276646 22.2892138958 1.9021675708 -5.2004296677 1
13.5761916637 22.2892138958 3.4345643322 -5.8898334244 1
16.8182556629 22.2892138958 4.6214281234 -5.3419221132 1
20.0603196621 22.2892138958 5.1477657694 -4.6687029836 1
23.3023836613 22.2892138958 0 -0 0
26.5444476604 22.2892138958 0 -0 0
29.7865116596 22.2892138958 0 -0 0
33.0285756588 22.2892138958 0 -0 0
36.270639658 22.2892138958 0 -0 0
39.5127036572 22.2892138958 0 -0 0
42.7547676563 22.2892138958 0 -0 0
-35.0547683239 19.0471498966 0 -0 0
-31.8127043247 19.0471498966 0 -0 0
-28.5706403255 19.0471498966 0 -0 0
-25.3285763264 19.0471498966 0 -0 0
-22.0865123272 19.0471498966 0 -0 0
-18.844448328 19.0471498966 -0.9593509981 1.7369305062 1
-15.6023843288 19.0471498966 0.91705816 -0.4900689783 1
-12.3603203297 19.0471498966 2.7625414917 -3.2792128071 1
-9.1182563305 19.0471498966 3.225656674 -4.5064566419 1
-5.8761923313 19.0471498966 2.0968289106 -3.417932531 1
-2.6341283321 19.0471498966 0.9197184088 -1.0487890882 1
0.607935667 19.0471498966 1.1964368221 0.2095881949 1
3.8499996662 19.0471498966 1.0182933764 0.2500080003 1
7.0920636654 19.0471498966 1.0051335916 -0.5382757785 1
10.3341276646 19.0471498966 2.281501749 -2.4844380764 1
13.5761916637 19.0471498966 4.7141897507 -4.5389146665 1
16.8182556629 19.0471498966 6.0645502201 -6.5358054225 1
20.0603196621 19.0471498966 6.0877314177 -7.6305730639 1
23.3023836613 19.0471498966 6.8603065602 -7.63590111 1
26.5444476604 19.0471498966 0 -0 0
29.7865116596 19.0471498966 0 -0 0
33.0285756588 19.0471498966 0 -0 0
36.270639658 19.0471498966 0 -0 0
39.5127036572 19.0471498966 0 -0 0
42.7547676563 19.0471498966 0 -0 0
-35.0547683239 15.8050858974 0 -0 0
-31.8127043247 15.8050858974 0 -0 0
-28.5706403255 15.8050858974 0 -0 0
-25.3285763264 15.8050858974 0 -0 0
-22.0865123272 15.8050858974 -0.0996843262 2.6201112182 1
-18.844448328 15.8050858974 -1.4821911136 2.751108506 1
-15.6023843288 15.8050858974 -2.3177474691 -0.8699650682 1
-12.3603203297 15.8050858974 -1.4108538418 -5.2266544278 1
-9.1182563305 15.8050858974 0.1908329766 -6.4386433111 1
-5.8761923313 15.8050858974 1.2801900476 -4.2355119393 1
-2.6341283321 15.8050858974 0.8590962587 -1.1844922732 1
0.607935667 15.8050858974 1.2812463873 0.3378043066 1
3.8499996662 15.8050858974 1.1586966463 1.2323025498 1
7.0920636654 15.8050858974 1.362201981 1.524823786 1
10.3341276646 15.8050858974 2.1281748875 0.2171289382 1
13.5761916637 15.8050858974 4.2966129674 -2.9866464308 1
16.8182556629 15.8050858974 5.3109423904 -7.3717041788 1
20.0603196621 15.8050858974 4.772370408 -9.9232573388 1
23.3023836613 15.8050858974 5.2866005327 -9.078909677 1
26.5444476604 15.8050858974 6.4606831727 -6.8126711829 1
29.7865116596 15.8050858974 0 -0 0
33.0285756588 15.8050858974 0 -0 0
36.270639658 15.8050858974 0 -0 0
39.5127036572 15.8050858974 0 -0 0
42.7547676563 15.8050858974 0 -0 0
-35.0547683239 12.5630218983 0 -0 0
-31.8127043247 12.5630218983 0 -0 0
-28.5706403255 12.5630218983 0 -0 0
-25.3285763264 12.5630218983 0 -0 0
-22.0865123272 12.5630218983 2.4262670811 0.6588408631 1
-18.844448328 12.5630218983 0.8945862212 2.2439376047 1
-15.6023843288 12.5630218983 -1.8502112706 -0.194240491 1
-12.3603203297 12.5630218983 -3.6345291099 -4.0658882798 1
-9.1182563305 12.5630218983 -3.0779167728 -5.0176483369 1
-5.8761923313 12.5630218983 -0.5123791902 -2.8761805088 1
-2.6341283321 12.5630218983 0.8836616281 -0.3841029546 1
0.607935667 12.5630218983 2.0611799763 0.6915661052 1
3.8499996662 12.5630218983 1.6246505244 1.087199195 1
7.0920636654 12.5630218983 1.3401101855 1.5147708203 1
10.3341276646 12.5630218983 1.0406535972 0.9211527028 1
13.5761916637 12.5630218983 2.2823026468 -1.9302628538 1
16.8182556629 12.5630218983 2.93793856 -6.8342847042 1
20.0603196621 12.5630218983 2.3806198325 -10.33264247 1
23.3023836613 12.5630218983 3.0507061761 -9.6376171808 1
26.5444476604 12.5630218983 4.5024882349 -7.3316306051 1
29.7865116596 12.5630218983 6.0516706363 -5.9288429589 1
33.0285756588 12.5630218983 0 -0 0
36.270639658 12.5630218983 0 -0 0
39.5127036572 12.5630218983 0 -0 0
42.7547676563 12.5630218983 0 -0 0
-35.0547683239 9.3209578991 0 -0 0
-31.8127043247 9.3209578991 0 -0 0
-28.5706403255 9.3209578991 0 -0 0
-25.3285763264 9.3209578991 2.5528693196 -4.8952838366 1
-22.0865123272 9.3209578991 4.1032461986 -2.4837875451 1
-18.844448328 9.3209578991 3.7705090236 -0.3777538959 1
-15.6023843288 9.3209578991 0.6266303544 -0.5838401067 1
-12.3603203297 9.3209578991 -3.2140944576 -2.381768566 1
-9.1182563305 9.3209578991 -4.6655419661 -3.1346934057 1
-5.8761923313 9.3209578991 -2.284522817 -1.9725055697 1
-2.6341283321 9.3209578991 0.3734617706 -0.0254886287 1
0.607935667 9.3209578991 2.0379373337 1.114117815 1
3.8499996662 9.3209578991 1.1899309806 0.9756405495 1
7.0920636654 9.3209578991 0.3605940003 0.447018269 1
10.3341276646 9.3209578991 -0.1368862359 -0.4603949227 1
13.5761916637 9.3209578991 0.7093980454 -2.6053046487 1
16.8182556629 9.3209578991 1.6194909612 -6.1432148386 1
20.0603196621 9.3209578991 1.7645168681 -8.9541054955 1
23.3023836613 9.3209578991 2.5618209564 -8.8996625625 1
26.5444476604 9.3209578991 3.7057838009 -8.0503401252 1
29.7865116596 9.3209578991 5.042539123 -8.3582472042 1
33.0285756588 9.3209578991 0 -0 0
36.270639658 9.3209578991 0 -0 0
39.5127036572 9.3209578991 0 -0 0
42.7547676563 9.3209578991 0 -0 0
-35.0547683239 6.0788938999 0 -0 0
-31.8127043247 6.0788938999 0 -0 0
-28.5706403255 6.0788938999 0 -0 0
-25.3285763264 6.0788938999 0.7038380333 -5.6600275424 1
-22.0865123272 6.0788938999 3.2787466107 -6.414084056 1
-18.844448328 6.0788938999 3.4154699024 -5.6475700717 1
-15.6023843288 6.0788938999 0.1638735757 -3.5269403812 1
-12.3603203297 6.0788938999 -4.1864625735 -1.8331973634 1
-9.1182563305 6.0788938999 -6.3737912733 -1.1915262845 1
-5.8761923313 6.0788938999 -4.7818178316 -0.5300307962 1
-2.6341283321 6.0788938999 -1.8419962182 0.9385788346 1
0.607935667 6.0788938999 -0.3217952958 2.4014599327 1
3.8499996662 6.0788938999 -1.093352898 2.3290264651 1
7.0920636654 6.0788938999 -1.9747621238 1.2982281378 1
10.3341276646 6.0788938999 -1.5972487992 -0.3180291891 1
13.5761916637 6.0788938999 -0.1115586455 -2.715626545 1
16.8182556629 6.0788938999 1.7027846329 -5.4175969146 1
20.0603196621 6.0788938999 3.1122450183 -7.3192558662 1
23.3023836613 6.0788938999 3.8899972365 -7.6672588626 1
26.5444476604 6.0788938999 4.2726636326 -8.2204553442 1
29.7865116596 6.0788938999 4.1710270614 -9.8684110129 1
33.0285756588 6.0788938999 4.8328234713 -11.888454886 1
36.270639658 6.0788938999 0 -0 0
39.5127036572 6.0788938999 0 -0 0
42.7547676563 6.0788938999 0 -0 0
-35.0547683239 2.8368299007 0 -0 0
-31.8127043247 2.8368299007 0 -0 0
-28.5706403255 2.8368299007 -4.6341014817 -5.6369411541 1
-25.3285763264 2.8368299007 -2.0252583896 -7.1749402748 1
-22.0865123272 2.8368299007 -0.0800451575 -8.1475493394 1
-18.844448328 2.8368299007 -0.2726774461 -7.3938835371 1
-15.6023843288 2.8368299007 -2.8841336277 -4.3648014503 1
-12.3603203297 2.8368299007 -5.9764964527 -1.5836294606 1
-9.1182563305 2.8368299007 -7.8318950651 -0.1787059612 1
-5.8761923313 2.8368299007 -7.6392067571 0.952479431 1
-2.6341283321 2.8368299007 -5.1138958699 2.4249409574 1
0.607935667 2.8368299007 -3.4728540401 3.6919455553 1
3.8499996662 2.8368299007 -3.713429846 3.9674100087 1
7.0920636654 2.8368299007 -4.2232688466 2.9780450452 1
10.3341276646 2.8368299007 -3.3365217616 0.8226658264 1
13.5761916637 2.8368299007 -1.3022540645 -2.4664966072 1
16.8182556629 2.8368299007 1.0203374397 -4.9992495785 1
20.0603196621 2.8368299007 3.4175653711 -5.8739513419 1
23.3023836613 2.8368299007 4.5422384301 -6.1625970179 1
26.5444476604 2.8368299007 4.6210425451 -7.40539231 1
29.7865116596 2.8368299007 3.4775371408 -9.9595439718 1
33.0285756588 2.8368299007 3.402527213 -12.0118930876 1
36.270639658 2.8368299007 0 -0 0
39.5127036572 2.8368299007 0 -0 0
42.7547676563 2.8368299007 0 -0 0
-35.0547683239 -0.4052340984 0 -0 0
-31.8127043247 -0.4052340984 0 -0 0
-28.5706403255 -0.4052340984 -5.8259626939 -5.2309878812 1
-25.3285763264 -0.4052340984 -4.5592096127 -4.9829743693 1
-22.0865123272 -0.4052340984 -4.2927780182 -4.497286098 1
-18.844448328 -0.4052340984 -4.614670086 -4.0089697347 1
-15.6023843288 -0.4052340984 -5.6325938115 -1.88821338 1
-12.3603203297 -0.4052340984 -6.6490235343 0.6520030378 1
-9.1182563305 -0.4052340984 -8.4042394201 2.8039574939 1
-5.8761923313 -0.4052340984 -9.2774828098 4.2666109287 1
-2.6341283321 -0.4052340984 -7.2911844365 4.8805473173 1
0.607935667 -0.4052340984 -4.7531666757 4.6006814739 1
3.8499996662 -0.4052340984 -3.7455273534 4.2202198491 1
7.0920636654 -0.4052340984 -4.5298860348 3.3660965542 1
10.3341276646 -0.4052340984 -4.6169760074 1.234756724 1
13.5761916637 -0.4052340984 -3.4565872852 -2.113138541 1
16.8182556629 -0.4052340984 -1.15495628 -4.6391879752 1
20.0603196621 -0.4052340984 1.7739535727 -5.3808404617 1
23.3023836613 -0.4052340984 3.3087184553 -5.8146755456 1
26.5444476604 -0.4052340984 3.7181769582 -7.3225452085 1
29.7865116596 -0.4052340984 2.6421214897 -10.237128955 1
33.0285756588 -0.4052340984 2.18080678 -12.6100412974 1
36.270639658 -0.4052340984 0 -0 0
39.5127036572 -0.4052340984 0 -0 0
42.7547676563 -0.4052340984 0 -0 0
-35.0547683239 -3.6472980976 0 -0 0
-31.8127043247 -3.6472980976 0 -0 0
-28.5706403255 -3.6472980976 -5.296089322 -1.6018130863 1
-25.3285763264 -3.6472980976 -4.5429428578 0.5486099265 1
-22.0865123272 -3.6472980976 -4.1979541358 1.9590236142 1
-18.844448328 -3.6472980976 -4.1194700779 1.2508795287 1
-15.6023843288 -3.6472980976 -4.5387108565 2.2162310704 1
-12.3603203297 -3.6472980976 -5.3615120278 4.4254236004 1
-9.1182563305 -3.6472980976 -7.8774591291 7.0304193637 1
-5.8761923313 -3.6472980976 -9.5442534838 8.2361206332 1
-2.6341283321 -3.6472980976 -7.5962599154 7.8570123067 1
0.607935667 -3.6472980976 -3.7389785609 5.9504365522 1
3.8499996662 -3.6472980976 -1.5744139276 4.1865398703 1
7.0920636654 -3.6472980976 -2.9581045775 2.7449905829 1
10.3341276646 -3.6472980976 -4.6160076835 0.6515435595 1
13.5761916637 -3.6472980976 -4.6205316614 -2.3494412817 1
16.8182556629 -3.6472980976 -2.9427868223 -4.8299245384 1
20.0603196621 -3.6472980976 -0.5065067827 -5.9574723751 1
23.3023836613 -3.6472980976 0.9955337636 -6.9342856624 1
26.5444476604 -3.6472980976 1.5030647292 -8.8487088565 1
29.7865116596 -3.6472980976 1.104644651 -11.7792501705 1
33.0285756588 -3.6472980976 0.6580536281 -13.9668469937 1
36.270639658 -3.6472980976 0 -0 0
39.5127036572 -3.6472980976 0 -0 0
42.7547676563 -3.6472980976 0 -0 0
-35.0547683239 -6.8893620968 0 -0 0
-31.8127043247 -6.8893620968 0 -0 0
-28.5706403255 -6.8893620968 -3.574430827 3.3794918528 1
-25.3285763264 -6.8893620968 -2.5146418115 6.7053234028 1
-22.0865123272 -6.8893620968 -0.2541906154 8.1856735838 1
-18.844448328 -6.8893620968 0.4867316652 5.7433239316 1
-15.6023843288 -6.8893620968 -0.9378917685 4.3785669282 1
-12.3603203297 -6.8893620968 -3.4802938597 5.7139831431 1
-9.1182563305 -6.8893620968 -6.2952897029 8.0607836512 1
-5.8761923313 -6.8893620968 -7.315599364 9.3088290887 1
-2.6341283321 -6.8893620968 -6.0509182 8.9409692621 1
0.607935667 -6.8893620968 -2.6371101794 6.8528510397 1
3.8499996662 -6.8893620968 -0.4798694205 4.1706511452 1
7.0920636654 -6.8893620968 -1.6852060965 1.8169091707 1
10.3341276646 -6.8893620968 -3.833834449 -0.2807678347 1
13.5761916637 -6.8893620968 -4.3501065988 -2.8712935981 1
16.8182556629 -6.8893620968 -3.4731891943 -5.5211299754 1
20.0603196621 -6.8893620968 -2.0973721019 -7.26208822 1
23.3023836613 -6.8893620968 -1.3679370432 -8.6314468002 1
26.5444476604 -6.8893620968 -1.2466109926 -10.5565496379 1
29.7865116596 -6.8893620968 -1.0855952858 -13.1678284859 1
33.0285756588 -6.8893620968 -1.0363865708 -14.8990889981 1
36.270639658 -6.8893620968 0 -0 0
39.5127036572 -6.8893620968 0 -0 0
42.7547676563 -6.8893620968 0 -0 0
-35.0547683239 -10.131426096 0 -0 0
-31.8127043247 -10.131426096 0 -0 0
-28.5706403255 -10.131426096 -2.4581290747 7.2093615181 1
-25.3285763264 -10.131426096 -1.230818813 10.4615156047 1
-22.0865123272 -10.131426096 1.6268062302 11.971202347 1
-18.844448328 -10.131426096 2.3229370754 9.8457992755 1
-15.6023843288 -10.131426096 -0.3553463836 6.9399108182 1
-12.3603203297 -10.131426096 -4.4222544305 5.7239610765 1
-9.1182563305 -10.131426096 -5.8542080415 6.2219199171 1
-5.8761923313 -10.131426096 -5.0520928296 6.9354167324 1
-2.6341283321 -10.131426096 -3.6845721627 6.8073274358 1
0.607935667 -10.131426096 -2.5126428129 5.1960472999 1
3.8499996662 -10.131426096 -2.0098034023 3.0514984686 1
7.0920636654 -10.131426096 -2.7868211497 0.9777382827 1
10.3341276646 -10.131426096 -4.1728713154 -0.6953772766 1
13.5761916637 -10.131426096 -4.2357438298 -3.0676275385 1
16.8182556629 -10.131426096 -3.6039989769 -6.2652749826 1
20.0603196621 -10.131426096 -3.4194805811 -8.5717736498 1
23.3023836613 -10.131426096 -3.6862533686 -9.8347736078 1
26.5444476604 -10.131426096 -4.1371538406 -10.9392727988 1
29.7865116596 -10.131426096 -3.088613627 -12.9005976543 1
33.0285756588 -10.131426096 -2.1321499372 -14.425295682 1
36.270639658 -10.131426096 0 -0 0
39.5127036572 -10.131426096 0 -0 0
42.7547676563 -10.131426096 0 -0 0
-35.0547683239 -13.3734900951 0 -0 0
-31.8127043247 -13.3734900951 0 -0 0
-28.5706403255 -13.3734900951 0 -0 0
-25.3285763264 -13.3734900951 -3.7486047333 9.5098890054 1
-22.0865123272 -13.3734900951 -2.3392531976 12.0844361597 1
-18.844448328 -13.3734900951 -2.6097706541 12.4315351455 1
-15.6023843288 -13.3734900951 -4.924890031 9.9508070149 1
-12.3603203297 -13.3734900951 -7.9754521814 6.5941174241 1
-9.1182563305 -13.3734900951 -6.9964214414 5.0910311062 1
-5.8761923313 -13.3734900951 -4.3324850359 5.1540684802 1
-2.6341283321 -13.3734900951 -2.9020212004 4.172313027 1
0.607935667 -13.3734900951 -3.5878976855 2.1554285107 1
3.8499996662 -13.3734900951 -4.8580131787 0.4339315162 1
7.0920636654 -13.3734900951 -5.2346033195 -0.3359255559 1
10.3341276646 -13.3734900951 -5.4147006991 -1.1300796097 1
13.5761916637 -13.3734900951 -4.8009660068 -3.3566684549 1
16.8182556629 -13.3734900951 -4.0192052235 -7.0378012107 1
20.0603196621 -13.3734900951 -4.4216212608 -9.7248901295 1
23.3023836613 -13.3734900951 -5.2283917948 -10.5424695378 1
26.5444476604 -13.3734900951 -5.5882405299 -10.722706414 1
29.7865116596 -13.3734900951 -3.7074284721 -11.8517485554 1
33.0285756588 -13.3734900951 -1.9940810466 -13.3896341463 1
36.270639658 -13.3734900951 0 -0 0
39.5127036572 -13.3734900951 0 -0 0
42.7547676563 -13.3734900951 0 -0 0
-35.0547683239 -16.6155540943 0 -0 0
-31.8127043247 -16.6155540943 0 -0 0
-28.5706403255 -16.6155540943 0 -0 0
-25.3285763264 -16.6155540943 -7.5315673023 8.0914970623 1
-22.0865123272 -16.6155540943 -8.524858703 9.8504648636 1
-18.844448328 -16.6155540943 -10.8303627775 11.0245348222 1
-15.6023843288 -16.6155540943 -12.4134645967 10.2912391493 1
-12.3603203297 -16.6155540943 -13.2570024534 7.5980739753 1
-9.1182563305 -16.6155540943 -9.61049928 5.8854685692 1
-5.8761923313 -16.6155540943 -5.6700054757 4.6155544704 1
-2.6341283321 -16.6155540943 -3.7759608654 2.1001096476 1
0.607935667 -16.6155540943 -5.1891570124 -0.4323898445 1
3.8499996662 -16.6155540943 -7.2691741651 -1.4797425252 1
7.0920636654 -16.6155540943 -7.6965911968 -1.3810130395 1
10.3341276646 -16.6155540943 -6.8775304672 -1.8565731618 1
13.5761916637 -16.6155540943 -5.6777889039 -4.1456456217 1
16.8182556629 -16.6155540943 -4.643009941 -7.7817336516 1
20.0603196621 -16.6155540943 -5.1935997683 -10.4843616481 1
23.3023836613 -16.6155540943 -5.8074543311 -11.1899862647 1
26.5444476604 -16.6155540943 -5.4320949007 -10.9348584254 1
29.7865116596 -16.6155540943 -3.2599100382 -11.3460582204 1
33.0285756588 -16.6155540943 0 -0 0
36.270639658 -16.6155540943 0 -0 0
39.5127036572 -16.6155540943 0 -0 0
42.7547676563 -16.6155540943 0 -0 0
-35.0547683239 -19.8576180935 0 -0 0
-31.8127043247 -19.8576180935 0 -0 0
-28.5706403255 -19.8576180935 0 -0 0
-25.3285763264 -19.8576180935 0 -0 0
-22.0865123272 -19.8576180935 -11.0729190126 4.6285098413 1
-18.844448328 -19.8576180935 -14.5651715369 6.6234708941 1
-15.6023843288 -19.8576180935 -16.3409356972 9.1737335594 1
-12.3603203297 -19.8576180935 -16.0812376829 9.4832493786 1
-9.1182563305 -19.8576180935 -11.0698078153 7.9672587178 1
-5.8761923313 -19.8576180935 -6.4762590873 5.4516032912 1
-2.6341283321 -19.8576180935 -4.3391389037 1.7307146034 1
0.607935667 -19.8576180935 -6.3614539751 -1.0693113958 1
3.8499996662 -19.8576180935 -9.7789157805 -2.2319072292 1
7.0920636654 -19.8576180935 -10.6507297827 -2.2092055135 1
10.3341276646 -19.8576180935 -8.8293737799 -2.8497084592 1
13.5761916637 -19.8576180935 -6.4550495626 -4.9981653094 1
16.8182556629 -19.8576180935 -5.4653150237 -7.7229771933 1
20.0603196621 -19.8576180935 -5.8693111168 -9.9247646269 1
23.3023836613 -19.8576180935 -5.7944340429 -11.0144475863 1
26.5444476604 -19.8576180935 -4.589514196 -11.1830838997 1
29.7865116596 -19.8576180935 -2.4499851293 -11.5208335927 1
33.0285756588 -19.8576180935 0 -0 0
36.270639658 -19.8576180935 0 -0 0
39.5127036572 -19.8576180935 0 -0 0
42.7547676563 -19.8576180935 0 -0 0
-35.0547683239 -23.0996820927 0 -0 0
-31.8127043247 -23.0996820927 0 -0 0
-28.5706403255 -23.0996820927 0 -0 0
-25.3285763264 -23.0996820927 0 -0 0
-22.0865123272 -23.0996820927 -10.8069490855 1.6834762781 1
-18.844448328 -23.0996820927 -14.5178320614 4.576014124 1
-15.6023843288 -23.0996820927 -16.0588071099 8.5875784354 1
-12.3603203297 -23.0996820927 -15.1539100658 9.504394288 1
-9.1182563305 -23.0996820927 -9.6540451721 7.3473103872 1
-5.8761923313 -23.0996820927 -5.4348902679 3.951982649 1
-2.6341283321 -23.0996820927 -4.4093996058 1.2953853658 1
0.607935667 -23.0996820927 -7.9356569971 -0.6347701481 1
3.8499996662 -23.0996820927 -12.3304236493 -1.9646105745 1
7.0920636654 -23.0996820927 -13.5900406633 -2.8926426194 1
10.3341276646 -23.0996820927 -11.0390219385 -3.6540936615 1
13.5761916637 -23.0996820927 -7.7159818305 -5.0670539928 1
16.8182556629 -23.0996820927 -6.4739764153 -6.6368045968 1
20.0603196621 -23.0996820927 -6.5339134619 -8.2114973667 1
23.3023836613 -23.0996820927 -5.9676350962 -9.7557828934 1
26.5444476604 -23.0996820927 -4.2923755312 -10.5346541039 1
29.7865116596 -23.0996820927 0 -0 0
33.0285756588 -23.0996820927 0 -0 0
36.270639658 -23.0996820927 0 -0 0
39.5127036572 -23.0996820927 0 -0 0
42.7547676563 -23.0996820927 0 -0 0
-35.0547683239 -26.3417460918 0 -0 0
-31.8127043247 -26.3417460918 0 -0 0
-28.5706403255 -26.3417460918 0 -0 0
-25.3285763264 -26.3417460918 0 -0 0
-22.0865123272 -26.3417460918 0 -0 0
-18.844448328 -26.3417460918 -14.1769723789 5.4086938902 1
-15.6023843288 -26.3417460918 -14.8247113342 8.8697184964 1
-12.3603203297 -26.3417460918 -12.4955345027 8.7327636161 1
-9.1182563305 -26.3417460918 -7.3698206726 5.2952577773 1
-5.8761923313 -26.3417460918 -4.035529951 1.7626661224 1
-2.6341283321 -26.3417460918 -4.191111253 0.4115433281 1
0.607935667 -26.3417460918 -7.9697732802 -0.3880021417 1
3.8499996662 -26.3417460918 -12.6138264264 -1.8724641515 1
7.0920636654 -26.3417460918 -14.5252380636 -3.7825609878 1
10.3341276646 -26.3417460918 -12.7197061706 -4.9353100056 1
13.5761916637 -26.3417460918 -9.4092738997 -5.4655789199 1
16.8182556629 -26.3417460918 -7.7347969651 -5.6559761017 1
20.0603196621 -26.3417460918 -7.2227459468 -6.33350151 1
23.3023836613 -26.3417460918 -6.3175282415 -7.7742092886 1
26.5444476604 -26.3417460918 0 -0 0
29.7865116596 -26.3417460918 0 -0 0
33.0285756588 -26.3417460918 0 -0 0
36.270639658 -26.3417460918 0 -0 0
39.5127036572 -26.3417460918 0 -0 0
42.7547676563 -26.3417460918 0 -0 0
-35.0547683239 -29.583810091 0 -0 0
-31.8127043247 -29.583810091 0 -0 0
-28.5706403255 -29.583810091 0 -0 0
-25.3285763264 -29.583810091 0 -0 0
-22.0865123272 -29.583810091 0 -0 0
-18.844448328 -29.583810091 0 -0 0
-15.6023843288 -29.583810091 -14.7991635251 7.2581164917 1
-12.3603203297 -29.583810091 -11.4942169134 4.9287367559 1
-9.1182563305 -29.583810091 -7.0289265688 1.3680164536 1
-5.8761923313 -29.583810091 -3.9992369772 -0.9321031117 1
-2.6341283321 -29.583810091 -4.4513373616 -0.5820214799 1
0.607935667 -29.583810091 -7.5456558568 -0.4213020525 1
3.8499996662 -29.583810091 -11.4742199828 -1.8709461445 1
7.0920636654 -29.583810091 -13.601677459 -4.0284249837 1
10.3341276646 -29.583810091 -12.7850992862 -5.0975349095 1
13.5761916637 -29.583810091 -10.6204535818 -5.1669685959 1
16.8182556629 -29.583810091 -8.9278849625 -4.8898322967 1
20.0603196621 -29.583810091 -7.9058723557 -5.0737939138 1
23.3023836613 -29.583810091 0 -0 0
26.5444476604 -29.583810091 0 -0 0
29.7865116596 -29.583810091 0 -0 0
33.0285756588 -29.583810091 0 -0 0
36.270639658 -29.583810091 0 -0 0
39.5127036572 -29.583810091 0 -0 0
42.7547676563 -29.583810091 0 -0 0
-35.0547683239 -32.8258740902 0 -0 0
-31.8127043247 -32.8258740902 0 -0 0
-28.5706403255 -32.8258740902 0 -0 0
-25.3285763264 -32.8258740902 0 -0 0
-22.0865123272 -32.8258740902 0 -0 0
-18.844448328 -32.8258740902 0 -0 0
-15.6023843288 -32.8258740902 0 -0 0
-12.3603203297 -32.8258740902 0 -0 0
-9.1182563305 -32.8258740902 -7.6619006224 -0.8078754862 1
-5.8761923313 -32.8258740902 -5.03295643 -1.438566113 1
-2.6341283321 -32.8258740902 -5.0239715797 -0.765443076 1
0.607935667 -32.8258740902 -7.7737201446 -0.4590293581 1
3.8499996662 -32.8258740902 -10.9860567033 -2.0249384834 1
7.0920636654 -32.8258740902 -12.870186184 -4.2306491838 1
10.3341276646 -32.8258740902 -12.2158649207 -5.5918746885 1
13.5761916637 -32.8258740902 -10.8613213644 -5.8192016371 1
16.8182556629 -32.8258740902 -9.6636130699 -5.3246438569 1
20.0603196621 -32.8258740902 0 -0 0
23.3023836613 -32.8258740902 0 -0 0
26.5444476604 -32.8258740902 0 -0 0
29.7865116596 -32.8258740902 0 -0 0
33.0285756588 -32.8258740902 0 -0 0
36.270639658 -32.8258740902 0 -0 0
39.5127036572 -32.8258740902 0 -0 0
42.7547676563 -32.8258740902 0 -0 0
-35.0547683239 -36.0679380894 0 -0 0
-31.8127043247 -36.0679380894 0 -0 0
-28.5706403255 -36.0679380894 0 -0 0
-25.3285763264 -36.0679380894 0 -0 0
-22.0865123272 -36.0679380894 0 -0 0
-18.844448328 -36.0679380894 0 -0 0
-15.6023843288 -36.0679380894 0 -0 0
-12.3603203297 -36.0679380894 0 -0 0
-9.1182563305 -36.0679380894 0 -0 0
-5.8761923313 -36.0679380894 0 -0 0
-2.6341283321 -36.0679380894 0 -0 0
0.607935667 -36.0679380894 0 -0 0
3.8499996662 -36.0679380894 0 -0 0
7.0920636654 -36.0679380894 0 -0 0
10.3341276646 -36.0679380894 0 -0 0
13.5761916637 -36.0679380894 0 -0 0
16.8182556629 -36.0679380894 0 -0 0
20.0603196621 -36.0679380894 0 -0 0
23.3023836613 -36.0679380894 0 -0 0
26.5444476604 -36.0679380894 0 -0 0
29.7865116596 -36.0679380894 0 -0 0
33.0285756588 -36.0679380894 0 -0 0
36.270639658 -36.0679380894 0 -0 0
39.5127036572 -36.0679380894 0 -0 0
42.7547676563 -36.0679380894 0 -0 0
-35.0547683239 -39.3100020885 0 -0 0
-31.8127043247 -39.3100020885 0 -0 0
-28.5706403255 -39.3100020885 0 -0 0
-25.3285763264 -39.3100020885 0 -0 0
-22.0865123272 -39.3100020885 0 -0 0
-18.844448328 -39.3100020885 0 -0 0
-15.6023843288 -39.3100020885 0 -0 0
-12.3603203297 -39.3100020885 0 -0 0
-9.1182563305 -39.3100020885 0 -0 0
-5.8761923313 -39.3100020885 0 -0 0
-2.6341283321 -39.3100020885 0 -0 0
0.607935667 -39.3100020885 0 -0 0
3.8499996662 -39.3100020885 0 -0 0
7.0920636654 -39.3100020885 0 -0 0
10.3341276646 -39.3100020885 0 -0 0
13.5761916637 -39.3100020885 0 -0 0
16.8182556629 -39.3100020885 0 -0 0
20.0603196621 -39.3100020885 0 -0 0
23.3023836613 -39.3100020885 0 -0 0
26.5444476604 -39.3100020885 0 -0 0
29.7865116596 -39.3100020885 0 -0 0
33.0285756588 -39.3100020885 0 -0 0
36.270639658 -39.3100020885 0 -0 0
39.5127036572 -39.3100020885 0 -0 0
42.7547676563 -39.3100020885 0 -0 0
-35.0547683239 -42.5520660877 0 -0 0
-31.8127043247 -42.5520660877 0 -0 0
-28.5706403255 -42.5520660877 0 -0 0
-25.3285763264 -42.5520660877 0 -0 0
-22.0865123272 -42.5520660877 0 -0 0
-18.844448328 -42.5520660877 0 -0 0
-15.6023843288 -42.5520660877 0 -0 0
-12.3603203297 -42.5520660877 0 -0 0
-9.1182563305 -42.5520660877 0 -0 0
-5.8761923313 -42.5520660877 0 -0 0
-2.6341283321 -42.5520660877 0 -0 0
0.607935667 -42.5520660877 0 -0 0
3.8499996662 -42.5520660877 0 -0 0
7.0920636654 -42.5520660877 0 -0 0
10.3341276646 -42.5520660877 0 -0 0
13.5761916637 -42.5520660877 0 -0 0
16.8182556629 -42.5520660877 0 -0 0
20.0603196621 -42.5520660877 0 -0 0
23.3023836613 -42.5520660877 0 -0 0
26.5444476604 -42.5520660877 0 -0 0
29.7865116596 -42.5520660877 0 -0 0
33.0285756588 -42.5520660877 0 -0 0
36.270639658 -42.5520660877 0 -0 0
39.5127036572 -42.5520660877 0 -0 0
42.7547676563 -42.5520660877 0 -0 0
