TITLE = "B00090"
VARIABLES = "x", "y", "Vx", "Vy", "isValid"
ZONE T="Frame 0", I=25, J=25, F=POINT
-35.0547683239 35.2574698925 0 -0 0
-31.8127043247 35.2574698925 0 -0 0
-28.5706403255 35.2574698925 0 -0 0
-25.3285763264 35.2574698925 0 -0 0
-22.0865123272 35.2574698925 0 -0 0
-18.844448328 35.2574698925 0 -0 0
-15.6023843288 35.2574698925 0 -0 0
-12.3603203297 35.2574698925 0 -0 0
-9.1182563305 35.2574698925 0 -0 0
-5.8761923313 35.2574698925 0 -0 0
-2.6341283321 35.2574698925 0 -0 0
0.607935667 35.2574698925 0 -0 0
3.8499996662 35.2574698925 0 -0 0
7.0920636654 35.2574698925 0 -0 0
10.3341276646 35.2574698925 0 -0 0
13.5761916637 35.2574698925 0 -0 0
16.8182556629 35.2574698925 0 -0 0
20.0603196621 35.2574698925 0 -0 0
23.3023836613 35.2574698925 0 -0 0
26.5444476604 35.2574698925 0 -0 0
29.7865116596 35.2574698925 0 -0 0
33.0285756588 35.2574698925 0 -0 0
36.270639658 35.2574698925 0 -0 0
39.5127036572 35.2574698925 0 -0 0
42.7547676563 35.2574698925 0 -0 0
-35.0547683239 32.0154058933 0 -0 0
-31.8127043247 32.0154058933 0 -0 0
-28.5706403255 32.0154058933 0 -0 0
-25.3285763264 32.0154058933 0 -0 0
-22.0865123272 32.0154058933 0 -0 0
-18.844448328 32.0154058933 0 -0 0
-15.6023843288 32.0154058933 0 -0 0
-12.3603203297 32.0154058933 0 -0 0
-9.1182563305 32.0154058933 0 -0 0
-5.8761923313 32.0154058933 0 -0 0
-2.6341283321 32.0154058933 0 -0 0
0.607935667 32.0154058933 0 -0 0
3.8499996662 32.0154058933 0 -0 0
7.0920636654 32.0154058933 0 -0 0
10.3341276646 32.0154058933 0 -0 0
13.5761916637 32.0154058933 0 -0 0
16.8182556629 32.0154058933 0 -0 0
20.0603196621 32.0154058933 0 -0 0
23.3023836613 32.0154058933 0 -0 0
26.5444476604 32.0154058933 0 -0 0
29.7865116596 32.0154058933 0 -0 0
33.0285756588 32.0154058933 0 -0 0
36.270639658 32.0154058933 0 -0 0
39.5127036572 32.0154058933 0 -0 0
42.7547676563 32.0154058933 0 -0 0
-35.0547683239 28.7733418941 0 -0 0
-31.8127043247 28.7733418941 0 -0 0
-28.5706403255 28.7733418941 0 -0 0
-25.3285763264 28.7733418941 0 -0 0
-22.0865123272 28.7733418941 0 -0 0
-18.844448328 28.7733418941 0 -0 0
-15.6023843288 28.7733418941 0 -0 0
-12.3603203297 28.7733418941 0 -0 0
-9.1182563305 28.7733418941 0 -0 0
-5.8761923313 28.7733418941 0 -0 0
-2.6341283321 28.7733418941 0 -0 0
0.607935667 28.7733418941 0 -0 0
3.8499996662 28.7733418941 0 -0 0
7.0920636654 28.7733418941 0 -0 0
10.3341276646 28.7733418941 0 -0 0
13.5761916637 28.7733418941 0 -0 0
16.8182556629 28.7733418941 0 -0 0
20.0603196621 28.7733418941 0 -0 0
23.3023836613 28.7733418941 0 -0 0
26.5444476604 28.7733418941 0 -0 0
29.7865116596 28.7733418941 0 -0 0
33.0285756588 28.7733418941 0 -0 0
36.270639658 28.7733418941 0 -0 0
39.5127036572 28.7733418941 0 -0 0
42.7547676563 28.7733418941 0 -0 0
-35.0547683239 25.531277895 0 -0 0
-31.8127043247 25.531277895 0 -0 0
-28.5706403255 25.531277895 0 -0 0
-25.3285763264 25.531277895 0 -0 0
-22.0865123272 25.531277895 0 -0 0
-18.844448328 25.531277895 0 -0 0
-15.6023843288 25.531277895 0 -0 0
-12.3603203297 25.531277895 0 -0 0
-9.1182563305 25.531277895 5.5560814266 5.50811633 1
-5.8761923313 25.531277895 4.8484380343 5.8544822037 1
-2.6341283321 25.531277895 2.1901165186 5.7323423473 1
0.607935667 25.531277895 -0.2749319243 6.2215207514 1
3.8499996662 25.531277895 -0.3542492065 6.6662136239 1
7.0920636654 25.531277895 1.3854532289 6.7868184137 1
10.3341276646 25.531277895 1.6144444748 5.5324020268 1
13.5761916637 25.531277895 -0.483305506 3.7077418865 1
16.8182556629 25.531277895 -3.0472716003 2.5286562395 1
20.0603196621 25.531277895 0 -0 0
23.3023836613 25.531277895 0 -0 0
26.5444476604 25.531277895 0 -0 0
29.7865116596 25.531277895 0 -0 0
33.0285756588 25.531277895 0 -0 0
36.270639658 25.531277895 0 -0 0
39.5127036572 25.531277895 0 -0 0
42.7547676563 25.531277895 0 -0 0
-35.0547683239 22.2892138958 0 -0 0
-31.8127043247 22.2892138958 0 -0 0
-28.5706403255 22.2892138958 0 -0 0
-25.3285763264 22.2892138958 0 -0 0
-22.0865123272 22.2892138958 0 -0 0
-18.844448328 22.2892138958 0 -0 0
-15.6023843288 22.2892138958 1.9252679993 3.8574921091 1
-12.3603203297 22.2892138958 4.1051674474 3.5882865851 1
-9.1182563305 22.2892138958 6.2180677572 3.7573274991 1
-5.8761923313 22.2892138958 5.76675574 3.5956337089 1
-2.6341283321 22.2892138958 2.8245118072 2.9911124361 1
0.607935667 22.2892138958 -0.4870043554 2.8269810785 1
3.8499996662 22.2892138958 -1.3211724629 3.8187165786 1
7.0920636654 22.2892138958 -0.1543574702 4.6582008811 1
10.3341276646 22.2892138958 0.7276830476 4.7520286611 1
13.5761916637 22.2892138958 0.1394155651 4.7757802247 1
16.8182556629 22.2892138958 -0.9860735076 4.7805360932 1
20.0603196621 22.2892138958 -1.4179609227 4.6037205074 1
23.3023836613 22.2892138958 0 -0 0
26.5444476604 22.2892138958 0 -0 0
29.7865116596 22.2892138958 0 -0 0
33.0285756588 22.2892138958 0 -0 0
36.270639658 22.2892138958 0 -0 0
39.5127036572 22.2892138958 0 -0 0
42.7547676563 22.2892138958 0 -0 0
-35.0547683239 19.0471498966 0 -0 0
-31.8127043247 19.0471498966 0 -0 0
-28.5706403255 19.0471498966 0 -0 0
-25.3285763264 19.0471498966 0 -0 0
-22.0865123272 19.0471498966 0 -0 0
-18.844448328 19.0471498966 1.8143792093 6.7246168116 1
-15.6023843288 19.0471498966 1.1591839786 4.9653419365 1
-12.3603203297 19.0471498966 2.4524264711 3.6253262584 1
-9.1182563305 19.0471498966 4.949551946 2.6779527962 1
-5.8761923313 19.0471498966 5.408394365 1.958800329 1
-2.6341283321 19.0471498966 3.2607065578 0.4375472941 1
0.607935667 19.0471498966 -0.111341786 -0.2306494289 1
3.8499996662 19.0471498966 -1.8809065653 1.1678756445 1
7.0920636654 19.0471498966 -1.3922983762 2.9131132951 1
10.3341276646 19.0471498966 0.8122866138 3.4590716535 1
13.5761916637 19.0471498966 3.1143278054 3.8355694005 1
16.8182556629 19.0471498966 3.4390819694 4.665690219 1
20.0603196621 19.0471498966 2.034349372 4.215767733 1
23.3023836613 19.0471498966 -1.0689320827 2.1823672097 1
26.5444476604 19.0471498966 0 -0 0
29.7865116596 19.0471498966 0 -0 0
33.0285756588 19.0471498966 0 -0 0
36.270639658 19.0471498966 0 -0 0
39.5127036572 19.0471498966 0 -0 0
42.7547676563 19.0471498966 0 -0 0
-35.0547683239 15.8050858974 0 -0 0
-31.8127043247 15.8050858974 0 -0 0
-28.5706403255 15.8050858974 0 -0 0
-25.3285763264 15.8050858974 0 -0 0
-22.0865123272 15.8050858974 3.4260260523 7.9277238063 1
-18.844448328 15.8050858974 1.9653464041 7.4807192756 1
-15.6023843288 15.8050858974 0.5009693406 5.8755872568 1
-12.3603203297 15.8050858974 0.0309831456 3.6970127246 1
-9.1182563305 15.8050858974 1.6065437426 2.0867416746 1
-5.8761923313 15.8050858974 3.1441387157 1.1464021482 1
-2.6341283321 15.8050858974 3.1149676178 -0.9279462937 1
0.607935667 15.8050858974 1.1176047775 -2.3020047323 1
3.8499996662 15.8050858974 -0.9775214138 -0.1625165786 1
7.0920636654 15.8050858974 -1.0690065111 2.5263737186 1
10.3341276646 15.8050858974 2.2966454353 0.8144552276 1
13.5761916637 15.8050858974 6.7341508921 -0.7957064444 1
16.8182556629 15.8050858974 7.9065185088 -0.6667924722 1
20.0603196621 15.8050858974 4.2110260558 0.8977467858 1
23.3023836613 15.8050858974 -1.4029573369 -0.2153188979 1
26.5444476604 15.8050858974 -4.4587554415 -2.8341117108 1
29.7865116596 15.8050858974 0 -0 0
33.0285756588 15.8050858974 0 -0 0
36.270639658 15.8050858974 0 -0 0
39.5127036572 15.8050858974 0 -0 0
42.7547676563 15.8050858974 0 -0 0
-35.0547683239 12.5630218983 0 -0 0
-31.8127043247 12.5630218983 0 -0 0
-28.5706403255 12.5630218983 0 -0 0
-25.3285763264 12.5630218983 0 -0 0
-22.0865123272 12.5630218983 1.1930715416 9.9076204322 1
-18.844448328 12.5630218983 1.2211502934 8.3919449975 1
-15.6023843288 12.5630218983 -0.0564846563 6.5036239756 1
-12.3603203297 12.5630218983 -1.2565436348 3.9627314371 1
-9.1182563305 12.5630218983 -0.6674323601 1.9003725332 1
-5.8761923313 12.5630218983 1.3481661152 0.7314899163 1
-2.6341283321 12.5630218983 2.9716701706 -1.601412109 1
0.607935667 12.5630218983 2.9008381966 -3.24025732 1
3.8499996662 12.5630218983 1.3630822892 -1.554711842 1
7.0920636654 12.5630218983 1.4194768162 0.3147140308 1
10.3341276646 12.5630218983 4.3698408411 -3.2196254079 1
13.5761916637 12.5630218983 8.4471005107 -6.1838276784 1
16.8182556629 12.5630218983 8.6842858241 -6.658367996 1
20.0603196621 12.5630218983 4.1371903754 -4.0138545318 1
23.3023836613 12.5630218983 -1.7548053975 -3.6159069154 1
26.5444476604 12.5630218983 -4.4973132727 -4.3238169214 1
29.7865116596 12.5630218983 -4.7081648254 -3.9419847876 1
33.0285756588 12.5630218983 0 -0 0
36.270639658 12.5630218983 0 -0 0
39.5127036572 12.5630218983 0 -0 0
42.7547676563 12.5630218983 0 -0 0
-35.0547683239 9.3209578991 0 -0 0
-31.8127043247 9.3209578991 0 -0 0
-28.5706403255 9.3209578991 0 -0 0
-25.3285763264 9.3209578991 -2.619271823 11.2499202919 1
-22.0865123272 9.3209578991 -1.8382344896 10.3033880366 1
-18.844448328 9.3209578991 -1.2223483942 9.5636918241 1
-15.6023843288 9.3209578991 -0.3605167035 7.7063626027 1
-12.3603203297 9.3209578991 -0.476691683 4.8294972923 1
-9.1182563305 9.3209578991 -0.1995761045 2.2935128003 1
-5.8761923313 9.3209578991 0.9466048721 0.7944546736 1
-2.6341283321 9.3209578991 2.5622780947 -1.765332863 1
0.607935667 9.3209578991 3.417672862 -4.0372627888 1
3.8499996662 9.3209578991 2.7955750154 -2.9678482048 1
7.0920636654 9.3209578991 3.4094386363 -2.8401088576 1
10.3341276646 9.3209578991 5.2958610548 -6.9322457508 1
13.5761916637 9.3209578991 7.13513724 -9.9445719388 1
16.8182556629 9.3209578991 5.7897062549 -9.3502257667 1
20.0603196621 9.3209578991 1.9795481863 -6.4390273797 1
23.3023836613 9.3209578991 -2.0519581025 -5.8860482954 1
26.5444476604 9.3209578991 -3.9062639914 -5.7471519362 1
29.7865116596 9.3209578991 -4.2824123929 -4.5547445132 1
33.0285756588 9.3209578991 0 -0 0
36.270639658 9.3209578991 0 -0 0
39.5127036572 9.3209578991 0 -0 0
42.7547676563 9.3209578991 0 -0 0
-35.0547683239 6.0788938999 0 -0 0
-31.8127043247 6.0788938999 0 -0 0
-28.5706403255 6.0788938999 0 -0 0
-25.3285763264 6.0788938999 -4.3683347607 9.9134811018 1
-22.0865123272 6.0788938999 -4.8235538909 9.5752090513 1
-18.844448328 6.0788938999 -4.0772786919 10.3157253348 1
-15.6023843288 6.0788938999 -1.6516571601 9.7890785016 1
-12.3603203297 6.0788938999 -0.199881008 7.1646126941 1
-9.1182563305 6.0788938999 -0.1451913516 3.7645293894 1
-5.8761923313 6.0788938999 -0.2601446224 1.0785290424 1
-2.6341283321 6.0788938999 0.2337606262 -2.3761989673 1
0.607935667 6.0788938999 1.4266740264 -5.3907942398 1
3.8499996662 6.0788938999 1.955983373 -6.2393249885 1
7.0920636654 6.0788938999 3.5061067727 -7.5442796109 1
10.3341276646 6.0788938999 5.1077248053 -9.6485764216 1
13.5761916637 6.0788938999 5.3584092849 -9.7130739809 1
16.8182556629 6.0788938999 3.4429274866 -6.969408012 1
20.0603196621 6.0788938999 0.9171676135 -5.7558671534 1
23.3023836613 6.0788938999 -1.2433323691 -6.352864969 1
26.5444476604 6.0788938999 -2.6649005023 -6.3466751841 1
29.7865116596 6.0788938999 -3.2390483493 -4.3657869848 1
33.0285756588 6.0788938999 -3.3241319257 -3.4077785662 1
36.270639658 6.0788938999 0 -0 0
39.5127036572 6.0788938999 0 -0 0
42.7547676563 6.0788938999 0 -0 0
-35.0547683239 2.8368299007 0 -0 0
-31.8127043247 2.8368299007 0 -0 0
-28.5706403255 2.8368299007 -3.4406508535 8.6394651382 1
-25.3285763264 2.8368299007 -5.189291678 7.8823698931 1
-22.0865123272 2.8368299007 -6.3193416975 7.9226542215 1
-18.844448328 2.8368299007 -6.4332367604 9.5310979261 1
-15.6023843288 2.8368299007 -4.37326968 10.4235906413 1
-12.3603203297 2.8368299007 -2.6376274039 8.3849538618 1
-9.1182563305 2.8368299007 -2.6894443584 4.5700824984 1
-5.8761923313 2.8368299007 -2.9285578654 0.5924308111 1
-2.6341283321 2.8368299007 -2.673750989 -3.466165751 1
0.607935667 2.8368299007 -1.0261217937 -6.5182566273 1
3.8499996662 2.8368299007 0.453335171 -7.9293295271 1
7.0920636654 2.8368299007 2.8137313154 -9.2570613505 1
10.3341276646 2.8368299007 4.7334085801 -9.4237350491 1
13.5761916637 2.8368299007 4.8958928511 -7.8085900718 1
16.8182556629 2.8368299007 3.2333413675 -4.1893442958 1
20.0603196621 2.8368299007 1.5908567139 -3.9083724435 1
23.3023836613 2.8368299007 0.0983151193 -5.3366460009 1
26.5444476604 2.8368299007 -1.2218932186 -5.3501705301 1
29.7865116596 2.8368299007 -1.7975183861 -3.3783994312 1
33.0285756588 2.8368299007 -1.8382645327 -2.0758084008 1
36.270639658 2.8368299007 0 -0 0
39.5127036572 2.8368299007 0 -0 0
42.7547676563 2.8368299007 0 -0 0
-35.0547683239 -0.4052340984 0 -0 0
-31.8127043247 -0.4052340984 0 -0 0
-28.5706403255 -0.4052340984 -3.9085270372 6.7036349502 1
-25.3285763264 -0.4052340984 -4.8279921177 6.4862279624 1
-22.0865123272 -0.4052340984 -5.819294031 6.7840357279 1
-18.844448328 -0.4052340984 -6.9390822928 7.6786390087 1
-15.6023843288 -0.4052340984 -6.8408851286 8.9844010206 1
-12.3603203297 -0.4052340984 -6.1858567201 7.922081138 1
-9.1182563305 -0.4052340984 -6.1817062428 4.1714392105 1
-5.8761923313 -0.4052340984 -5.9029998518 -0.5576966063 1
-2.6341283321 -0.4052340984 -4.7245131043 -4.5090158915 1
0.607935667 -0.4052340984 -2.1579986302 -6.6076141748 1
3.8499996662 -0.4052340984 0.3576524182 -8.2885900817 1
7.0920636654 -0.4052340984 2.4917447401 -8.8376831888 1
10.3341276646 -0.4052340984 4.4449283677 -7.7501446124 1
13.5761916637 -0.4052340984 5.2813316669 -4.7814615415 1
16.8182556629 -0.4052340984 4.7853242693 -2.2603589532 1
20.0603196621 -0.4052340984 3.5462733442 -2.8982529801 1
23.3023836613 -0.4052340984 1.7334414301 -4.7358778514 1
26.5444476604 -0.4052340984 0.1621665916 -4.9981459852 1
29.7865116596 -0.4052340984 -0.3598231833 -3.5076913577 1
33.0285756588 -0.4052340984 -0.2317630429 -2.152375286 1
36.270639658 -0.4052340984 0 -0 0
39.5127036572 -0.4052340984 0 -0 0
42.7547676563 -0.4052340984 0 -0 0
-35.0547683239 -3.6472980976 0 -0 0
-31.8127043247 -3.6472980976 0 -0 0
-28.5706403255 -3.6472980976 -4.6876500663 6.1265350287 1
-25.3285763264 -3.6472980976 -4.3294360384 5.7427248812 1
-22.0865123272 -3.6472980976 -5.1772514895 5.7748888155 1
-18.844448328 -3.6472980976 -7.4577802344 5.7862194434 1
-15.6023843288 -3.6472980976 -8.9420490022 7.2076175084 1
-12.3603203297 -3.6472980976 -8.7074597751 6.9191179718 1
-9.1182563305 -3.6472980976 -8.4238879112 3.7884098817 1
-5.8761923313 -3.6472980976 -8.4041101895 -0.9248049778 1
-2.6341283321 -3.6472980976 -6.7303808601 -4.444269231 1
0.607935667 -3.6472980976 -3.0545042886 -5.9043610007 1
3.8499996662 -3.6472980976 0.6437923635 -7.0866932654 1
7.0920636654 -3.6472980976 3.0058568059 -7.055456893 1
10.3341276646 -3.6472980976 4.7824428489 -5.0878359694 1
13.5761916637 -3.6472980976 5.8072224406 -1.9939447203 1
16.8182556629 -3.6472980976 5.6796464433 -0.6424396691 1
20.0603196621 -3.6472980976 4.6635171515 -2.3335697672 1
23.3023836613 -3.6472980976 2.6687266952 -4.7949196437 1
26.5444476604 -3.6472980976 1.2619587154 -5.4410371773 1
29.7865116596 -3.6472980976 0.8046492494 -4.2974439083 1
33.0285756588 -3.6472980976 1.2625656917 -2.7562345538 1
36.270639658 -3.6472980976 0 -0 0
39.5127036572 -3.6472980976 0 -0 0
42.7547676563 -3.6472980976 0 -0 0
-35.0547683239 -6.8893620968 0 -0 0
-31.8127043247 -6.8893620968 0 -0 0
-28.5706403255 -6.8893620968 -5.8860241401 8.2109725937 1
-25.3285763264 -6.8893620968 -5.8769121728 7.8442752389 1
-22.0865123272 -6.8893620968 -7.4421554055 6.5223515475 1
-18.844448328 -6.8893620968 -10.143988694 5.2303350853 1
-15.6023843288 -6.8893620968 -10.7595311054 5.8312122355 1
-12.3603203297 -6.8893620968 -9.6118368774 6.224859612 1
-9.1182563305 -6.8893620968 -8.9584830322 3.8003993442 1
-5.8761923313 -6.8893620968 -9.5469932939 -0.8275612669 1
-2.6341283321 -6.8893620968 -8.3755254606 -4.5304379825 1
0.607935667 -6.8893620968 -4.6063606771 -6.4177967192 1
3.8499996662 -6.8893620968 -0.2529560175 -7.3329223076 1
7.0920636654 -6.8893620968 2.8427755981 -6.4597320594 1
10.3341276646 -6.8893620968 5.0770361533 -3.5425135782 1
13.5761916637 -6.8893620968 5.7042715214 -0.5176461311 1
16.8182556629 -6.8893620968 5.1219220584 -0.0064821981 1
20.0603196621 -6.8893620968 4.1971319511 -1.5538466309 1
23.3023836613 -6.8893620968 2.6348513608 -2.8760280288 1
26.5444476604 -6.8893620968 2.0935351901 -3.3892167598 1
29.7865116596 -6.8893620968 2.0907911527 -2.8902871797 1
33.0285756588 -6.8893620968 2.9500240396 -2.53998883 1
36.270639658 -6.8893620968 0 -0 0
39.5127036572 -6.8893620968 0 -0 0
42.7547676563 -6.8893620968 0 -0 0
-35.0547683239 -10.131426096 0 -0 0
-31.8127043247 -10.131426096 0 -0 0
-28.5706403255 -10.131426096 -6.7966665125 11.787266093 1
-25.3285763264 -10.131426096 -7.1558437314 11.7456671147 1
-22.0865123272 -10.131426096 -9.4886661953 8.7466039753 1
-18.844448328 -10.131426096 -12.1637185488 4.9844001334 1
-15.6023843288 -10.131426096 -11.8967630872 3.9518905571 1
-12.3603203297 -10.131426096 -9.7641116265 5.8597178559 1
-9.1182563305 -10.131426096 -8.6617815776 5.4459841743 1
-5.8761923313 -10.131426096 -9.2003556736 1.2107066164 1
-2.6341283321 -10.131426096 -8.045083941 -3.9059846962 1
0.607935667 -10.131426096 -4.6352029615 -6.8507622137 1
3.8499996662 -10.131426096 -0.9104106329 -7.9884036271 1
7.0920636654 -10.131426096 2.332618503 -6.7551327534 1
10.3341276646 -10.131426096 4.9864548401 -3.6030928527 1
13.5761916637 -10.131426096 5.9539469151 -0.9693344419 1
16.8182556629 -10.131426096 5.1892023036 -0.8955889663 1
20.0603196621 -10.131426096 4.0222647889 -1.2806817581 1
23.3023836613 -10.131426096 3.0518076559 0.585783284 1
26.5444476604 -10.131426096 3.0903679027 1.3549467982 1
29.7865116596 -10.131426096 3.8766870852 0.7452680757 1
33.0285756588 -10.131426096 4.7375943844 -1.4815431488 1
36.270639658 -10.131426096 0 -0 0
39.5127036572 -10.131426096 0 -0 0
42.7547676563 -10.131426096 0 -0 0
-35.0547683239 -13.3734900951 0 -0 0
-31.8127043247 -13.3734900951 0 -0 0
-28.5706403255 -13.3734900951 0 -0 0
-25.3285763264 -13.3734900951 -7.5807147988 13.5265087104 1
-22.0865123272 -13.3734900951 -9.4920159258 9.2551464424 1
-18.844448328 -13.3734900951 -12.0254514341 3.8688435709 1
-15.6023843288 -13.3734900951 -11.6602951849 1.8400295273 1
-12.3603203297 -13.3734900951 -9.6002163865 5.0514164824 1
-9.1182563305 -13.3734900951 -8.0352026286 6.6511667096 1
-5.8761923313 -13.3734900951 -7.194236703 3.0089764575 1
-2.6341283321 -13.3734900951 -4.979588406 -2.4805797267 1
0.607935667 -13.3734900951 -1.9024917042 -5.6662505408 1
3.8499996662 -13.3734900951 0.1936349866 -7.1364144493 1
7.0920636654 -13.3734900951 2.2028049739 -6.8665694148 1
10.3341276646 -13.3734900951 4.6457603191 -4.944508328 1
13.5761916637 -13.3734900951 6.4841282666 -3.3921712498 1
16.8182556629 -13.3734900951 6.1361144004 -3.3091544577 1
20.0603196621 -13.3734900951 4.84964157 -2.3380637021 1
23.3023836613 -13.3734900951 3.5611871027 2.0500792763 1
26.5444476604 -13.3734900951 3.5621877343 4.0474680836 1
29.7865116596 -13.3734900951 4.6555492376 2.6787472022 1
33.0285756588 -13.3734900951 5.9276080214 -1.1140534261 1
36.270639658 -13.3734900951 0 -0 0
39.5127036572 -13.3734900951 0 -0 0
42.7547676563 -13.3734900951 0 -0 0
-35.0547683239 -16.6155540943 0 -0 0
-31.8127043247 -16.6155540943 0 -0 0
-28.5706403255 -16.6155540943 0 -0 0
-25.3285763264 -16.6155540943 -7.3813131406 11.4576168659 1
-22.0865123272 -16.6155540943 -8.0056323652 7.0092031964 1
-18.844448328 -16.6155540943 -9.2375336357 2.6820860628 1
-15.6023843288 -16.6155540943 -9.3565641065 1.9870115573 1
-12.3603203297 -16.6155540943 -8.4026699322 6.2961484223 1
-9.1182563305 -16.6155540943 -7.2678921247 8.5137774782 1
-5.8761923313 -16.6155540943 -6.0428467204 4.9145452397 1
-2.6341283321 -16.6155540943 -3.0459910697 -0.4713130996 1
0.607935667 -16.6155540943 0.3148063492 -3.847299194 1
3.8499996662 -16.6155540943 1.7996740919 -5.7493186629 1
7.0920636654 -16.6155540943 2.1952813657 -6.3734325677 1
10.3341276646 -16.6155540943 3.3602820816 -5.7987759506 1
13.5761916637 -16.6155540943 5.5306996849 -4.9371910964 1
16.8182556629 -16.6155540943 6.2009380557 -4.4822153304 1
20.0603196621 -16.6155540943 5.2793992462 -2.4237150781 1
23.3023836613 -16.6155540943 3.6876253873 2.5221740249 1
26.5444476604 -16.6155540943 3.0147803622 4.5760751161 1
29.7865116596 -16.6155540943 3.9613198642 2.8314356101 1
33.0285756588 -16.6155540943 0 -0 0
36.270639658 -16.6155540943 0 -0 0
39.5127036572 -16.6155540943 0 -0 0
42.7547676563 -16.6155540943 0 -0 0
-35.0547683239 -19.8576180935 0 -0 0
-31.8127043247 -19.8576180935 0 -0 0
-28.5706403255 -19.8576180935 0 -0 0
-25.3285763264 -19.8576180935 0 -0 0
-22.0865123272 -19.8576180935 -8.1537958892 3.9309310394 1
-18.844448328 -19.8576180935 -7.8739101177 2.4561711401 1
-15.6023843288 -19.8576180935 -7.6926448314 4.2272626166 1
-12.3603203297 -19.8576180935 -7.6503568244 7.9483427349 1
-9.1182563305 -19.8576180935 -7.2580669734 8.8604259685 1
-5.8761923313 -19.8576180935 -6.1957398441 4.7959568101 1
-2.6341283321 -19.8576180935 -3.6306878199 -0.4627202815 1
0.607935667 -19.8576180935 -0.0065122577 -4.2280570227 1
3.8499996662 -19.8576180935 2.1240073505 -5.8887965599 1
7.0920636654 -19.8576180935 2.0339265041 -5.507499767 1
10.3341276646 -19.8576180935 1.4474475486 -3.9565389346 1
13.5761916637 -19.8576180935 2.498168982 -2.6132468977 1
16.8182556629 -19.8576180935 3.6162118755 -1.6077890972 1
20.0603196621 -19.8576180935 3.6660704425 0.4780400748 1
23.3023836613 -19.8576180935 2.1635553964 3.7808776683 1
26.5444476604 -19.8576180935 1.1861831413 5.0399291473 1
29.7865116596 -19.8576180935 1.7825596384 2.9857650658 1
33.0285756588 -19.8576180935 0 -0 0
36.270639658 -19.8576180935 0 -0 0
39.5127036572 -19.8576180935 0 -0 0
42.7547676563 -19.8576180935 0 -0 0
-35.0547683239 -23.0996820927 0 -0 0
-31.8127043247 -23.0996820927 0 -0 0
-28.5706403255 -23.0996820927 0 -0 0
-25.3285763264 -23.0996820927 0 -0 0
-22.0865123272 -23.0996820927 -8.7385228336 2.3005258266 1
-18.844448328 -23.0996820927 -7.1409773776 3.4853118127 1
-15.6023843288 -23.0996820927 -7.856909043 6.8221641994 1
-12.3603203297 -23.0996820927 -8.1882008277 9.6955300168 1
-9.1182563305 -23.0996820927 -7.5451775827 9.2291125087 1
-5.8761923313 -23.0996820927 -5.5119527889 4.0413894128 1
-2.6341283321 -23.0996820927 -3.7047617315 -1.6743286817 1
0.607935667 -23.0996820927 -0.4058298169 -6.1563402021 1
3.8499996662 -23.0996820927 3.095338451 -7.1087699638 1
7.0920636654 -23.0996820927 2.9558436453 -4.5474025224 1
10.3341276646 -23.0996820927 0.3351568902 -0.618806202 1
13.5761916637 -23.0996820927 -1.5708025655 1.9382007247 1
16.8182556629 -23.0996820927 -0.8941869046 2.772459037 1
20.0603196621 -23.0996820927 0.2612825992 4.2693613068 1
23.3023836613 -23.0996820927 -0.1592679606 6.3560601059 1
26.5444476604 -23.0996820927 -0.9775279055 7.243381784 1
29.7865116596 -23.0996820927 0 -0 0
33.0285756588 -23.0996820927 0 -0 0
36.270639658 -23.0996820927 0 -0 0
39.5127036572 -23.0996820927 0 -0 0
42.7547676563 -23.0996820927 0 -0 0
-35.0547683239 -26.3417460918 0 -0 0
-31.8127043247 -26.3417460918 0 -0 0
-28.5706403255 -26.3417460918 0 -0 0
-25.3285763264 -26.3417460918 0 -0 0
-22.0865123272 -26.3417460918 0 -0 0
-18.844448328 -26.3417460918 -6.8035882018 4.5217408817 1
-15.6023843288 -26.3417460918 -8.6383141402 7.5024137171 1
-12.3603203297 -26.3417460918 -8.6025915324 9.0243918626 1
-9.1182563305 -26.3417460918 -7.1134639344 8.0742097477 1
-5.8761923313 -26.3417460918 -3.9309515713 3.6589310539 1
-2.6341283321 -26.3417460918 -2.6636595259 -1.3476916153 1
0.607935667 -26.3417460918 -0.380532279 -5.374710461 1
3.8499996662 -26.3417460918 3.5359711265 -6.1271026773 1
7.0920636654 -26.3417460918 3.7774702671 -3.6161152545 1
10.3341276646 -26.3417460918 0.4465265963 0.4659194945 1
13.5761916637 -26.3417460918 -3.4395798697 3.3149710439 1
16.8182556629 -26.3417460918 -3.416332849 4.4516960672 1
20.0603196621 -26.3417460918 -1.9857109476 5.6459685781 1
23.3023836613 -26.3417460918 -1.881600727 7.2998863684 1
26.5444476604 -26.3417460918 0 -0 0
29.7865116596 -26.3417460918 0 -0 0
33.0285756588 -26.3417460918 0 -0 0
36.270639658 -26.3417460918 0 -0 0
39.5127036572 -26.3417460918 0 -0 0
42.7547676563 -26.3417460918 0 -0 0
-35.0547683239 -29.583810091 0 -0 0
-31.8127043247 -29.583810091 0 -0 0
-28.5706403255 -29.583810091 0 -0 0
-25.3285763264 -29.583810091 0 -0 0
-22.0865123272 -29.583810091 0 -0 0
-18.844448328 -29.583810091 0 -0 0
-15.6023843288 -29.583810091 -9.0373879955 6.8484747108 1
-12.3603203297 -29.583810091 -8.7793705833 7.2613381992 1
-9.1182563305 -29.583810091 -6.81538563 6.2506918492 1
-5.8761923313 -29.583810091 -3.1845776377 2.9572778637 1
-2.6341283321 -29.583810091 -1.9816114983 -0.1947837012 1
0.607935667 -29.583810091 -0.810008471 -2.7892282212 1
3.8499996662 -29.583810091 1.9525199618 -3.8224549068 1
7.0920636654 -29.583810091 2.3147994708 -3.2931431447 1
10.3341276646 -29.583810091 0.2769244689 -1.2369038245 1
13.5761916637 -29.583810091 -2.8575435192 0.9916023443 1
16.8182556629 -29.583810091 -3.0803809111 2.520446924 1
20.0603196621 -29.583810091 -1.997135177 3.8803130915 1
23.3023836613 -29.583810091 0 -0 0
26.5444476604 -29.583810091 0 -0 0
29.7865116596 -29.583810091 0 -0 0
33.0285756588 -29.583810091 0 -0 0
36.270639658 -29.583810091 0 -0 0
39.5127036572 -29.583810091 0 -0 0
42.7547676563 -29.583810091 0 -0 0
-35.0547683239 -32.8258740902 0 -0 0
-31.8127043247 -32.8258740902 0 -0 0
-28.5706403255 -32.8258740902 0 -0 0
-25.3285763264 -32.8258740902 0 -0 0
-22.0865123272 -32.8258740902 0 -0 0
-18.844448328 -32.8258740902 0 -0 0
-15.6023843288 -32.8258740902 0 -0 0
-12.3603203297 -32.8258740902 0 -0 0
-9.1182563305 -32.8258740902 -6.0003382967 3.7252849449 1
-5.8761923313 -32.8258740902 -3.8043774134 1.8061498147 1
-2.6341283321 -32.8258740902 -2.1026255687 0.0905151222 1
0.607935667 -32.8258740902 -1.4029502413 -1.0199659771 1
3.8499996662 -32.8258740902 -0.4287504774 -2.198270277 1
7.0920636654 -32.8258740902 -0.7263550368 -3.4386012798 1
10.3341276646 -32.8258740902 -1.11788211 -3.8499701617 1
13.5761916637 -32.8258740902 -1.5352839187 -2.453043487 1
16.8182556629 -32.8258740902 -0.9782789831 -0.4556401866 1
20.0603196621 -32.8258740902 0 -0 0
23.3023836613 -32.8258740902 0 -0 0
26.5444476604 -32.8258740902 0 -0 0
29.7865116596 -32.8258740902 0 -0 0
33.0285756588 -32.8258740902 0 -0 0
36.270639658 -32.8258740902 0 -0 0
39.5127036572 -32.8258740902 0 -0 0
42.7547676563 -32.8258740902 0 -0 0
-35.0547683239 -36.0679380894 0 -0 0
-31.8127043247 -36.0679380894 0 -0 0
-28.5706403255 -36.0679380894 0 -0 0
-25.3285763264 -36.0679380894 0 -0 0
-22.0865123272 -36.0679380894 0 -0 0
-18.844448328 -36.0679380894 0 -0 0
-15.6023843288 -36.0679380894 0 -0 0
-12.3603203297 -36.0679380894 0 -0 0
-9.1182563305 -36.0679380894 0 -0 0
-5.8761923313 -36.0679380894 0 -0 0
-2.6341283321 -36.0679380894 0 -0 0
0.607935667 -36.0679380894 0 -0 0
3.8499996662 -36.0679380894 0 -0 0
7.0920636654 -36.0679380894 0 -0 0
10.3341276646 -36.0679380894 0 -0 0
13.5761916637 -36.0679380894 0 -0 0
16.8182556629 -36.0679380894 0 -0 0
20.0603196621 -36.0679380894 0 -0 0
23.3023836613 -36.0679380894 0 -0 0
26.5444476604 -36.0679380894 0 -0 0
29.7865116596 -36.0679380894 0 -0 0
33.0285756588 -36.0679380894 0 -0 0
36.270639658 -36.0679380894 0 -0 0
39.5127036572 -36.0679380894 0 -0 0
42.7547676563 -36.0679380894 0 -0 0
-35.0547683239 -39.3100020885 0 -0 0
-31.8127043247 -39.3100020885 0 -0 0
-28.5706403255 -39.3100020885 0 -0 0
-25.3285763264 -39.3100020885 0 -0 0
-22.0865123272 -39.3100020885 0 -0 0
-18.844448328 -39.3100020885 0 -0 0
-15.6023843288 -39.3100020885 0 -0 0
-12.3603203297 -39.3100020885 0 -0 0
-9.1182563305 -39.3100020885 0 -0 0
-5.8761923313 -39.3100020885 0 -0 0
-2.6341283321 -39.3100020885 0 -0 0
0.607935667 -39.3100020885 0 -0 0
3.8499996662 -39.3100020885 0 -0 0
7.0920636654 -39.3100020885 0 -0 0
10.3341276646 -39.3100020885 0 -0 0
13.5761916637 -39.3100020885 0 -0 0
16.8182556629 -39.3100020885 0 -0 0
20.0603196621 -39.3100020885 0 -0 0
23.3023836613 -39.3100020885 0 -0 0
26.5444476604 -39.3100020885 0 -0 0
29.7865116596 -39.3100020885 0 -0 0
33.0285756588 -39.3100020885 0 -0 0
36.270639658 -39.3100020885 0 -0 0
39.5127036572 -39.3100020885 0 -0 0
42.7547676563 -39.3100020885 0 -0 0
-35.0547683239 -42.5520660877 0 -0 0
-31.8127043247 -42.5520660877 0 -0 0
-28.5706403255 -42.5520660877 0 -0 0
-25.3285763264 -42.5520660877 0 -0 0
-22.0865123272 -42.5520660877 0 -0 0
-18.844448328 -42.5520660877 0 -0 0
-15.6023843288 -42.5520660877 0 -0 0
-12.3603203297 -42.5520660877 0 -0 0
-9.1182563305 -42.5520660877 0 -0 0
-5.8761923313 -42.5520660877 0 -0 0
-2.6341283321 -42.5520660877 0 -0 0
0.607935667 -42.5520660877 0 -0 0
3.8499996662 -42.5520660877 0 -0 0
7.0920636654 -42.5520660877 0 -0 0
10.3341276646 -42.5520660877 0 -0 0
13.5761916637 -42.5520660877 0 -0 0
16.8182556629 -42.5520660877 0 -0 0
20.0603196621 -42.5520660877 0 -0 0
23.3023836613 -42.5520660877 0 -0 0
26.5444476604 -42.5520660877 0 -0 0
29.7865116596 -42.5520660877 0 -0 0
33.0285756588 -42.5520660877 0 -0 0
36.270639658 -42.5520660877 0 -0 0
39.5127036572 -42.5520660877 0 -0 0
42.7547676563 -42.5520660877 0 -0 0
