TITLE = "B00090"
VARIABLES = "x", "y", "Vx", "Vy", "isValid"
ZONE T="Frame 0", I=25, J=25, F=POINT
-35.0547683239 35.2574698925 0 -0 0
-31.8127043247 35.2574698925 0 -0 0
-28.5706403255 35.2574698925 0 -0 0
-25.3285763264 35.2574698925 0 -0 0
-22.0865123272 35.2574698925 0 -0 0
-18.844448328 35.2574698925 0 -0 0
-15.6023843288 35.2574698925 0 -0 0
-12.3603203297 35.2574698925 0 -0 0
-9.1182563305 35.2574698925 0 -0 0
-5.8761923313 35.2574698925 0 -0 0
-2.6341283321 35.2574698925 0 -0 0
0.607935667 35.2574698925 0 -0 0
3.8499996662 35.2574698925 0 -0 0
7.0920636654 35.2574698925 0 -0 0
10.3341276646 35.2574698925 0 -0 0
13.5761916637 35.2574698925 0 -0 0
16.8182556629 35.2574698925 0 -0 0
20.0603196621 35.2574698925 0 -0 0
23.3023836613 35.2574698925 0 -0 0
26.5444476604 35.2574698925 0 -0 0
29.7865116596 35.2574698925 0 -0 0
33.0285756588 35.2574698925 0 -0 0
36.270639658 35.2574698925 0 -0 0
39.5127036572 35.2574698925 0 -0 0
42.7547676563 35.2574698925 0 -0 0
-35.0547683239 32.0154058933 0 -0 0
-31.8127043247 32.0154058933 0 -0 0
-28.5706403255 32.0154058933 0 -0 0
-25.3285763264 32.0154058933 0 -0 0
-22.0865123272 32.0154058933 0 -0 0
-18.844448328 32.0154058933 0 -0 0
-15.6023843288 32.0154058933 0 -0 0
-12.3603203297 32.0154058933 0 -0 0
-9.1182563305 32.0154058933 0 -0 0
-5.8761923313 32.0154058933 0 -0 0
-2.6341283321 32.0154058933 0 -0 0
0.607935667 32.0154058933 0 -0 0
3.8499996662 32.0154058933 0 -0 0
7.0920636654 32.0154058933 0 -0 0
10.3341276646 32.0154058933 0 -0 0
13.5761916637 32.0154058933 0 -0 0
16.8182556629 32.0154058933 0 -0 0
20.0603196621 32.0154058933 0 -0 0
23.3023836613 32.0154058933 0 -0 0
26.5444476604 32.0154058933 0 -0 0
29.7865116596 32.0154058933 0 -0 0
33.0285756588 32.0154058933 0 -0 0
36.270639658 32.0154058933 0 -0 0
39.5127036572 32.0154058933 0 -0 0
42.7547676563 32.0154058933 0 -0 0
-35.0547683239 28.7733418941 0 -0 0
-31.8127043247 28.7733418941 0 -0 0
-28.5706403255 28.7733418941 0 -0 0
-25.3285763264 28.7733418941 0 -0 0
-22.0865123272 28.7733418941 0 -0 0
-18.844448328 28.7733418941 0 -0 0
-15.6023843288 28.7733418941 0 -0 0
-12.3603203297 28.7733418941 0 -0 0
-9.1182563305 28.7733418941 0 -0 0
-5.8761923313 28.7733418941 0 -0 0
-2.6341283321 28.7733418941 0 -0 0
0.607935667 28.7733418941 0 -0 0
3.8499996662 28.7733418941 0 -0 0
7.0920636654 28.7733418941 0 -0 0
10.3341276646 28.7733418941 0 -0 0
13.5761916637 28.7733418941 0 -0 0
16.8182556629 28.7733418941 0 -0 0
20.0603196621 28.7733418941 0 -0 0
23.3023836613 28.7733418941 0 -0 0
26.5444476604 28.7733418941 0 -0 0
29.7865116596 28.7733418941 0 -0 0
33.0285756588 28.7733418941 0 -0 0
36.270639658 28.7733418941 0 -0 0
39.5127036572 28.7733418941 0 -0 0
42.7547676563 28.7733418941 0 -0 0
-35.0547683239 25.531277895 0 -0 0
-31.8127043247 25.531277895 0 -0 0
-28.5706403255 25.531277895 0 -0 0
-25.3285763264 25.531277895 0 -0 0
-22.0865123272 25.531277895 0 -0 0
-18.844448328 25.531277895 0 -0 0
-15.6023843288 25.531277895 0 -0 0
-12.3603203297 25.531277895 0 -0 0
-9.1182563305 25.531277895 4.2487444918 4.1661552478 1
-5.8761923313 25.531277895 5.2554130746 3.5190545951 1
-2.6341283321 25.531277895 6.0081549383 3.3849766061 1
0.607935667 25.531277895 4.4852773113 3.5588102252 1
3.8499996662 25.531277895 -0.2342394476 4.5246407204 1
7.0920636654 25.531277895 -5.1871642036 5.3173290408 1
10.3341276646 25.531277895 -6.9880365473 5.2690414714 1
13.5761916637 25.531277895 -6.4224961247 4.0882542374 1
16.8182556629 25.531277895 -4.7078233304 2.4197934719 1
20.0603196621 25.531277895 0 -0 0
23.3023836613 25.531277895 0 -0 0
26.5444476604 25.531277895 0 -0 0
29.7865116596 25.531277895 0 -0 0
33.0285756588 25.531277895 0 -0 0
36.270639658 25.531277895 0 -0 0
39.5127036572 25.531277895 0 -0 0
42.7547676563 25.531277895 0 -0 0
-35.0547683239 22.2892138958 0 -0 0
-31.8127043247 22.2892138958 0 -0 0
-28.5706403255 22.2892138958 0 -0 0
-25.3285763264 22.2892138958 0 -0 0
-22.0865123272 22.2892138958 0 -0 0
-18.844448328 22.2892138958 0 -0 0
-15.6023843288 22.2892138958 7.5703552124 7.4555295682 1
-12.3603203297 22.2892138958 5.8236129912 5.3451232889 1
-9.1182563305 22.2892138958 3.7161421796 4.1077245835 1
-5.8761923313 22.2892138958 3.6208261338 4.1544918812 1
-2.6341283321 22.2892138958 4.7443717461 4.6385825841 1
0.607935667 22.2892138958 4.2982038931 4.8126807033 1
3.8499996662 22.2892138958 0.1549436409 4.9047264291 1
7.0920636654 22.2892138958 -4.7227437316 4.6851475816 1
10.3341276646 22.2892138958 -6.5361357457 4.0658647284 1
13.5761916637 22.2892138958 -5.3167203283 3.1729532215 1
16.8182556629 22.2892138958 -3.6277719783 3.167377584 1
20.0603196621 22.2892138958 -3.1383477944 4.0660905801 1
23.3023836613 22.2892138958 0 -0 0
26.5444476604 22.2892138958 0 -0 0
29.7865116596 22.2892138958 0 -0 0
33.0285756588 22.2892138958 0 -0 0
36.270639658 22.2892138958 0 -0 0
39.5127036572 22.2892138958 0 -0 0
42.7547676563 22.2892138958 0 -0 0
-35.0547683239 19.0471498966 0 -0 0
-31.8127043247 19.0471498966 0 -0 0
-28.5706403255 19.0471498966 0 -0 0
-25.3285763264 19.0471498966 0 -0 0
-22.0865123272 19.0471498966 0 -0 0
-18.844448328 19.0471498966 7.0737587284 6.6172146822 1
-15.6023843288 19.0471498966 6.8331953021 5.8014843589 1
-12.3603203297 19.0471498966 4.6899097908 4.287577693 1
-9.1182563305 19.0471498966 2.5053405273 4.3831509923 1
-5.8761923313 19.0471498966 2.1947274554 5.9068000779 1
-2.6341283321 19.0471498966 3.3192975527 5.8581592379 1
0.607935667 19.0471498966 3.1825057204 4.9105729074 1
3.8499996662 19.0471498966 0.6867243347 4.1257676557 1
7.0920636654 19.0471498966 -2.5194793549 3.847299194 1
10.3341276646 19.0471498966 -3.8370938992 3.2509176394 1
13.5761916637 19.0471498966 -3.2964756645 2.9536772205 1
16.8182556629 19.0471498966 -2.4639372066 4.6734778743 1
20.0603196621 19.0471498966 -2.2930145981 7.8059855311 1
23.3023836613 19.0471498966 -2.1525544878 8.3218319444 1
26.5444476604 19.0471498966 0 -0 0
29.7865116596 19.0471498966 0 -0 0
33.0285756588 19.0471498966 0 -0 0
36.270639658 19.0471498966 0 -0 0
39.5127036572 19.0471498966 0 -0 0
42.7547676563 19.0471498966 0 -0 0
-35.0547683239 15.8050858974 0 -0 0
-31.8127043247 15.8050858974 0 -0 0
-28.5706403255 15.8050858974 0 -0 0
-25.3285763264 15.8050858974 0 -0 0
-22.0865123272 15.8050858974 5.4840540693 2.4479625794 1
-18.844448328 15.8050858974 5.6492633553 2.9564375627 1
-15.6023843288 15.8050858974 4.5733205108 2.1594542864 1
-12.3603203297 15.8050858974 2.2914215588 1.8404395628 1
-9.1182563305 15.8050858974 1.0962643615 3.8947573321 1
-5.8761923313 15.8050858974 1.290345975 6.4231561672 1
-2.6341283321 15.8050858974 2.0092365086 6.0394329785 1
0.607935667 15.8050858974 1.9111167921 4.1710463856 1
3.8499996662 15.8050858974 1.0710720877 3.6564726525 1
7.0920636654 15.8050858974 0.531643273 4.1856533723 1
10.3341276646 15.8050858974 -0.4315116877 3.709491935 1
13.5761916637 15.8050858974 -1.5084776206 2.5762537233 1
16.8182556629 15.8050858974 -2.3463773382 4.119841465 1
20.0603196621 15.8050858974 -1.9591997966 7.7996900668 1
23.3023836613 15.8050858974 -1.2337410709 8.3613028444 1
26.5444476604 15.8050858974 -0.9354451427 6.503841373 1
29.7865116596 15.8050858974 0 -0 0
33.0285756588 15.8050858974 0 -0 0
36.270639658 15.8050858974 0 -0 0
39.5127036572 15.8050858974 0 -0 0
42.7547676563 15.8050858974 0 -0 0
-35.0547683239 12.5630218983 0 -0 0
-31.8127043247 12.5630218983 0 -0 0
-28.5706403255 12.5630218983 0 -0 0
-25.3285763264 12.5630218983 0 -0 0
-22.0865123272 12.5630218983 3.9964476487 0.5119912341 1
-18.844448328 12.5630218983 2.8341159379 -0.6916412885 1
-15.6023843288 12.5630218983 1.2495783906 -1.5701884181 1
-12.3603203297 12.5630218983 -0.2228188414 -0.0315650184 1
-9.1182563305 12.5630218983 -0.0388459488 3.5748623003 1
-5.8761923313 12.5630218983 0.8509994161 5.8995861099 1
-2.6341283321 12.5630218983 1.2673673797 4.9398985989 1
0.607935667 12.5630218983 1.3628461715 2.8171731378 1
3.8499996662 12.5630218983 1.5237094737 2.8335600651 1
7.0920636654 12.5630218983 1.8394819578 4.2396880815 1
10.3341276646 12.5630218983 0.8682000737 3.0064902775 1
13.5761916637 12.5630218983 -1.4713537059 0.7300642277 1
16.8182556629 12.5630218983 -3.034160126 0.2574907521 1
20.0603196621 12.5630218983 -2.5907363104 4.150137594 1
23.3023836613 12.5630218983 -1.6992526812 5.9594567296 1
26.5444476604 12.5630218983 -1.4810136957 5.2562814562 1
29.7865116596 12.5630218983 -2.3839929634 2.6818904052 1
33.0285756588 12.5630218983 0 -0 0
36.270639658 12.5630218983 0 -0 0
39.5127036572 12.5630218983 0 -0 0
42.7547676563 12.5630218983 0 -0 0
-35.0547683239 9.3209578991 0 -0 0
-31.8127043247 9.3209578991 0 -0 0
-28.5706403255 9.3209578991 0 -0 0
-25.3285763264 9.3209578991 2.8574034187 1.1748198284 1
-22.0865123272 9.3209578991 2.1479843129 -0.0779774674 1
-18.844448328 9.3209578991 0.3073579432 -1.5378439232 1
-15.6023843288 9.3209578991 -0.9002353813 -1.6687376452 1
-12.3603203297 9.3209578991 -0.8977854342 0.2013861448 1
-9.1182563305 9.3209578991 0.6042786634 2.5045589537 1
-5.8761923313 9.3209578991 1.3886547064 2.8610732063 1
-2.6341283321 9.3209578991 1.3886396094 2.0164637619 1
0.607935667 9.3209578991 1.409436834 0.592598275 1
3.8499996662 9.3209578991 1.4353613141 0.6987117591 1
7.0920636654 9.3209578991 1.3593548309 1.4107422747 1
10.3341276646 9.3209578991 0.3633487565 -0.3001521654 1
13.5761916637 9.3209578991 -1.2853109624 -2.8130332284 1
16.8182556629 9.3209578991 -2.6380310986 -3.6099399627 1
20.0603196621 9.3209578991 -2.9958767589 -0.130833466 1
23.3023836613 9.3209578991 -3.290884628 2.7162726981 1
26.5444476604 9.3209578991 -3.3530998174 2.990807476 1
29.7865116596 9.3209578991 -3.7104430483 2.1658413897 1
33.0285756588 9.3209578991 0 -0 0
36.270639658 9.3209578991 0 -0 0
39.5127036572 9.3209578991 0 -0 0
42.7547676563 9.3209578991 0 -0 0
-35.0547683239 6.0788938999 0 -0 0
-31.8127043247 6.0788938999 0 -0 0
-28.5706403255 6.0788938999 0 -0 0
-25.3285763264 6.0788938999 1.9308644707 2.3867783666 1
-22.0865123272 6.0788938999 0.6567052363 1.0569761357 1
-18.844448328 6.0788938999 -1.1853661652 0.0501785251 1
-15.6023843288 6.0788938999 -1.7906927139 0.7333793859 1
-12.3603203297 6.0788938999 -0.4051105186 1.6426113177 1
-9.1182563305 6.0788938999 2.0037828551 1.7476598191 1
-5.8761923313 6.0788938999 2.7140289766 1.1411652881 1
-2.6341283321 6.0788938999 2.0346457269 1.6323264616 1
0.607935667 6.0788938999 1.2397960393 1.4902120181 1
3.8499996662 6.0788938999 0.690548414 -0.6781357816 1
7.0920636654 6.0788938999 0.3913023161 -3.6645501709 1
10.3341276646 6.0788938999 0.3797936565 -6.9568044021 1
13.5761916637 6.0788938999 0.6101446547 -7.2676644614 1
16.8182556629 6.0788938999 0.1709719947 -4.7593223413 1
20.0603196621 6.0788938999 -1.4828858792 -0.6815540526 1
23.3023836613 6.0788938999 -3.372490753 0.9188681437 1
26.5444476604 6.0788938999 -4.1769831443 0.003300145 1
29.7865116596 6.0788938999 -4.0217131432 -0.3680466901 1
33.0285756588 6.0788938999 -3.4566410307 0.078946197 1
36.270639658 6.0788938999 0 -0 0
39.5127036572 6.0788938999 0 -0 0
42.7547676563 6.0788938999 0 -0 0
-35.0547683239 2.8368299007 0 -0 0
-31.8127043247 2.8368299007 0 -0 0
-28.5706403255 2.8368299007 1.2837577793 3.8689332473 1
-25.3285763264 2.8368299007 1.1388624617 3.3457683945 1
-22.0865123272 2.8368299007 -0.0430800966 2.3226923524 1
-18.844448328 2.8368299007 -2.3533191065 2.2857358638 1
-15.6023843288 2.8368299007 -2.9010981676 2.6807762439 1
-12.3603203297 2.8368299007 -0.9442322973 2.560345674 1
-9.1182563305 2.8368299007 1.6803857637 1.3783225966 1
-5.8761923313 2.8368299007 1.9228659098 1.1094907242 1
-2.6341283321 2.8368299007 0.3779814837 2.9074063133 1
0.607935667 2.8368299007 -0.2219921843 3.0095368595 1
3.8499996662 2.8368299007 -0.1038439938 -1.2071102004 1
7.0920636654 2.8368299007 0.39665297 -7.0451872848 1
10.3341276646 2.8368299007 1.0198221023 -10.5226537715 1
13.5761916637 2.8368299007 2.4710249633 -8.83108518 1
16.8182556629 2.8368299007 3.0264521831 -4.1508245091 1
20.0603196621 2.8368299007 1.2704871823 -0.7004381052 1
23.3023836613 2.8368299007 -1.1548403348 -0.9826509339 1
26.5444476604 2.8368299007 -2.8013466124 -3.1811551395 1
29.7865116596 2.8368299007 -2.7275109321 -3.4698910957 1
33.0285756588 2.8368299007 -2.3365727188 -2.1827198765 1
36.270639658 2.8368299007 0 -0 0
39.5127036572 2.8368299007 0 -0 0
42.7547676563 2.8368299007 0 -0 0
-35.0547683239 -0.4052340984 0 -0 0
-31.8127043247 -0.4052340984 0 -0 0
-28.5706403255 -0.4052340984 0.4808109472 4.5775289607 1
-25.3285763264 -0.4052340984 0.3749561885 5.3258479965 1
-22.0865123272 -0.4052340984 -0.5752902397 5.2575779897 1
-18.844448328 -0.4052340984 -3.0254923135 4.7297113159 1
-15.6023843288 -0.4052340984 -3.9426771376 3.0521597188 1
-12.3603203297 -0.4052340984 -2.5824247879 1.659925807 1
-9.1182563305 -0.4052340984 -1.3551593644 0.6227483401 1
-5.8761923313 -0.4052340984 -2.3237787352 1.2442856715 1
-2.6341283321 -0.4052340984 -3.9352995178 3.3631656155 1
0.607935667 -0.4052340984 -2.8242177169 2.5371394153 1
3.8499996662 -0.4052340984 -0.8770784899 -2.4126358159 1
7.0920636654 -0.4052340984 0.7308973577 -8.1827363043 1
10.3341276646 -0.4052340984 1.7310023529 -10.537909025 1
13.5761916637 -0.4052340984 3.3617742726 -7.9616631522 1
16.8182556629 -0.4052340984 4.3137876581 -4.0427635451 1
20.0603196621 -0.4052340984 3.4115404457 -2.0005857557 1
23.3023836613 -0.4052340984 1.7268669727 -3.3251485601 1
26.5444476604 -0.4052340984 0.110317603 -5.5549406945 1
29.7865116596 -0.4052340984 -0.382666547 -5.8738758568 1
33.0285756588 -0.4052340984 -0.5411457629 -4.4815963519 1
36.270639658 -0.4052340984 0 -0 0
39.5127036572 -0.4052340984 0 -0 0
42.7547676563 -0.4052340984 0 -0 0
-35.0547683239 -3.6472980976 0 -0 0
-31.8127043247 -3.6472980976 0 -0 0
-28.5706403255 -3.6472980976 -0.7842499827 6.5229191961 1
-25.3285763264 -3.6472980976 -1.359344112 7.9734684308 1
-22.0865123272 -3.6472980976 -2.0031151132 8.605711184 1
-18.844448328 -3.6472980976 -3.4201783661 6.6653204832 1
-15.6023843288 -3.6472980976 -3.5465245589 2.2926131679 1
-12.3603203297 -3.6472980976 -3.6492949174 -0.5792602697 1
-9.1182563305 -3.6472980976 -5.5577813529 -0.6425019443 1
-5.8761923313 -3.6472980976 -8.4074043629 0.6742774319 1
-2.6341283321 -3.6472980976 -9.3572917836 1.2468235588 1
0.607935667 -3.6472980976 -6.1161198852 -1.2047526472 1
3.8499996662 -3.6472980976 -2.4183213598 -5.2254611581 1
7.0920636654 -3.6472980976 0.128606889 -7.7537195907 1
10.3341276646 -3.6472980976 1.4557998331 -7.7818858298 1
13.5761916637 -3.6472980976 2.8302275452 -5.4376318898 1
16.8182556629 -3.6472980976 3.7323331474 -4.2815056649 1
20.0603196621 -3.6472980976 3.9426662678 -4.4918816609 1
23.3023836613 -3.6472980976 3.3738691125 -6.1356053283 1
26.5444476604 -3.6472980976 2.4478144774 -7.5187118738 1
29.7865116596 -3.6472980976 1.4065854567 -7.3598409275 1
33.0285756588 -3.6472980976 0.8233550816 -6.148597234 1
36.270639658 -3.6472980976 0 -0 0
39.5127036572 -3.6472980976 0 -0 0
42.7547676563 -3.6472980976 0 -0 0
-35.0547683239 -6.8893620968 0 -0 0
-31.8127043247 -6.8893620968 0 -0 0
-28.5706403255 -6.8893620968 -2.7751867695 8.5465157038 1
-25.3285763264 -6.8893620968 -3.1317582399 9.7436557459 1
-22.0865123272 -6.8893620968 -2.4804658951 10.0715748526 1
-18.844448328 -6.8893620968 -2.0980162925 7.1547144731 1
-15.6023843288 -6.8893620968 -1.8455283209 1.3401058074 1
-12.3603203297 -6.8893620968 -3.9445322615 -2.6747643021 1
-9.1182563305 -6.8893620968 -8.493905551 -1.8927995577 1
-5.8761923313 -6.8893620968 -11.8777371979 -0.0076588275 1
-2.6341283321 -6.8893620968 -11.9352931399 -0.2114218432 1
0.607935667 -6.8893620968 -8.4086815722 -3.3119585813 1
3.8499996662 -6.8893620968 -4.8500129571 -6.5907163637 1
7.0920636654 -6.8893620968 -2.4404389712 -7.3736190869 1
10.3341276646 -6.8893620968 -0.6822432323 -5.6797968097 1
13.5761916637 -6.8893620968 1.2448976299 -3.3958256385 1
16.8182556629 -6.8893620968 3.219283913 -3.2453202621 1
20.0603196621 -6.8893620968 3.986338975 -4.9411845645 1
23.3023836613 -6.8893620968 3.3851737734 -7.5455036787 1
26.5444476604 -6.8893620968 1.9250688694 -9.1154088763 1
29.7865116596 -6.8893620968 0.9749771102 -8.8024768996 1
33.0285756588 -6.8893620968 0.5660081665 -7.1916049876 1
36.270639658 -6.8893620968 0 -0 0
39.5127036572 -6.8893620968 0 -0 0
42.7547676563 -6.8893620968 0 -0 0
-35.0547683239 -10.131426096 0 -0 0
-31.8127043247 -10.131426096 0 -0 0
-28.5706403255 -10.131426096 -5.0512226364 9.0883592141 1
-25.3285763264 -10.131426096 -4.7333291697 9.4857379741 1
-22.0865123272 -10.131426096 -2.6184707743 10.0940640021 1
-18.844448328 -10.131426096 -0.2517106818 7.1453162659 1
-15.6023843288 -10.131426096 0.4365810838 1.9024809853 1
-12.3603203297 -10.131426096 -2.5549735445 -1.6555627634 1
-9.1182563305 -10.131426096 -7.7677815744 0.2469891214 1
-5.8761923313 -10.131426096 -10.2028937072 2.3697854442 1
-2.6341283321 -10.131426096 -9.2614286212 0.9948874594 1
0.607935667 -10.131426096 -6.7730680328 -2.5094822483 1
3.8499996662 -10.131426096 -5.3801447903 -5.8457808757 1
7.0920636654 -10.131426096 -4.458238217 -6.6574235254 1
10.3341276646 -10.131426096 -3.2032792426 -5.1895845605 1
13.5761916637 -10.131426096 -0.2273707677 -3.0970863859 1
16.8182556629 -10.131426096 2.635909965 -2.9095814943 1
20.0603196621 -10.131426096 3.3009887726 -5.1074264878 1
23.3023836613 -10.131426096 1.8159236362 -7.9163629844 1
26.5444476604 -10.131426096 -0.2511438258 -9.0617153601 1
29.7865116596 -10.131426096 -0.5357400048 -8.3800195464 1
33.0285756588 -10.131426096 -0.3353673052 -6.7932569978 1
36.270639658 -10.131426096 0 -0 0
39.5127036572 -10.131426096 0 -0 0
42.7547676563 -10.131426096 0 -0 0
-35.0547683239 -13.3734900951 0 -0 0
-31.8127043247 -13.3734900951 0 -0 0
-28.5706403255 -13.3734900951 0 -0 0
-25.3285763264 -13.3734900951 -4.3136599371 10.0361107061 1
-22.0865123272 -13.3734900951 -1.8155736869 10.7146687517 1
-18.844448328 -13.3734900951 1.1904505451 8.1841324783 1
-15.6023843288 -13.3734900951 2.1702201341 3.8305710736 1
-12.3603203297 -13.3734900951 -0.42367893 1.5652263241 1
-9.1182563305 -13.3734900951 -4.6174890047 3.5864097216 1
-5.8761923313 -13.3734900951 -6.1384157926 4.5502860564 1
-2.6341283321 -13.3734900951 -4.9718478534 2.0550220461 1
0.607935667 -13.3734900951 -3.9576899327 -1.5339534168 1
3.8499996662 -13.3734900951 -4.40117625 -4.0845639178 1
7.0920636654 -13.3734900951 -4.9421078992 -5.0780838877 1
10.3341276646 -13.3734900951 -4.461534202 -4.6078226741 1
13.5761916637 -13.3734900951 -1.3352382209 -3.6883168316 1
16.8182556629 -13.3734900951 1.8389988526 -3.5808334802 1
20.0603196621 -13.3734900951 2.0283439219 -4.9934994193 1
23.3023836613 -13.3734900951 -0.1047865867 -6.600002249 1
26.5444476604 -13.3734900951 -2.5115198953 -6.7051603548 1
29.7865116596 -13.3734900951 -1.898549566 -5.9369029648 1
33.0285756588 -13.3734900951 -0.9271382248 -5.1501806913 1
36.270639658 -13.3734900951 0 -0 0
39.5127036572 -13.3734900951 0 -0 0
42.7547676563 -13.3734900951 0 -0 0
-35.0547683239 -16.6155540943 0 -0 0
-31.8127043247 -16.6155540943 0 -0 0
-28.5706403255 -16.6155540943 0 -0 0
-25.3285763264 -16.6155540943 -1.0282367376 11.2770551015 1
-22.0865123272 -16.6155540943 0.62068065 12.2424477826 1
-18.844448328 -16.6155540943 2.3274225559 9.9468817854 1
-15.6023843288 -16.6155540943 3.1910104849 6.7360748584 1
-12.3603203297 -16.6155540943 1.1633043373 4.7059984006 1
-9.1182563305 -16.6155540943 -1.8508682937 4.5598772036 1
-5.8761923313 -16.6155540943 -3.101696115 3.2562704446 1
-2.6341283321 -16.6155540943 -2.3276265169 0.3652446801 1
0.607935667 -16.6155540943 -2.1102420236 -1.7144415077 1
3.8499996662 -16.6155540943 -3.0727723066 -2.4251944367 1
7.0920636654 -16.6155540943 -4.1081953091 -3.0277746835 1
10.3341276646 -16.6155540943 -3.9055810015 -3.830742576 1
13.5761916637 -16.6155540943 -1.3085258264 -4.3097661095 1
16.8182556629 -16.6155540943 1.2701200223 -4.4046630616 1
20.0603196621 -16.6155540943 1.27906713 -4.1462060237 1
23.3023836613 -16.6155540943 -0.7786366781 -3.9938089887 1
26.5444476604 -16.6155540943 -2.7168158895 -3.5247075295 1
29.7865116596 -16.6155540943 -2.1869956592 -3.4738770153 1
33.0285756588 -16.6155540943 0 -0 0
36.270639658 -16.6155540943 0 -0 0
39.5127036572 -16.6155540943 0 -0 0
42.7547676563 -16.6155540943 0 -0 0
-35.0547683239 -19.8576180935 0 -0 0
-31.8127043247 -19.8576180935 0 -0 0
-28.5706403255 -19.8576180935 0 -0 0
-25.3285763264 -19.8576180935 0 -0 0
-22.0865123272 -19.8576180935 2.1020770934 11.6622276056 1
-18.844448328 -19.8576180935 2.013951615 8.4008921052 1
-15.6023843288 -19.8576180935 2.0811612061 5.5888118017 1
-12.3603203297 -19.8576180935 -0.1466514049 4.1675314936 1
-9.1182563305 -19.8576180935 -2.5877259613 3.148645483 1
-5.8761923313 -19.8576180935 -3.6714640097 0.8382626503 1
-2.6341283321 -19.8576180935 -2.901885931 -1.5496854347 1
0.607935667 -19.8576180935 -2.4930673915 -2.2020277784 1
3.8499996662 -19.8576180935 -2.7793019197 -1.6355449988 1
7.0920636654 -19.8576180935 -3.2309022903 -1.7210718242 1
10.3341276646 -19.8576180935 -2.536611321 -2.9183954462 1
13.5761916637 -19.8576180935 -0.6181555952 -4.2766036572 1
16.8182556629 -19.8576180935 1.494186313 -4.30247877 1
20.0603196621 -19.8576180935 1.5979701356 -2.9458485013 1
23.3023836613 -19.8576180935 0.0219716231 -1.9509483603 1
26.5444476604 -19.8576180935 -1.8389881337 -2.0517363271 1
29.7865116596 -19.8576180935 -2.1647642161 -2.7675295526 1
33.0285756588 -19.8576180935 0 -0 0
36.270639658 -19.8576180935 0 -0 0
39.5127036572 -19.8576180935 0 -0 0
42.7547676563 -19.8576180935 0 -0 0
-35.0547683239 -23.0996820927 0 -0 0
-31.8127043247 -23.0996820927 0 -0 0
-28.5706403255 -23.0996820927 0 -0 0
-25.3285763264 -23.0996820927 0 -0 0
-22.0865123272 -23.0996820927 2.4193962688 8.8181983496 1
-18.844448328 -23.0996820927 0.4878361266 4.9983446622 1
-15.6023843288 -23.0996820927 -1.1781582361 3.0753979832 1
-12.3603203297 -23.0996820927 -3.8623098754 2.851889981 1
-9.1182563305 -23.0996820927 -5.4137797799 2.6563226681 1
-5.8761923313 -23.0996820927 -5.4339560633 1.2362210611 1
-2.6341283321 -23.0996820927 -3.8418283299 -0.775761674 1
0.607935667 -23.0996820927 -2.7295055526 -1.83318438 1
3.8499996662 -23.0996820927 -2.3114456641 -1.8029806448 1
7.0920636654 -23.0996820927 -2.280763051 -1.9234993815 1
10.3341276646 -23.0996820927 -1.1960524515 -2.0839182269 1
13.5761916637 -23.0996820927 0.4130592216 -2.8665763781 1
16.8182556629 -23.0996820927 2.0233003039 -2.7897261215 1
20.0603196621 -23.0996820927 1.9999394516 -2.0444280026 1
23.3023836613 -23.0996820927 0.5262411004 -2.0690192635 1
26.5444476604 -23.0996820927 -1.4458585855 -2.8166646696 1
29.7865116596 -23.0996820927 0 -0 0
33.0285756588 -23.0996820927 0 -0 0
36.270639658 -23.0996820927 0 -0 0
39.5127036572 -23.0996820927 0 -0 0
42.7547676563 -23.0996820927 0 -0 0
-35.0547683239 -26.3417460918 0 -0 0
-31.8127043247 -26.3417460918 0 -0 0
-28.5706403255 -26.3417460918 0 -0 0
-25.3285763264 -26.3417460918 0 -0 0
-22.0865123272 -26.3417460918 0 -0 0
-18.844448328 -26.3417460918 -1.9936089622 2.1501664386 1
-15.6023843288 -26.3417460918 -4.3794020962 0.9212256969 1
-12.3603203297 -26.3417460918 -6.4098586974 1.9642132205 1
-9.1182563305 -26.3417460918 -6.7137680812 3.2323664009 1
-5.8761923313 -26.3417460918 -5.2939437312 2.9600862145 1
-2.6341283321 -26.3417460918 -2.7394554054 0.9982885198 1
0.607935667 -26.3417460918 -1.293927445 -1.0546314904 1
3.8499996662 -26.3417460918 -1.1743320431 -2.1329651771 1
7.0920636654 -26.3417460918 -1.3184391445 -2.2274991965 1
10.3341276646 -26.3417460918 -0.5727437094 -1.7887516879 1
13.5761916637 -26.3417460918 0.6244316975 -1.8339831642 1
16.8182556629 -26.3417460918 1.3227377237 -1.9388190993 1
20.0603196621 -26.3417460918 1.1112476419 -2.4211340887 1
23.3023836613 -26.3417460918 0.0897249716 -3.3143203617 1
26.5444476604 -26.3417460918 0 -0 0
29.7865116596 -26.3417460918 0 -0 0
33.0285756588 -26.3417460918 0 -0 0
36.270639658 -26.3417460918 0 -0 0
39.5127036572 -26.3417460918 0 -0 0
42.7547676563 -26.3417460918 0 -0 0
-35.0547683239 -29.583810091 0 -0 0
-31.8127043247 -29.583810091 0 -0 0
-28.5706403255 -29.583810091 0 -0 0
-25.3285763264 -29.583810091 0 -0 0
-22.0865123272 -29.583810091 0 -0 0
-18.844448328 -29.583810091 0 -0 0
-15.6023843288 -29.583810091 -6.7666167672 0.8777240391 1
-12.3603203297 -29.583810091 -7.3536390649 1.4722827776 1
-9.1182563305 -29.583810091 -6.2944309834 2.2804861713 1
-5.8761923313 -29.583810091 -3.6675218716 2.0386865997 1
-2.6341283321 -29.583810091 -1.1299271297 0.2818263823 1
0.607935667 -29.583810091 -0.0691849533 -1.6847315967 1
3.8499996662 -29.583810091 -0.6950788082 -2.5572260224 1
7.0920636654 -29.583810091 -1.3752716365 -2.5501446064 1
10.3341276646 -29.583810091 -1.1454702836 -1.789530997 1
13.5761916637 -29.583810091 -0.6100716605 -1.118944564 1
16.8182556629 -29.583810091 -0.4025898042 -1.2111060085 1
20.0603196621 -29.583810091 -0.4200905531 -2.2369787767 1
23.3023836613 -29.583810091 0 -0 0
26.5444476604 -29.583810091 0 -0 0
29.7865116596 -29.583810091 0 -0 0
33.0285756588 -29.583810091 0 -0 0
36.270639658 -29.583810091 0 -0 0
39.5127036572 -29.583810091 0 -0 0
42.7547676563 -29.583810091 0 -0 0
-35.0547683239 -32.8258740902 0 -0 0
-31.8127043247 -32.8258740902 0 -0 0
-28.5706403255 -32.8258740902 0 -0 0
-25.3285763264 -32.8258740902 0 -0 0
-22.0865123272 -32.8258740902 0 -0 0
-18.844448328 -32.8258740902 0 -0 0
-15.6023843288 -32.8258740902 0 -0 0
-12.3603203297 -32.8258740902 0 -0 0
-9.1182563305 -32.8258740902 -5.1247403732 0.2888038929 1
-5.8761923313 -32.8258740902 -1.8638452533 -1.0223532715 1
-2.6341283321 -32.8258740902 0.7809293141 -2.2551939551 1
0.607935667 -32.8258740902 0.900967512 -2.9253585014 1
3.8499996662 -32.8258740902 -0.9676037931 -2.8132995401 1
7.0920636654 -32.8258740902 -2.7159405633 -2.6474425912 1
10.3341276646 -32.8258740902 -2.7132330608 -2.3775341492 1
13.5761916637 -32.8258740902 -2.1059997564 -1.6388643842 1
16.8182556629 -32.8258740902 -1.935707902 -1.2268823362 1
20.0603196621 -32.8258740902 0 -0 0
23.3023836613 -32.8258740902 0 -0 0
26.5444476604 -32.8258740902 0 -0 0
29.7865116596 -32.8258740902 0 -0 0
33.0285756588 -32.8258740902 0 -0 0
36.270639658 -32.8258740902 0 -0 0
39.5127036572 -32.8258740902 0 -0 0
42.7547676563 -32.8258740902 0 -0 0
-35.0547683239 -36.0679380894 0 -0 0
-31.8127043247 -36.0679380894 0 -0 0
-28.5706403255 -36.0679380894 0 -0 0
-25.3285763264 -36.0679380894 0 -0 0
-22.0865123272 -36.0679380894 0 -0 0
-18.844448328 -36.0679380894 0 -0 0
-15.6023843288 -36.0679380894 0 -0 0
-12.3603203297 -36.0679380894 0 -0 0
-9.1182563305 -36.0679380894 0 -0 0
-5.8761923313 -36.0679380894 0 -0 0
-2.6341283321 -36.0679380894 0 -0 0
0.607935667 -36.0679380894 0 -0 0
3.8499996662 -36.0679380894 0 -0 0
7.0920636654 -36.0679380894 0 -0 0
10.3341276646 -36.0679380894 0 -0 0
13.5761916637 -36.0679380894 0 -0 0
16.8182556629 -36.0679380894 0 -0 0
20.0603196621 -36.0679380894 0 -0 0
23.3023836613 -36.0679380894 0 -0 0
26.5444476604 -36.0679380894 0 -0 0
29.7865116596 -36.0679380894 0 -0 0
33.0285756588 -36.0679380894 0 -0 0
36.270639658 -36.0679380894 0 -0 0
39.5127036572 -36.0679380894 0 -0 0
42.7547676563 -36.0679380894 0 -0 0
-35.0547683239 -39.3100020885 0 -0 0
-31.8127043247 -39.3100020885 0 -0 0
-28.5706403255 -39.3100020885 0 -0 0
-25.3285763264 -39.3100020885 0 -0 0
-22.0865123272 -39.3100020885 0 -0 0
-18.844448328 -39.3100020885 0 -0 0
-15.6023843288 -39.3100020885 0 -0 0
-12.3603203297 -39.3100020885 0 -0 0
-9.1182563305 -39.3100020885 0 -0 0
-5.8761923313 -39.3100020885 0 -0 0
-2.6341283321 -39.3100020885 0 -0 0
0.607935667 -39.3100020885 0 -0 0
3.8499996662 -39.3100020885 0 -0 0
7.0920636654 -39.3100020885 0 -0 0
10.3341276646 -39.3100020885 0 -0 0
13.5761916637 -39.3100020885 0 -0 0
16.8182556629 -39.3100020885 0 -0 0
20.0603196621 -39.3100020885 0 -0 0
23.3023836613 -39.3100020885 0 -0 0
26.5444476604 -39.3100020885 0 -0 0
29.7865116596 -39.3100020885 0 -0 0
33.0285756588 -39.3100020885 0 -0 0
36.270639658 -39.3100020885 0 -0 0
39.5127036572 -39.3100020885 0 -0 0
42.7547676563 -39.3100020885 0 -0 0
-35.0547683239 -42.5520660877 0 -0 0
-31.8127043247 -42.5520660877 0 -0 0
-28.5706403255 -42.5520660877 0 -0 0
-25.3285763264 -42.5520660877 0 -0 0
-22.0865123272 -42.5520660877 0 -0 0
-18.844448328 -42.5520660877 0 -0 0
-15.6023843288 -42.5520660877 0 -0 0
-12.3603203297 -42.5520660877 0 -0 0
-9.1182563305 -42.5520660877 0 -0 0
-5.8761923313 -42.5520660877 0 -0 0
-2.6341283321 -42.5520660877 0 -0 0
0.607935667 -42.5520660877 0 -0 0
3.8499996662 -42.5520660877 0 -0 0
7.0920636654 -42.5520660877 0 -0 0
10.3341276646 -42.5520660877 0 -0 0
13.5761916637 -42.5520660877 0 -0 0
16.8182556629 -42.5520660877 0 -0 0
20.0603196621 -42.5520660877 0 -0 0
23.3023836613 -42.5520660877 0 -0 0
26.5444476604 -42.5520660877 0 -0 0
29.7865116596 -42.5520660877 0 -0 0
33.0285756588 -42.5520660877 0 -0 0
36.270639658 -42.5520660877 0 -0 0
39.5127036572 -42.5520660877 0 -0 0
42.7547676563 -42.5520660877 0 -0 0
