TITLE = "B00090"
VARIABLES = "x", "y", "Vx", "Vy", "isValid"
ZONE T="Frame 0", I=25, J=25, F=POINT
-35.0547683239 35.2574698925 0 -0 0
-31.8127043247 35.2574698925 0 -0 0
-28.5706403255 35.2574698925 0 -0 0
-25.3285763264 35.2574698925 0 -0 0
-22.0865123272 35.2574698925 0 -0 0
-18.844448328 35.2574698925 0 -0 0
-15.6023843288 35.2574698925 0 -0 0
-12.3603203297 35.2574698925 0 -0 0
-9.1182563305 35.2574698925 0 -0 0
-5.8761923313 35.2574698925 0 -0 0
-2.6341283321 35.2574698925 0 -0 0
0.607935667 35.2574698925 0 -0 0
3.8499996662 35.2574698925 0 -0 0
7.0920636654 35.2574698925 0 -0 0
10.3341276646 35.2574698925 0 -0 0
13.5761916637 35.2574698925 0 -0 0
16.8182556629 35.2574698925 0 -0 0
20.0603196621 35.2574698925 0 -0 0
23.3023836613 35.2574698925 0 -0 0
26.5444476604 35.2574698925 0 -0 0
29.7865116596 35.2574698925 0 -0 0
33.0285756588 35.2574698925 0 -0 0
36.270639658 35.2574698925 0 -0 0
39.5127036572 35.2574698925 0 -0 0
42.7547676563 35.2574698925 0 -0 0
-35.0547683239 32.0154058933 0 -0 0
-31.8127043247 32.0154058933 0 -0 0
-28.5706403255 32.0154058933 0 -0 0
-25.3285763264 32.0154058933 0 -0 0
-22.0865123272 32.0154058933 0 -0 0
-18.844448328 32.0154058933 0 -0 0
-15.6023843288 32.0154058933 0 -0 0
-12.3603203297 32.0154058933 0 -0 0
-9.1182563305 32.0154058933 0 -0 0
-5.8761923313 32.0154058933 0 -0 0
-2.6341283321 32.0154058933 0 -0 0
0.607935667 32.0154058933 0 -0 0
3.8499996662 32.0154058933 0 -0 0
7.0920636654 32.0154058933 0 -0 0
10.3341276646 32.0154058933 0 -0 0
13.5761916637 32.0154058933 0 -0 0
16.8182556629 32.0154058933 0 -0 0
20.0603196621 32.0154058933 0 -0 0
23.3023836613 32.0154058933 0 -0 0
26.5444476604 32.0154058933 0 -0 0
29.7865116596 32.0154058933 0 -0 0
33.0285756588 32.0154058933 0 -0 0
36.270639658 32.0154058933 0 -0 0
39.5127036572 32.0154058933 0 -0 0
42.7547676563 32.0154058933 0 -0 0
-35.0547683239 28.7733418941 0 -0 0
-31.8127043247 28.7733418941 0 -0 0
-28.5706403255 28.7733418941 0 -0 0
-25.3285763264 28.7733418941 0 -0 0
-22.0865123272 28.7733418941 0 -0 0
-18.844448328 28.7733418941 0 -0 0
-15.6023843288 28.7733418941 0 -0 0
-12.3603203297 28.7733418941 0 -0 0
-9.1182563305 28.7733418941 0 -0 0
-5.8761923313 28.7733418941 0 -0 0
-2.6341283321 28.7733418941 0 -0 0
0.607935667 28.7733418941 0 -0 0
3.8499996662 28.7733418941 0 -0 0
7.0920636654 28.7733418941 0 -0 0
10.3341276646 28.7733418941 0 -0 0
13.5761916637 28.7733418941 0 -0 0
16.8182556629 28.7733418941 0 -0 0
20.0603196621 28.7733418941 0 -0 0
23.3023836613 28.7733418941 0 -0 0
26.5444476604 28.7733418941 0 -0 0
29.7865116596 28.7733418941 0 -0 0
33.0285756588 28.7733418941 0 -0 0
36.270639658 28.7733418941 0 -0 0
39.5127036572 28.7733418941 0 -0 0
42.7547676563 28.7733418941 0 -0 0
-35.0547683239 25.531277895 0 -0 0
-31.8127043247 25.531277895 0 -0 0
-28.5706403255 25.531277895 0 -0 0
-25.3285763264 25.531277895 0 -0 0
-22.0865123272 25.531277895 0 -0 0
-18.844448328 25.531277895 0 -0 0
-15.6023843288 25.531277895 0 -0 0
-12.3603203297 25.531277895 0 -0 0
-9.1182563305 25.531277895 -0.2495087979 4.2947083253 1
-5.8761923313 25.531277895 2.8284536434 1.9017607057 1
-2.6341283321 25.531277895 3.453236347 -0.0254671579 1
0.607935667 25.531277895 2.311675441 0.4705272611 1
3.8499996662 25.531277895 0.5308144834 1.2765806481 1
7.0920636654 25.531277895 1.0669157225 0.7370150543 1
10.3341276646 25.531277895 1.6882635484 0.5984246365 1
13.5761916637 25.531277895 2.1689842907 2.8143430473 1
16.8182556629 25.531277895 0 -0 0
20.0603196621 25.531277895 0 -0 0
23.3023836613 25.531277895 0 -0 0
26.5444476604 25.531277895 0 -0 0
29.7865116596 25.531277895 0 -0 0
33.0285756588 25.531277895 0 -0 0
36.270639658 25.531277895 0 -0 0
39.5127036572 25.531277895 0 -0 0
42.7547676563 25.531277895 0 -0 0
-35.0547683239 22.2892138958 0 -0 0
-31.8127043247 22.2892138958 0 -0 0
-28.5706403255 22.2892138958 0 -0 0
-25.3285763264 22.2892138958 0 -0 0
-22.0865123272 22.2892138958 0 -0 0
-18.844448328 22.2892138958 0 -0 0
-15.6023843288 22.2892138958 -6.0372994653 -2.5311332103 1
-12.3603203297 22.2892138958 -3.8572408945 1.7495128294 1
-9.1182563305 22.2892138958 -0.8797049968 3.3197987743 1
-5.8761923313 22.2892138958 1.3261516165 2.5817203602 1
-2.6341283321 22.2892138958 1.655167674 0.8435789207 1
0.607935667 22.2892138958 0.855330152 0.9100391703 1
3.8499996662 22.2892138958 0.4051813615 0.8012911401 1
7.0920636654 22.2892138958 2.4131145429 -0.7142527239 1
10.3341276646 22.2892138958 4.04102648 -1.9681339209 1
13.5761916637 22.2892138958 5.1792461099 -0.7047581222 1
16.8182556629 22.2892138958 5.1844002382 2.7123362968 1
20.0603196621 22.2892138958 6.1341336692 5.5737932698 1
23.3023836613 22.2892138958 0 -0 0
26.5444476604 22.2892138958 0 -0 0
29.7865116596 22.2892138958 0 -0 0
33.0285756588 22.2892138958 0 -0 0
36.270639658 22.2892138958 0 -0 0
39.5127036572 22.2892138958 0 -0 0
42.7547676563 22.2892138958 0 -0 0
-35.0547683239 19.0471498966 0 -0 0
-31.8127043247 19.0471498966 0 -0 0
-28.5706403255 19.0471498966 0 -0 0
-25.3285763264 19.0471498966 0 -0 0
-22.0865123272 19.0471498966 0 -0 0
-18.844448328 19.0471498966 -5.3872126189 -6.363425648 1
-15.6023843288 19.0471498966 -3.9836230181 -3.4526445432 1
-12.3603203297 19.0471498966 -2.1195134157 0.6391223972 1
-9.1182563305 19.0471498966 0.3937736632 3.1281168347 1
-5.8761923313 19.0471498966 2.0260893305 3.3641982528 1
-2.6341283321 19.0471498966 2.3028528838 1.379140705 1
0.607935667 19.0471498966 1.6651131487 0.3628935809 1
3.8499996662 19.0471498966 0.7243549814 -0.1091495642 1
7.0920636654 19.0471498966 2.041593836 -2.7167730139 1
10.3341276646 19.0471498966 4.0362256224 -5.3327165443 1
13.5761916637 19.0471498966 6.470768597 -5.7338079676 1
16.8182556629 19.0471498966 7.2176558299 -1.6977775498 1
20.0603196621 19.0471498966 7.1779723636 2.6223111584 1
23.3023836613 19.0471498966 6.2215642309 5.490851359 1
26.5444476604 19.0471498966 0 -0 0
29.7865116596 19.0471498966 0 -0 0
33.0285756588 19.0471498966 0 -0 0
36.270639658 19.0471498966 0 -0 0
39.5127036572 19.0471498966 0 -0 0
42.7547676563 19.0471498966 0 -0 0
-35.0547683239 15.8050858974 0 -0 0
-31.8127043247 15.8050858974 0 -0 0
-28.5706403255 15.8050858974 0 -0 0
-25.3285763264 15.8050858974 0 -0 0
-22.0865123272 15.8050858974 -3.4777303829 -3.7196087611 1
-18.844448328 15.8050858974 -2.8630545414 -3.1740480586 1
-15.6023843288 15.8050858974 -1.2167100285 -2.2596160281 1
-12.3603203297 15.8050858974 -0.0936816029 0.1491120237 1
-9.1182563305 15.8050858974 1.5269687729 2.7916845091 1
-5.8761923313 15.8050858974 2.4056104099 3.9929137344 1
-2.6341283321 15.8050858974 2.4377272415 2.3017083775 1
0.607935667 15.8050858974 1.8834424145 0.3877380568 1
3.8499996662 15.8050858974 0.4064073918 -0.2715222775 1
7.0920636654 15.8050858974 0.2436739442 -2.4713856315 1
10.3341276646 15.8050858974 1.8440575676 -5.0773797619 1
13.5761916637 15.8050858974 4.8614314497 -6.4510772304 1
16.8182556629 15.8050858974 6.6282759789 -3.5968834416 1
20.0603196621 15.8050858974 5.9059002945 1.171253078 1
23.3023836613 15.8050858974 4.2555777125 5.6850922463 1
26.5444476604 15.8050858974 3.4359345393 8.3396053835 1
29.7865116596 15.8050858974 0 -0 0
33.0285756588 15.8050858974 0 -0 0
36.270639658 15.8050858974 0 -0 0
39.5127036572 15.8050858974 0 -0 0
42.7547676563 15.8050858974 0 -0 0
-35.0547683239 12.5630218983 0 -0 0
-31.8127043247 12.5630218983 0 -0 0
-28.5706403255 12.5630218983 0 -0 0
-25.3285763264 12.5630218983 0 -0 0
-22.0865123272 12.5630218983 -1.5665367469 1.222018524 1
-18.844448328 12.5630218983 -0.803187026 1.3602137013 1
-15.6023843288 12.5630218983 -0.3875018636 1.1114188423 1
-12.3603203297 12.5630218983 -0.2823932194 1.509922709 1
-9.1182563305 12.5630218983 0.220815559 3.0533943544 1
-5.8761923313 12.5630218983 1.0242108863 4.0664036926 1
-2.6341283321 12.5630218983 0.5291740772 2.9405645385 1
0.607935667 12.5630218983 0.1620205844 1.6565268602 1
3.8499996662 12.5630218983 -0.5161946642 1.4068495039 1
7.0920636654 12.5630218983 -1.0710871092 0.000929709 1
10.3341276646 12.5630218983 0.1115758183 -2.0561106934 1
13.5761916637 12.5630218983 2.4833838503 -3.4087749706 1
16.8182556629 12.5630218983 4.4963521954 -2.2346319423 1
20.0603196621 12.5630218983 3.5090503929 1.2179231509 1
23.3023836613 12.5630218983 1.7625329666 5.5316894466 1
26.5444476604 12.5630218983 1.5492044431 8.1221923569 1
29.7865116596 12.5630218983 2.8283174682 8.00849114 1
33.0285756588 12.5630218983 0 -0 0
36.270639658 12.5630218983 0 -0 0
39.5127036572 12.5630218983 0 -0 0
42.7547676563 12.5630218983 0 -0 0
-35.0547683239 9.3209578991 0 -0 0
-31.8127043247 9.3209578991 0 -0 0
-28.5706403255 9.3209578991 0 -0 0
-25.3285763264 9.3209578991 -2.0739546357 3.561959769 1
-22.0865123272 9.3209578991 -0.7789888165 4.8887945264 1
-18.844448328 9.3209578991 -0.2992847274 4.503572806 1
-15.6023843288 9.3209578991 -1.1754421282 2.9429993885 1
-12.3603203297 9.3209578991 -2.2320553311 2.656348333 1
-9.1182563305 9.3209578991 -2.7852429055 4.1129662745 1
-5.8761923313 9.3209578991 -2.5453802836 4.9090185166 1
-2.6341283321 9.3209578991 -2.8237925844 3.8207284097 1
0.607935667 9.3209578991 -2.1305904133 2.9062598444 1
3.8499996662 9.3209578991 -0.671406655 2.7387769446 1
7.0920636654 9.3209578991 0.6081972125 2.5956383182 1
10.3341276646 9.3209578991 1.6013239423 1.680379272 1
13.5761916637 9.3209578991 2.3447992449 0.7134733394 1
16.8182556629 9.3209578991 2.4129450032 -0.26009952 1
20.0603196621 9.3209578991 0.9955508987 0.4427626786 1
23.3023836613 9.3209578991 -0.6141447655 2.7697427781 1
26.5444476604 9.3209578991 -0.4402419265 4.6818730343 1
29.7865116596 9.3209578991 1.0304640034 4.7579246577 1
33.0285756588 9.3209578991 0 -0 0
36.270639658 9.3209578991 0 -0 0
39.5127036572 9.3209578991 0 -0 0
42.7547676563 9.3209578991 0 -0 0
-35.0547683239 6.0788938999 0 -0 0
-31.8127043247 6.0788938999 0 -0 0
-28.5706403255 6.0788938999 0 -0 0
-25.3285763264 6.0788938999 -3.1784415981 5.3864776952 1
-22.0865123272 6.0788938999 -2.4125757297 6.058682304 1
-18.844448328 6.0788938999 -2.365089662 4.5467968293 1
-15.6023843288 6.0788938999 -3.1744882882 2.7276827364 1
-12.3603203297 6.0788938999 -4.1661036159 3.8394236739 1
-9.1182563305 6.0788938999 -5.0100110481 5.4559663348 1
-5.8761923313 6.0788938999 -4.8257526233 5.387191483 1
-2.6341283321 6.0788938999 -4.3584631105 3.409251735 1
0.607935667 6.0788938999 -2.6195058271 2.3955553307 1
3.8499996662 6.0788938999 0.0587799437 2.2206046818 1
7.0920636654 6.0788938999 2.2438430972 2.278684642 1
10.3341276646 6.0788938999 3.1063855565 1.9477576017 1
13.5761916637 6.0788938999 2.4409329463 1.220757393 1
16.8182556629 6.0788938999 1.1498632948 -0.402093791 1
20.0603196621 6.0788938999 -0.4375107593 -0.9678851264 1
23.3023836613 6.0788938999 -1.4274533354 0.3838023726 1
26.5444476604 6.0788938999 -1.21423653 1.3608106381 1
29.7865116596 6.0788938999 0.104363596 1.1631067926 1
33.0285756588 6.0788938999 1.2401431957 -0.4603945453 1
36.270639658 6.0788938999 0 -0 0
39.5127036572 6.0788938999 0 -0 0
42.7547676563 6.0788938999 0 -0 0
-35.0547683239 2.8368299007 0 -0 0
-31.8127043247 2.8368299007 0 -0 0
-28.5706403255 2.8368299007 -4.6512000833 3.4100431217 1
-25.3285763264 2.8368299007 -4.1864015815 6.0051584785 1
-22.0865123272 2.8368299007 -3.5490388193 6.2164662636 1
-18.844448328 2.8368299007 -3.6065905342 4.494468991 1
-15.6023843288 2.8368299007 -3.6603848985 3.213572704 1
-12.3603203297 2.8368299007 -4.2408967503 5.3637494086 1
-9.1182563305 2.8368299007 -5.1408187171 6.6942119839 1
-5.8761923313 2.8368299007 -5.5369715978 5.246949676 1
-2.6341283321 2.8368299007 -4.794954065 2.2018236665 1
0.607935667 2.8368299007 -2.5214353269 0.804760892 1
3.8499996662 2.8368299007 0.201405469 0.5234734362 1
7.0920636654 2.8368299007 2.1548015307 0.668209631 1
10.3341276646 2.8368299007 2.1289865041 0.7941948536 1
13.5761916637 2.8368299007 1.1155478063 0.2843600047 1
16.8182556629 2.8368299007 -0.2312162849 -0.7727063357 1
20.0603196621 2.8368299007 -0.7515527456 -0.878598686 1
23.3023836613 2.8368299007 -0.6025029877 -0.1425439353 1
26.5444476604 2.8368299007 -0.0230258656 0.1624435844 1
29.7865116596 2.8368299007 0.7071521348 -1.0521193435 1
33.0285756588 2.8368299007 1.041253327 -2.2632344858 1
36.270639658 2.8368299007 0 -0 0
39.5127036572 2.8368299007 0 -0 0
42.7547676563 2.8368299007 0 -0 0
-35.0547683239 -0.4052340984 0 -0 0
-31.8127043247 -0.4052340984 0 -0 0
-28.5706403255 -0.4052340984 -4.1302958608 2.6574326022 1
-25.3285763264 -0.4052340984 -3.8751734564 5.5882773667 1
-22.0865123272 -0.4052340984 -3.3274351573 6.3971844333 1
-18.844448328 -0.4052340984 -2.8993653297 5.6055079164 1
-15.6023843288 -0.4052340984 -2.1530795628 5.0079475852 1
-12.3603203297 -0.4052340984 -2.3408936416 6.8358928405 1
-9.1182563305 -0.4052340984 -4.383550158 6.844153335 1
-5.8761923313 -0.4052340984 -6.1502615313 4.4288460985 1
-2.6341283321 -0.4052340984 -5.9859713529 1.5250363522 1
0.607935667 -0.4052340984 -3.826355981 0.0993478981 1
3.8499996662 -0.4052340984 -1.297126658 -0.6219409884 1
7.0920636654 -0.4052340984 -0.2027152313 -0.8288195294 1
10.3341276646 -0.4052340984 -0.7196141345 -0.7901968564 1
13.5761916637 -0.4052340984 -1.3934170666 -1.106682298 1
16.8182556629 -0.4052340984 -1.4380280546 -1.4969345775 1
20.0603196621 -0.4052340984 -0.3096167429 -0.7141969404 1
23.3023836613 -0.4052340984 1.1014003733 0.6837977741 1
26.5444476604 -0.4052340984 2.0994912729 0.8255708736 1
29.7865116596 -0.4052340984 2.174673156 -0.4880371437 1
33.0285756588 -0.4052340984 1.5475268604 -1.7912029937 1
36.270639658 -0.4052340984 0 -0 0
39.5127036572 -0.4052340984 0 -0 0
42.7547676563 -0.4052340984 0 -0 0
-35.0547683239 -3.6472980976 0 -0 0
-31.8127043247 -3.6472980976 0 -0 0
-28.5706403255 -3.6472980976 -2.1191053428 2.1026734263 1
-25.3285763264 -3.6472980976 -1.7636644894 4.3878875366 1
-22.0865123272 -3.6472980976 -1.8691124584 6.5627173998 1
-18.844448328 -3.6472980976 -1.3234204117 7.7758566772 1
-15.6023843288 -3.6472980976 -0.2572030403 8.0199020841 1
-12.3603203297 -3.6472980976 -0.0103341562 7.9134389904 1
-9.1182563305 -3.6472980976 -3.5085651742 6.6725604181 1
-5.8761923313 -3.6472980976 -6.9112167867 4.3280921002 1
-2.6341283321 -3.6472980976 -7.4521979542 2.038190662 1
0.607935667 -3.6472980976 -5.5278137354 0.4067659464 1
3.8499996662 -3.6472980976 -3.0992591514 -0.7913176604 1
7.0920636654 -3.6472980976 -2.4050177003 -1.3154653302 1
10.3341276646 -3.6472980976 -2.7489885801 -1.643027845 1
13.5761916637 -3.6472980976 -2.9374255627 -2.0784688006 1
16.8182556629 -3.6472980976 -2.1326108497 -2.2326415491 1
20.0603196621 -3.6472980976 -0.0017735328 -1.3346864242 1
23.3023836613 -3.6472980976 1.8819330128 -0.1522425452 1
26.5444476604 -3.6472980976 2.7732084538 0.7345388384 1
29.7865116596 -3.6472980976 2.2395316855 0.7840753855 1
33.0285756588 -3.6472980976 1.3780679096 0.5347573387 1
36.270639658 -3.6472980976 0 -0 0
39.5127036572 -3.6472980976 0 -0 0
42.7547676563 -3.6472980976 0 -0 0
-35.0547683239 -6.8893620968 0 -0 0
-31.8127043247 -6.8893620968 0 -0 0
-28.5706403255 -6.8893620968 -0.3612589493 2.6173859012 1
-25.3285763264 -6.8893620968 -0.7376629436 3.3244356781 1
-22.0865123272 -6.8893620968 -2.1402417978 5.5284514343 1
-18.844448328 -6.8893620968 -1.6982134012 8.1745905473 1
-15.6023843288 -6.8893620968 0.0423221594 8.9833321505 1
-12.3603203297 -6.8893620968 0.6345510901 7.7937919566 1
-9.1182563305 -6.8893620968 -3.3143140209 6.4450414352 1
-5.8761923313 -6.8893620968 -7.4244997233 5.21699474 1
-2.6341283321 -6.8893620968 -7.5854190354 3.5750899636 1
0.607935667 -6.8893620968 -5.3281644858 1.3344996738 1
3.8499996662 -6.8893620968 -3.1255442997 -0.2184902191 1
7.0920636654 -6.8893620968 -2.9211071759 -1.0784882804 1
10.3341276646 -6.8893620968 -3.0271261148 -1.826158974 1
13.5761916637 -6.8893620968 -2.750599132 -2.389221369 1
16.8182556629 -6.8893620968 -1.5781993585 -2.8360915361 1
20.0603196621 -6.8893620968 0.2382910959 -3.0644327036 1
23.3023836613 -6.8893620968 1.460268103 -2.8401151983 1
26.5444476604 -6.8893620968 1.6732551315 -1.6398500697 1
29.7865116596 -6.8893620968 1.0773008985 0.0334931435 1
33.0285756588 -6.8893620968 0.7781793889 0.7164578726 1
36.270639658 -6.8893620968 0 -0 0
39.5127036572 -6.8893620968 0 -0 0
42.7547676563 -6.8893620968 0 -0 0
-35.0547683239 -10.131426096 0 -0 0
-31.8127043247 -10.131426096 0 -0 0
-28.5706403255 -10.131426096 0.0246154161 3.7252278781 1
-25.3285763264 -10.131426096 -2.3770019787 2.4945576199 1
-22.0865123272 -10.131426096 -5.7515367195 2.9603932882 1
-18.844448328 -10.131426096 -5.5006137067 5.2367205279 1
-15.6023843288 -10.131426096 -2.9532798665 6.6896176538 1
-12.3603203297 -10.131426096 -1.3303405913 6.3806664637 1
-9.1182563305 -10.131426096 -3.956221293 6.4453892709 1
-5.8761923313 -10.131426096 -6.4668391404 6.4768708192 1
-2.6341283321 -10.131426096 -5.1126760294 5.2579065012 1
0.607935667 -10.131426096 -2.5064183047 2.6782148807 1
3.8499996662 -10.131426096 -1.3443249762 0.769062666 1
7.0920636654 -10.131426096 -2.4640661353 -0.2376147486 1
10.3341276646 -10.131426096 -2.8893424072 -1.1234964715 1
13.5761916637 -10.131426096 -1.7726674562 -1.5578209257 1
16.8182556629 -10.131426096 0.1191530587 -2.1768204075 1
20.0603196621 -10.131426096 1.2056415607 -3.4245414097 1
23.3023836613 -10.131426096 1.1729149598 -4.3127033889 1
26.5444476604 -10.131426096 0.369034376 -4.1242431569 1
29.7865116596 -10.131426096 0.3981301773 -2.8296351375 1
33.0285756588 -10.131426096 0.8838898953 -2.0807008974 1
36.270639658 -10.131426096 0 -0 0
39.5127036572 -10.131426096 0 -0 0
42.7547676563 -10.131426096 0 -0 0
-35.0547683239 -13.3734900951 0 -0 0
-31.8127043247 -13.3734900951 0 -0 0
-28.5706403255 -13.3734900951 0 -0 0
-25.3285763264 -13.3734900951 -5.7001542576 3.2852123695 1
-22.0865123272 -13.3734900951 -9.5918405506 1.988424338 1
-18.844448328 -13.3734900951 -10.1276065978 2.1769878337 1
-15.6023843288 -13.3734900951 -7.6948991209 2.9919518314 1
-12.3603203297 -13.3734900951 -5.6267687709 4.1351269125 1
-9.1182563305 -13.3734900951 -5.6730719858 6.0123513106 1
-5.8761923313 -13.3734900951 -5.2790212164 7.0692501494 1
-2.6341283321 -13.3734900951 -2.1092220678 6.2705378096 1
0.607935667 -13.3734900951 0.577881797 3.7020433591 1
3.8499996662 -13.3734900951 0.3038173296 1.4323767809 1
7.0920636654 -13.3734900951 -2.3461905878 0.3476618033 1
10.3341276646 -13.3734900951 -3.3380076119 -0.3756153252 1
13.5761916637 -13.3734900951 -1.3007251876 -0.1975599519 1
16.8182556629 -13.3734900951 1.2045185676 -0.2687159837 1
20.0603196621 -13.3734900951 1.6209037418 -1.3756667259 1
23.3023836613 -13.3734900951 0.6038170338 -3.0416023612 1
26.5444476604 -13.3734900951 -0.3734832462 -4.677952334 1
29.7865116596 -13.3734900951 0.61544379 -5.0767849386 1
33.0285756588 -13.3734900951 1.8065581896 -5.0298093018 1
36.270639658 -13.3734900951 0 -0 0
39.5127036572 -13.3734900951 0 -0 0
42.7547676563 -13.3734900951 0 -0 0
-35.0547683239 -16.6155540943 0 -0 0
-31.8127043247 -16.6155540943 0 -0 0
-28.5706403255 -16.6155540943 0 -0 0
-25.3285763264 -16.6155540943 -8.8200625317 4.0010851564 1
-22.0865123272 -16.6155540943 -12.0464592624 1.9982368078 1
-18.844448328 -16.6155540943 -12.7240045988 0.1379512186 1
-15.6023843288 -16.6155540943 -10.8586220143 -0.5007095206 1
-12.3603203297 -16.6155540943 -8.6935439308 0.9214704954 1
-9.1182563305 -16.6155540943 -7.1404707211 3.7041862325 1
-5.8761923313 -16.6155540943 -4.6649794505 5.1399750947 1
-2.6341283321 -16.6155540943 -0.7128570784 4.5684293729 1
0.607935667 -16.6155540943 1.4793946895 2.6662510832 1
3.8499996662 -16.6155540943 0.3591747279 0.7385411382 1
7.0920636654 -16.6155540943 -2.9856050372 -0.1567085788 1
10.3341276646 -16.6155540943 -4.1870640394 -0.4243338017 1
13.5761916637 -16.6155540943 -2.4126572537 0.4497344146 1
16.8182556629 -16.6155540943 -0.4693033821 1.4649509018 1
20.0603196621 -16.6155540943 -0.3110918177 1.8473834447 1
23.3023836613 -16.6155540943 -1.1017717604 0.7633061659 1
26.5444476604 -16.6155540943 -1.2411379394 -1.8567449661 1
29.7865116596 -16.6155540943 0.2808844971 -4.3156020199 1
33.0285756588 -16.6155540943 0 -0 0
36.270639658 -16.6155540943 0 -0 0
39.5127036572 -16.6155540943 0 -0 0
42.7547676563 -16.6155540943 0 -0 0
-35.0547683239 -19.8576180935 0 -0 0
-31.8127043247 -19.8576180935 0 -0 0
-28.5706403255 -19.8576180935 0 -0 0
-25.3285763264 -19.8576180935 0 -0 0
-22.0865123272 -19.8576180935 -10.7797490567 2.5614380956 1
-18.844448328 -19.8576180935 -10.7869787256 -0.4061969768 1
-15.6023843288 -19.8576180935 -10.2621199853 -2.2390057048 1
-12.3603203297 -19.8576180935 -9.4483945485 -1.6163045806 1
-9.1182563305 -19.8576180935 -8.1610418629 0.5758613606 1
-5.8761923313 -19.8576180935 -5.2935294685 1.5394007296 1
-2.6341283321 -19.8576180935 -1.7253531928 0.7940573951 1
0.607935667 -19.8576180935 0.1124819142 -0.3898530006 1
3.8499996662 -19.8576180935 -0.6305896654 -1.4650798305 1
7.0920636654 -19.8576180935 -3.305006094 -1.5432183172 1
10.3341276646 -19.8576180935 -4.5395783322 -0.9270680991 1
13.5761916637 -19.8576180935 -4.1864326814 0.5070908115 1
16.8182556629 -19.8576180935 -3.3684839996 2.1371284869 1
20.0603196621 -19.8576180935 -3.2047436551 3.5159898967 1
23.3023836613 -19.8576180935 -3.1478229965 3.5618486548 1
26.5444476604 -19.8576180935 -2.5914866331 1.6033846878 1
29.7865116596 -19.8576180935 -1.0525856155 -1.4555878707 1
33.0285756588 -19.8576180935 0 -0 0
36.270639658 -19.8576180935 0 -0 0
39.5127036572 -19.8576180935 0 -0 0
42.7547676563 -19.8576180935 0 -0 0
-35.0547683239 -23.0996820927 0 -0 0
-31.8127043247 -23.0996820927 0 -0 0
-28.5706403255 -23.0996820927 0 -0 0
-25.3285763264 -23.0996820927 0 -0 0
-22.0865123272 -23.0996820927 -7.6702021808 1.764797522 1
-18.844448328 -23.0996820927 -5.8486674291 -0.0310668822 1
-15.6023843288 -23.0996820927 -6.2875727017 -1.6253869578 1
-12.3603203297 -23.0996820927 -7.9369414529 -2.1373559992 1
-9.1182563305 -23.0996820927 -8.6172115025 -1.2212254766 1
-5.8761923313 -23.0996820927 -6.6366240362 -0.8776582161 1
-2.6341283321 -23.0996820927 -3.5069914591 -2.163435073 1
0.607935667 -23.0996820927 -1.656440958 -3.5485019687 1
3.8499996662 -23.0996820927 -1.2786613217 -4.0094015099 1
7.0920636654 -23.0996820927 -2.6508216099 -2.8952963765 1
10.3341276646 -23.0996820927 -3.5724984063 -1.120531338 1
13.5761916637 -23.0996820927 -4.3716681864 0.1745362352 1
16.8182556629 -23.0996820927 -4.3460784075 1.1312433648 1
20.0603196621 -23.0996820927 -4.3394160853 2.0958669274 1
23.3023836613 -23.0996820927 -4.0751101536 2.8285291286 1
26.5444476604 -23.0996820927 -3.8141678415 2.5166370358 1
29.7865116596 -23.0996820927 0 -0 0
33.0285756588 -23.0996820927 0 -0 0
36.270639658 -23.0996820927 0 -0 0
39.5127036572 -23.0996820927 0 -0 0
42.7547676563 -23.0996820927 0 -0 0
-35.0547683239 -26.3417460918 0 -0 0
-31.8127043247 -26.3417460918 0 -0 0
-28.5706403255 -26.3417460918 0 -0 0
-25.3285763264 -26.3417460918 0 -0 0
-22.0865123272 -26.3417460918 0 -0 0
-18.844448328 -26.3417460918 -1.3116584615 0.6372049981 1
-15.6023843288 -26.3417460918 -2.5819015247 -0.055600036 1
-12.3603203297 -26.3417460918 -5.5286621889 -0.427958185 1
-9.1182563305 -26.3417460918 -7.6899799025 -0.4723265636 1
-5.8761923313 -26.3417460918 -7.0300389184 -0.7727750272 1
-2.6341283321 -26.3417460918 -4.739914497 -2.3026080099 1
0.607935667 -26.3417460918 -3.0207835478 -3.9386018436 1
3.8499996662 -26.3417460918 -1.9195743029 -4.6123424249 1
7.0920636654 -26.3417460918 -2.1097309889 -3.4070723268 1
10.3341276646 -26.3417460918 -2.5457818648 -1.2979790367 1
13.5761916637 -26.3417460918 -3.0416364805 -0.1838913026 1
16.8182556629 -26.3417460918 -2.919771692 -0.0544770854 1
20.0603196621 -26.3417460918 -3.1015868124 -0.2044205925 1
23.3023836613 -26.3417460918 -3.4321980227 0.5027509042 1
26.5444476604 -26.3417460918 0 -0 0
29.7865116596 -26.3417460918 0 -0 0
33.0285756588 -26.3417460918 0 -0 0
36.270639658 -26.3417460918 0 -0 0
39.5127036572 -26.3417460918 0 -0 0
42.7547676563 -26.3417460918 0 -0 0
-35.0547683239 -29.583810091 0 -0 0
-31.8127043247 -29.583810091 0 -0 0
-28.5706403255 -29.583810091 0 -0 0
-25.3285763264 -29.583810091 0 -0 0
-22.0865123272 -29.583810091 0 -0 0
-18.844448328 -29.583810091 0 -0 0
-15.6023843288 -29.583810091 -1.4303657047 2.353642787 1
-12.3603203297 -29.583810091 -4.1186732563 1.8036950366 1
-9.1182563305 -29.583810091 -5.8584104526 0.9348063871 1
-5.8761923313 -29.583810091 -5.8275647915 0.0341050783 1
-2.6341283321 -29.583810091 -4.7227995906 -1.1289502004 1
0.607935667 -29.583810091 -3.8722681827 -2.4802554424 1
3.8499996662 -29.583810091 -3.063880756 -3.3877955248 1
7.0920636654 -29.583810091 -2.9235076047 -2.8135099928 1
10.3341276646 -29.583810091 -2.5030838223 -1.4040624399 1
13.5761916637 -29.583810091 -1.5807866887 -0.9656069836 1
16.8182556629 -29.583810091 -0.8192797875 -1.3505295562 1
20.0603196621 -29.583810091 -1.0017862012 -1.8043762149 1
23.3023836613 -29.583810091 0 -0 0
26.5444476604 -29.583810091 0 -0 0
29.7865116596 -29.583810091 0 -0 0
33.0285756588 -29.583810091 0 -0 0
36.270639658 -29.583810091 0 -0 0
39.5127036572 -29.583810091 0 -0 0
42.7547676563 -29.583810091 0 -0 0
-35.0547683239 -32.8258740902 0 -0 0
-31.8127043247 -32.8258740902 0 -0 0
-28.5706403255 -32.8258740902 0 -0 0
-25.3285763264 -32.8258740902 0 -0 0
-22.0865123272 -32.8258740902 0 -0 0
-18.844448328 -32.8258740902 0 -0 0
-15.6023843288 -32.8258740902 0 -0 0
-12.3603203297 -32.8258740902 0 -0 0
-9.1182563305 -32.8258740902 -3.7260917305 1.964282063 1
-5.8761923313 -32.8258740902 -4.0121546055 0.5921301914 1
-2.6341283321 -32.8258740902 -3.828714742 -0.1539795725 1
0.607935667 -32.8258740902 -3.7541308526 -0.5385935712 1
3.8499996662 -32.8258740902 -4.1424121384 -1.1834273283 1
7.0920636654 -32.8258740902 -4.5195780802 -1.6353647402 1
10.3341276646 -32.8258740902 -3.7700938551 -1.6851487278 1
13.5761916637 -32.8258740902 -1.4868647032 -1.7498990116 1
16.8182556629 -32.8258740902 0.1383960056 -2.1001774332 1
20.0603196621 -32.8258740902 0 -0 0
23.3023836613 -32.8258740902 0 -0 0
26.5444476604 -32.8258740902 0 -0 0
29.7865116596 -32.8258740902 0 -0 0
33.0285756588 -32.8258740902 0 -0 0
36.270639658 -32.8258740902 0 -0 0
39.5127036572 -32.8258740902 0 -0 0
42.7547676563 -32.8258740902 0 -0 0
-35.0547683239 -36.0679380894 0 -0 0
-31.8127043247 -36.0679380894 0 -0 0
-28.5706403255 -36.0679380894 0 -0 0
-25.3285763264 -36.0679380894 0 -0 0
-22.0865123272 -36.0679380894 0 -0 0
-18.844448328 -36.0679380894 0 -0 0
-15.6023843288 -36.0679380894 0 -0 0
-12.3603203297 -36.0679380894 0 -0 0
-9.1182563305 -36.0679380894 0 -0 0
-5.8761923313 -36.0679380894 0 -0 0
-2.6341283321 -36.0679380894 0 -0 0
0.607935667 -36.0679380894 0 -0 0
3.8499996662 -36.0679380894 0 -0 0
7.0920636654 -36.0679380894 0 -0 0
10.3341276646 -36.0679380894 0 -0 0
13.5761916637 -36.0679380894 0 -0 0
16.8182556629 -36.0679380894 0 -0 0
20.0603196621 -36.0679380894 0 -0 0
23.3023836613 -36.0679380894 0 -0 0
26.5444476604 -36.0679380894 0 -0 0
29.7865116596 -36.0679380894 0 -0 0
33.0285756588 -36.0679380894 0 -0 0
36.270639658 -36.0679380894 0 -0 0
39.5127036572 -36.0679380894 0 -0 0
42.7547676563 -36.0679380894 0 -0 0
-35.0547683239 -39.3100020885 0 -0 0
-31.8127043247 -39.3100020885 0 -0 0
-28.5706403255 -39.3100020885 0 -0 0
-25.3285763264 -39.3100020885 0 -0 0
-22.0865123272 -39.3100020885 0 -0 0
-18.844448328 -39.3100020885 0 -0 0
-15.6023843288 -39.3100020885 0 -0 0
-12.3603203297 -39.3100020885 0 -0 0
-9.1182563305 -39.3100020885 0 -0 0
-5.8761923313 -39.3100020885 0 -0 0
-2.6341283321 -39.3100020885 0 -0 0
0.607935667 -39.3100020885 0 -0 0
3.8499996662 -39.3100020885 0 -0 0
7.0920636654 -39.3100020885 0 -0 0
10.3341276646 -39.3100020885 0 -0 0
13.5761916637 -39.3100020885 0 -0 0
16.8182556629 -39.3100020885 0 -0 0
20.0603196621 -39.3100020885 0 -0 0
23.3023836613 -39.3100020885 0 -0 0
26.5444476604 -39.3100020885 0 -0 0
29.7865116596 -39.3100020885 0 -0 0
33.0285756588 -39.3100020885 0 -0 0
36.270639658 -39.3100020885 0 -0 0
39.5127036572 -39.3100020885 0 -0 0
42.7547676563 -39.3100020885 0 -0 0
-35.0547683239 -42.5520660877 0 -0 0
-31.8127043247 -42.5520660877 0 -0 0
-28.5706403255 -42.5520660877 0 -0 0
-25.3285763264 -42.5520660877 0 -0 0
-22.0865123272 -42.5520660877 0 -0 0
-18.844448328 -42.5520660877 0 -0 0
-15.6023843288 -42.5520660877 0 -0 0
-12.3603203297 -42.5520660877 0 -0 0
-9.1182563305 -42.5520660877 0 -0 0
-5.8761923313 -42.5520660877 0 -0 0
-2.6341283321 -42.5520660877 0 -0 0
0.607935667 -42.5520660877 0 -0 0
3.8499996662 -42.5520660877 0 -0 0
7.0920636654 -42.5520660877 0 -0 0
10.3341276646 -42.5520660877 0 -0 0
13.5761916637 -42.5520660877 0 -0 0
16.8182556629 -42.5520660877 0 -0 0
20.0603196621 -42.5520660877 0 -0 0
23.3023836613 -42.5520660877 0 -0 0
26.5444476604 -42.5520660877 0 -0 0
29.7865116596 -42.5520660877 0 -0 0
33.0285756588 -42.5520660877 0 -0 0
36.270639658 -42.5520660877 0 -0 0
39.5127036572 -42.5520660877 0 -0 0
42.7547676563 -42.5520660877 0 -0 0
