,0,1,2,3,4,5,6,7,8,9,10,11,12,13,14,15,16,17,18,19,20,21,22,23,24
0,1.0,1.0,1.0,1.0,1.0,1.0,1.0,1.0,1.0,1.0,1.0,1.0,1.0,1.0,1.0,1.0,1.0,1.0,1.0,1.0,1.0,1.0,1.0,1.0,1.0
1,1.0,1.0,1.0,1.0,1.0,1.0,1.0,1.0,1.0,1.0,1.0,1.0,1.0,1.0,1.0,1.0,1.0,1.0,1.0,1.0,1.0,1.0,1.0,1.0,1.0
2,1.0,1.0,1.0,1.0,1.0,1.0,1.0,1.0,1.0,1.0,1.0,1.0,1.0,1.0,1.0,1.0,1.0,1.0,1.0,1.0,1.0,1.0,1.0,1.0,1.0
3,1.0,1.0,1.0,1.0,1.0,1.0,1.0,1.0,1.0293747701908955,1.0047227751104049,0.9948777836874144,1.0313402758644554,0.9714277741780061,0.8394776091634981,0.21950986962766383,0.9824202514067528,2.0,1.0,1.0,1.0,1.0,1.0,1.0,1.0,1.0
4,1.0,1.0,1.0,1.0,1.0,1.0,1.0209278264045152,1.0575490229584688,1.036361681913109,1.0094127379423767,1.0193680433118655,1.0031964443576928,1.0041481142210298,1.0113645188900768,0.979754151909067,1.0888188894128334,1.0370925199671432,1.354204733485592,1.0,1.0,1.0,1.0,1.0,1.0,1.0
5,1.0,1.0,1.0,1.0,1.0,0.9985594958960768,1.0161984513575197,1.0256940882919436,1.0513070143259673,1.0526055297406127,1.0356398690623323,1.0517500947338791,1.0180844368982491,1.0129284857122582,1.009150956773212,1.0626768399890345,0.97967303827783,1.0369698935863085,1.1328973649726257,1.0,1.0,1.0,1.0,1.0,1.0
6,1.0,1.0,1.0,1.0,0.9368796210403261,0.9978642344081758,0.9869737759998874,1.0198093554542829,1.0187372962782686,1.0311734804054808,1.041510842807986,0.9724185650632433,1.0222273824271855,1.0186712283294574,1.0779409951647572,1.0706465348398393,1.076056903246556,0.9331185900111391,0.9889855828708582,0.9076316671445352,1.0,1.0,1.0,1.0,1.0
7,1.0,1.0,1.0,1.0,1.0105520711383418,1.0146000339497387,0.9871492554587664,1.00023501111168,0.9722778712211595,1.0174643823846026,1.0114538422490764,0.9345724670410853,1.0344840032702076,1.0494794676506771,1.1551277977502619,1.046727906656589,1.231692230985201,0.9947255861174291,0.9869600471171264,0.9570471933157099,1.0301069558408336,1.0,1.0,1.0,1.0
8,1.0,1.0,1.0,0.9865026002556979,0.9591372613252435,1.0291990382507796,1.0340315257890218,1.0621735767137748,1.034798434250041,1.0807741263929875,1.0284060033979916,0.8411190587318828,0.9632444204703313,1.045607581315187,1.1087791562111295,1.0402780533148006,1.245743257186854,1.0522672852255464,1.018455442952304,0.9544958565576632,0.9871363491947419,1.0,1.0,1.0,1.0
9,1.0,1.0,1.0,1.1049335633940043,1.0624618160665507,0.9661010214627721,1.0085645290682625,1.030049430378411,1.0823482744060313,0.9911501804856501,0.9950921499515895,1.0074122038010889,0.994055189015671,1.0898276104441025,1.3075179501839502,1.14340801938548,0.9037608790581204,1.064567897011099,1.0789213153637303,0.9454380735663578,1.009644707525345,1.1967732966636848,1.0,1.0,1.0
10,1.0,1.0,1.041202768042838,1.1029524694932322,0.9793332098581802,0.928565842432295,0.9415027810704737,1.0762973225373837,1.1055955970614013,0.9234346435251409,1.0238011001957776,0.9770593160441355,1.014290080690387,1.0133248468739322,1.0605553784592237,0.9460961656432536,0.945327490348608,0.9201364841379662,0.8033485186883396,1.3469688317039556,1.0894600484718426,0.466761472336939,1.0,1.0,1.0
11,1.0,1.0,1.0355541300862443,1.063026059331788,1.0383238794752556,1.066519878448171,1.282349452697858,0.8394708545867451,1.0387931889815036,1.0361506556520113,1.0601350449827374,0.9511557367337191,1.0332658695847794,0.9374597962174797,0.9676754822827214,1.0545808881703853,1.0474593617870984,1.0217977518571242,0.997059006719089,1.0494633068750467,1.012806032335448,0.97107403708077,1.0,1.0,1.0
12,1.0,1.0,1.0497910685653051,1.0562917462205426,1.0242164033722807,1.0633248785633995,1.2829869995235088,0.9151771558293887,1.030826237371577,0.9633579660695055,1.1071638931793562,0.9996616245302603,1.6172403470818886,1.0011203554488337,0.9831983449544616,1.0443891072043718,1.1000019033960702,1.0519026682384027,1.0195797431775517,1.0058505520124221,0.9956314779612429,1.0294391462367516,1.0,1.0,1.0
13,1.0,1.0,1.1194771419207767,1.0523752737120455,1.0728922882151963,1.1032014890579973,1.1554943580006911,0.9535324911408425,1.045803896224212,1.029437946064075,1.1114776437615999,0.9588024958303658,0.9457729883678856,0.9351723573712784,1.0319977590103244,1.0451959625440206,0.9198911436817887,0.9741559510857278,1.0529121236512227,1.0376554895732821,0.96861130563174,1.0673335228828191,1.0,1.0,1.0
14,1.0,1.0,0.9783444313489918,0.7333195297930892,1.011329590819471,1.2052657140239609,1.207744408194661,0.9757638412863778,1.1201188582052843,1.0338148967297993,0.9354299414601501,0.8447938695803459,0.9050606742505846,1.0689045223746587,0.8537356568208261,1.0654902207820924,0.9212947285430588,0.9532891208579554,1.0410716798300326,1.0721653648890914,0.978856434900755,0.8481093548772378,1.0,1.0,1.0
15,1.0,1.0,1.0,1.0354406327860977,1.0581755929233614,0.9718934179850238,0.9680073783851005,0.9689944728332874,0.9963541781241523,0.9280207827549201,0.7733681859356848,0.9850333713684387,0.9490367377953433,1.0139039107058292,1.3986200099268902,0.23594807376276294,1.251409051468095,1.0114929041402618,0.9793183600862704,1.0107068008964966,0.9774184957716977,0.9900052490094743,1.0,1.0,1.0
16,1.0,1.0,1.0,0.9747566593981697,1.0487793027282197,1.2121418392550898,0.9388020750455951,1.0590739188951819,0.708264757851685,1.2982700026898764,1.4001442135919537,1.0490826185327058,0.9836911318840771,1.0513686814939025,1.0736570797035099,1.4268041335483028,1.3486789415969351,1.0606040745768985,1.0204552464818113,0.9904699819051914,0.581000522949435,1.0,1.0,1.0,1.0
17,1.0,1.0,1.0,1.0,1.0505299680727742,0.9641795210583408,0.8955392581473505,0.8412824289719999,0.9054284629648921,1.095568930438721,1.110914302298322,0.9408966951196792,0.9532126374663739,1.0141808464122373,1.053799853705316,1.066271428973698,0.9719100193938567,1.186543555823908,1.0629088526275705,0.8838401949545287,1.021647243351444,1.0,1.0,1.0,1.0
18,1.0,1.0,1.0,1.0,0.890365053696789,0.9986772251776901,1.1435339066613912,0.8856137118917913,0.8770000381017548,1.0045314953062046,1.122462059133628,0.9676169300115152,0.949181534131921,0.9764002263255672,1.0565283246610435,0.9935464744094455,0.9833133812267822,0.8851381835176404,1.021921580534861,0.9987032914495027,1.0,1.0,1.0,1.0,1.0
19,1.0,1.0,1.0,1.0,1.0,0.9400706389476,1.001916735043462,1.0712347086757608,0.9056508980908506,0.9894813012812482,0.9895105996285309,0.9765423125238055,1.0289262951142526,1.0218184384971916,1.0202203244446928,0.9147465490580714,0.9973454113843869,0.9943102545019307,1.0130768194229078,1.0,1.0,1.0,1.0,1.0,1.0
20,1.0,1.0,1.0,1.0,1.0,1.0,1.0139094988456403,0.9270945626039956,0.9367553534082896,0.9538287247063536,1.0233083701132668,1.0708068134583262,1.1032779056713715,0.9615648053886604,1.0306041931525094,0.9675343193053837,0.9048551252421713,1.5702487760425328,1.0,1.0,1.0,1.0,1.0,1.0,1.0
21,1.0,1.0,1.0,1.0,1.0,1.0,1.0,1.0,1.1407725073111277,1.0165387551296607,0.9945542577810295,1.087965518748047,1.127685213748754,0.9786952231116546,1.0275049559050269,1.0442405040210487,1.0,1.0,1.0,1.0,1.0,1.0,1.0,1.0,1.0
22,1.0,1.0,1.0,1.0,1.0,1.0,1.0,1.0,1.0,1.0,1.0,1.0,1.0,1.0,1.0,1.0,1.0,1.0,1.0,1.0,1.0,1.0,1.0,1.0,1.0
23,1.0,1.0,1.0,1.0,1.0,1.0,1.0,1.0,1.0,1.0,1.0,1.0,1.0,1.0,1.0,1.0,1.0,1.0,1.0,1.0,1.0,1.0,1.0,1.0,1.0
24,1.0,1.0,1.0,1.0,1.0,1.0,1.0,1.0,1.0,1.0,1.0,1.0,1.0,1.0,1.0,1.0,1.0,1.0,1.0,1.0,1.0,1.0,1.0,1.0,1.0
