,0,1,2,3,4,5,6,7,8,9,10,11,12,13,14,15,16,17,18,19,20,21,22,23,24
0,0.0,0.0,0.0,0.0,0.0,0.0,0.0,0.0,0.0,0.0,0.0,0.0,0.0,0.0,0.0,0.0,0.0,0.0,0.0,0.0,0.0,0.0,0.0,0.0,0.0
1,0.0,0.0,0.0,0.0,0.0,0.0,0.0,0.0,0.0,0.0,0.0,0.0,0.0,0.0,0.0,0.0,0.0,0.0,0.0,0.0,0.0,0.0,0.0,0.0,0.0
2,0.0,0.0,0.0,0.0,0.0,0.0,0.0,0.0,0.0,0.0,0.0,0.0,0.0,0.0,0.0,0.0,0.0,0.0,0.0,0.0,0.0,0.0,0.0,0.0,0.0
3,0.0,0.0,0.0,0.0,0.0,0.0,0.0,0.0,3.4040239332,3.7365950408,2.8573792634,1.3375184773,-0.2532501643,-0.0235959297,1.8370267267,3.2024021048,0.0,0.0,0.0,0.0,0.0,0.0,0.0,0.0,0.0
4,0.0,0.0,0.0,0.0,0.0,0.0,-0.2714161264,1.4463992104,2.9113016507,3.0411361647,1.717333647,-0.3617813445,-2.3302739332,-0.9823825841,3.6188333249,6.8968933224,5.438461019,1.8304340018,0.0,0.0,0.0,0.0,0.0,0.0,0.0
5,0.0,0.0,0.0,0.0,0.0,0.1194800983,-0.0110262386,0.7560059184,2.16625218,2.7005687607,1.8920009245,-0.0538973592,-2.0226604915,-0.0937009271,5.3732031729,9.2774097402,6.886915389,2.389944819,-0.2672187162,0.0,0.0,0.0,0.0,0.0,0.0
6,0.0,0.0,0.0,0.0,1.8708309541,1.7511288162,0.7999448619,-0.5677172643,-0.1177230674,1.7270236799,2.5693187486,1.481404407,-0.3943855839,0.9149775619,5.1701613172,7.6301092829,5.2245420505,0.9302930526,-1.5997860072,-1.4464346884,0.0,0.0,0.0,0.0,0.0
7,0.0,0.0,0.0,0.0,2.7237937398,3.0513973184,0.9801366734,-2.5523176739,-3.1618116085,-0.6154287307,1.4647534325,1.4823254772,0.4338112683,1.6609284011,4.6433191283,5.4511805742,2.7134148291,-1.3916306343,-3.6051412186,-3.2615365929,-2.5314662509,0.0,0.0,0.0,0.0
8,0.0,0.0,0.0,0.5583006765,2.6886819581,3.1052949465,0.6952763529,-3.2786650867,-4.6133388293,-2.7413512913,-0.5287102962,0.0145189203,-0.89776611,0.8940988133,4.7972171107,5.8630524894,2.6945996944,-2.538868026,-4.6387287234,-4.0663263958,-3.0440326821,0.0,0.0,0.0,0.0
9,0.0,0.0,0.0,-0.0123807105,1.0150211692,0.85280087,-0.1780811515,-1.9296014527,-2.864906042,-2.4576290609,-1.2115870001,-0.7060785845,-1.9294705614,0.2533102883,5.4068870769,7.7549267497,4.5522335741,-0.7628144555,-2.6461065035,-2.2329765523,-1.8626302438,-1.7934308634,0.0,0.0,0.0
10,0.0,0.0,-2.5004826029,-2.0414961582,-2.3759906282,-3.1357175887,-2.3412586879,-1.1998142556,-1.1332101312,-1.864055857,-1.6300247674,-0.607392012,-1.1351425519,0.8864292923,5.2807477135,7.5689397143,5.3480641916,1.7017282933,0.979537623,1.1367185315,0.5082502639,-0.4966006357,0.0,0.0,0.0
11,0.0,0.0,-3.3078389019,-3.6159820986,-4.3878208077,-5.3493528746,-4.2663874925,-2.308639427,-2.3276328576,-3.7929616382,-3.7638316043,-1.1208748711,1.3404450378,3.1330916102,5.2298151434,5.6056733799,4.3330433243,3.2916382721,3.8902182571,3.9499623636,2.268103582,0.2809360157,0.0,0.0,0.0
12,0.0,0.0,-2.7482491273,-2.8633148143,-3.0231948465,-3.4415874736,-3.3871856045,-3.0670565686,-5.0095602506,-7.7815144427,-7.7509266389,-3.405273062,1.9510771381,4.0578578641,4.3575956347,3.391615075,2.9844754769,3.7706702599,5.0883039775,4.8221260132,2.4171898369,0.0143428393,0.0,0.0,0.0
13,0.0,0.0,-0.6234117794,0.2469676647,0.8335410521,1.0380770615,0.2269585054,-1.1128080716,-5.2870945077,-9.6874869196,-10.164060506,-5.31065917,0.7034870272,2.7509726327,2.4256838826,1.5385675241,1.9714297549,3.5250016197,4.7578558152,4.1879849587,1.6224475648,-0.5872146718,0.0,0.0,0.0
14,0.0,0.0,1.9699650404,3.229034183,3.1759677977,3.1630332607,2.5665916199,1.2897620217,-3.0083215481,-8.2261517581,-9.4464579007,-5.1853223652,-0.289302699,1.16128609,0.4384383212,0.3025870155,1.6632796136,3.2291051391,3.8896644978,3.0346948631,0.7452766811,-1.0439187088,0.0,0.0,0.0
15,0.0,0.0,0.0,3.0545381059,1.2668004859,0.6120856429,0.2479531992,0.704588507,-1.6831018716,-5.7705946145,-6.7743905332,-3.1855097287,1.6100649754,3.3290840556,2.3014464439,1.5547183338,2.2217620207,2.7412181354,2.6319418599,1.857371946,0.3916952165,-0.9779192962,0.0,0.0,0.0
16,0.0,0.0,0.0,-0.4547216829,-1.6754666963,-1.4700997461,-2.1761182444,-2.4001566055,-3.2104720747,-5.1432577943,-5.1870832835,-2.2224791299,3.2694003373,6.914735604,6.4504975042,4.7738629011,3.2290405238,2.1024629736,1.3385920275,0.8777741613,0.438967963,0.0,0.0,0.0,0.0
17,0.0,0.0,0.0,0.0,-4.0258515428,-2.1864415979,-3.4013716858,-4.9379015629,-6.046063597,-6.0386473288,-5.4720935931,-3.3881324906,2.0283889111,7.1175648934,8.0641629718,6.495201037,3.6966156726,1.8912515076,0.7135592416,0.7111860629,0.7154775465,0.0,0.0,0.0,0.0
18,0.0,0.0,0.0,0.0,-3.9192305341,-0.6000674961,-1.9779850391,-5.3401907851,-7.4154366703,-6.6594930271,-5.408297744,-3.8324283111,0.0473378667,4.1653369884,5.7378636354,4.9486310268,2.8421786613,1.3778997286,0.6048820165,0.9380222068,0.0,0.0,0.0,0.0,0.0
19,0.0,0.0,0.0,0.0,0.0,-0.050571449,-1.2620175183,-4.4509596337,-7.0136199854,-5.9435873287,-3.8854880536,-2.4688799764,-0.8614022556,0.66209669,1.3449906045,0.8603973968,0.121927158,0.0289476617,0.6481511044,0.0,0.0,0.0,0.0,0.0,0.0
20,0.0,0.0,0.0,0.0,0.0,0.0,-0.6235967181,-3.7718420919,-5.7987614574,-4.3942107793,-1.3995771104,-0.0506680701,-0.2554789021,-0.8522361653,-1.5199690319,-2.7364021808,-3.2562598767,-2.482213679,0.0,0.0,0.0,0.0,0.0,0.0,0.0
21,0.0,0.0,0.0,0.0,0.0,0.0,0.0,0.0,-5.1913841273,-2.6551438915,1.0007491103,1.8210015244,0.3587045307,-1.7156020169,-3.36072835,-5.1021606415,-6.2000340452,0.0,0.0,0.0,0.0,0.0,0.0,0.0,0.0
22,0.0,0.0,0.0,0.0,0.0,0.0,0.0,0.0,0.0,0.0,0.0,0.0,0.0,0.0,0.0,0.0,0.0,0.0,0.0,0.0,0.0,0.0,0.0,0.0,0.0
23,0.0,0.0,0.0,0.0,0.0,0.0,0.0,0.0,0.0,0.0,0.0,0.0,0.0,0.0,0.0,0.0,0.0,0.0,0.0,0.0,0.0,0.0,0.0,0.0,0.0
24,0.0,0.0,0.0,0.0,0.0,0.0,0.0,0.0,0.0,0.0,0.0,0.0,0.0,0.0,0.0,0.0,0.0,0.0,0.0,0.0,0.0,0.0,0.0,0.0,0.0
